0,0,0,0,0,0,0,0,0,0,0,0,0,0,0,0,0,0,0,0,0,0,0,0,0,0,0,0,0,0,0,0,0,0,0,0,0,0,0,0,0,0,0,0,0,0,0,0,0,0,0,0,0,0,0,0,0,0,0,0,0,0,0,0,0,0,0,0,0,0,1.5708,1.5708,0,0,0,0,0,0,0,0,0,0,0,0
0,0,0,0,0,0,0,0,0,0,0.24794,0.0438463,-0.000391485,-0.00698562,-0.0158419,9.38516,-0.00698562,-0.0158419,0,0,0,0,0,0,0,0,0,0,0,0,0,0,0,0,0,0,0,0,0,0,0,0,0,0,0,0,0,0,0,0,-0.0413234,-0.00730771,6.52474e-05,0,0,0,3.26237e-06,0,0,0,0,0,0,0,0,0,0,0,0,0,1.5708,1.5708,0,0,0,0,0,0,0,0,0,0,0,0
0,0,0,0,0,0,0,0,0,0,0.0134408,0.122264,0.0386266,-0.0291409,-0.0655012,8.06769,-0.0291409,-0.0655012,0,0,0,0,0,0,0,0,0,0,0,0,0,0,0,0,0,0,0,0,0,0,0,0,0,0,0,0,0,0,0,0,-0.0435635,-0.0276867,-0.0063725,0,0,0,-0.000315363,0,0,0,0,0,0,0,0,0,0,0,0,0,1.5708,1.5708,0,0,0,0,0,0,0,0,0,0,0,0
0,0,0,0,0,0,0,0,0,0,0.0182468,0.0775971,0.0300134,-0.0596845,-0.132172,6.31461,-0.0596845,-0.132172,0,0,0,0,0,0,0,0,0,0,0,0,0,0,0,0,0,0,0,0,0,0,0,0,0,0,0,0,0,0,0,0,-0.0466084,-0.0406274,-0.0113748,0,0,0,-0.000884103,0,0,0,0,0,0,0,0,0,0,0,0,0,1.5708,1.5708,0,0,0,0,0,0,0,0,0,0,0,0
0,0,0,0,0,0,0,0,0,0,0.0183492,0.07846,0.030012,-0.0891453,-0.194472,4.67652,-0.0891453,-0.194472,0,0,0,0,0,0,0,0,0,0,0,0,0,0,0,0,0,0,0,0,0,0,0,0,0,0,0,0,0,0,0,0,-0.0496751,-0.0537204,-0.0163771,0,0,0,-0.00170296,0,0,0,0,0,0,0,0,0,0,0,0,0,1.5708,1.5708,0,0,0,0,0,0,0,0,0,0,0,0
0,0,0,0,0,0,0,0,0,0,0.0181993,0.0790583,0.0294882,-0.117576,-0.253533,3.11588,-0.117576,-0.253533,0,0,0,0,0,0,0,0,0,0,0,0,0,0,0,0,0,0,0,0,0,0,0,0,0,0,0,0,0,0,0,0,-0.0527199,-0.0669221,-0.0212924,0,0,0,-0.00276758,0,0,0,0,0,0,0,0,0,0,0,0,0,1.5708,1.5708,0,0,0,0,0,0,0,0,0,0,0,0
0,0,0,0,0,0,0,0,0,0,0.0193538,0.0803047,0.0300093,-0.146836,-0.313021,1.53554,-0.146836,-0.313021,0,0,0,0,0,0,0,0,0,0,0,0,0,0,0,0,0,0,0,0,0,0,0,0,0,0,0,0,0,0,0,0,-0.0559606,-0.0803414,-0.0262947,0,0,0,-0.00408232,0,0,0,0,0,0,0,0,0,0,0,0,0,1.5708,1.5708,0,0,0,0,0,0,0,0,0,0,0,0
0,0,0,0,0,0,0,0,0,0,0.0201143,0.0784077,0.0293556,-0.169403,-0.356902,0.366019,-0.169403,-0.356902,0,0,0,0,0,0,0,0,0,0,0,0,0,0,0,0,0,0,0,0,0,0,0,0,0,0,0,0,0,0,0,0,-0.0180083,-0.0861484,-0.0312535,0,0,0,-0.00564499,0,0,0,0,0,0,0,0,0,0,0,0,0,1.5708,1.5708,0,0,0,0,0,0,0,0,0,0,0,0
0,0,0,0,0,0,0,0,0,0,0.0194371,0.0774129,0.0298768,-0.176192,-0.367243,0.0907052,-0.176192,-0.367243,0,0,0,0,0,0,0,0,0,0,0,0,0,0,0,0,0,0,0,0,0,0,0,0,0,0,0,0,0,0,0,0,-0.0190305,-0.0787319,-0.0297963,0,0,0,-0.00713481,0,0,0,0,0,0,0,0,0,0,0,0,0,1.5708,1.5708,0,0,0,0,0,0,0,0,0,0,0,0
0,0,0,0,0,0,0,0,0,0,0.0177108,0.0769351,0.0285708,-0.174541,-0.36065,0.251203,-0.174541,-0.36065,0,0,0,0,0,0,0,0,0,0,0,0,0,0,0,0,0,0,0,0,0,0,0,0,0,0,0,0,0,0,0,0,-0.0189653,-0.0786884,-0.0295571,0,0,0,-0.00861266,0,0,0,0,0,0,0,0,0,0,0,0,0,1.5708,1.5708,0,0,0,0,0,0,0,0,0,0,0,0
0,0,0,0,0,0,0,0,0,0,0.0188539,0.0780142,0.0292209,-0.174399,-0.357648,0.295225,-0.174399,-0.357648,0,0,0,0,0,0,0,0,0,0,0,0,0,0,0,0,0,0,0,0,0,0,0,0,0,0,0,0,0,0,0,0,-0.019074,-0.0786884,-0.0294266,0,0,0,-0.010084,0,0,0,0,0,0,0,0,0,0,0,0,0,1.5708,1.5708,0,0,0,0,0,0,0,0,0,0,0,0
0,0,0,0,0,0,0,0,0,0,0.0184307,0.0776459,0.0314378,-0.175092,-0.357172,0.260614,-0.175092,-0.357172,0,0,0,0,0,0,0,0,0,0,0,0,0,0,0,0,0,0,0,0,0,0,0,0,0,0,0,0,0,0,0,0,-0.0191393,-0.0785362,-0.0297528,0,0,0,-0.0115716,0,0,0,0,0,0,0,0,0,0,0,0,0,1.5708,1.5708,0,0,0,0,0,0,0,0,0,0,0,0
0,0,0,0,0,0,0,0,0,0,0.0191773,0.0788361,0.0302619,-0.174648,-0.356489,0.244585,-0.174648,-0.356489,0,0,0,0,0,0,0,0,0,0,0,0,0,0,0,0,0,0,0,0,0,0,0,0,0,0,0,0,0,0,0,0,-0.0191393,-0.0783839,-0.0297963,0,0,0,-0.0130615,0,0,0,0,0,0,0,0,0,0,0,0,0,1.5708,1.5708,0,0,0,0,0,0,0,0,0,0,0,0
0,0,0,0,0,0,0,0,0,0,0.0201819,0.0785831,0.0299987,-0.174267,-0.356219,0.242076,-0.174267,-0.356219,0,0,0,0,0,0,0,0,0,0,0,0,0,0,0,0,0,0,0,0,0,0,0,0,0,0,0,0,0,0,0,0,-0.0191827,-0.0785144,-0.0299051,0,0,0,-0.0145567,0,0,0,0,0,0,0,0,0,0,0,0,0,1.5708,1.5708,0,0,0,0,0,0,0,0,0,0,0,0
0,0,0,0,0,0,0,0,0,0,0.0172703,0.0774093,0.028691,-0.174869,-0.355986,0.237081,-0.174869,-0.355986,0,0,0,0,0,0,0,0,0,0,0,0,0,0,0,0,0,0,0,0,0,0,0,0,0,0,0,0,0,0,0,0,-0.0188565,-0.0786232,-0.0297093,0,0,0,-0.0160422,0,0,0,0,0,0,0,0,0,0,0,0,0,1.5708,1.5708,0,0,0,0,0,0,0,0,0,0,0,0
0,0,0,0,0,0,0,0,0,0,0.017489,0.077924,0.0285588,-0.175431,-0.356091,0.230116,-0.175431,-0.356091,0,0,0,0,0,0,0,0,0,0,0,0,0,0,0,0,0,0,0,0,0,0,0,0,0,0,0,0,0,0,0,0,-0.0188565,-0.0789059,-0.0297093,0,0,0,-0.0175276,0,0,0,0,0,0,0,0,0,0,0,0,0,1.5708,1.5708,0,0,0,0,0,0,0,0,0,0,0,0
0,0,0,0,0,0,0,0,0,0,0.0180971,0.0797346,0.0305151,-0.175474,-0.357095,0.223608,-0.175474,-0.357095,0,0,0,0,0,0,0,0,0,0,0,0,0,0,0,0,0,0,0,0,0,0,0,0,0,0,0,0,0,0,0,0,-0.0187695,-0.0793191,-0.0299268,0,0,0,-0.019024,0,0,0,0,0,0,0,0,0,0,0,0,0,1.5708,1.5708,0,0,0,0,0,0,0,0,0,0,0,0
0,0,0,0,0,0,0,0,0,0,0.0171367,0.0786659,0.0301215,-0.175816,-0.3581,0.217817,-0.175816,-0.3581,0,0,0,0,0,0,0,0,0,0,0,0,0,0,0,0,0,0,0,0,0,0,0,0,0,0,0,0,0,0,0,0,-0.0185955,-0.0796236,-0.0297093,0,0,0,-0.0205094,0,0,0,0,0,0,0,0,0,0,0,0,0,1.5708,1.5708,0,0,0,0,0,0,0,0,0,0,0,0
0,0,0,0,0,0,0,0,0,0,0.0176099,0.0788921,0.0297278,-0.17651,-0.358922,0.212182,-0.17651,-0.358922,0,0,0,0,0,0,0,0,0,0,0,0,0,0,0,0,0,0,0,0,0,0,0,0,0,0,0,0,0,0,0,0,-0.018378,-0.0797759,-0.0296223,0,0,0,-0.0219906,0,0,0,0,0,0,0,0,0,0,0,0,0,1.5708,1.5708,0,0,0,0,0,0,0,0,0,0,0,0
0,0,0,0,0,0,0,0,0,0,0.0180808,0.0783275,0.0295945,-0.176744,-0.359918,0.206278,-0.176744,-0.359918,0,0,0,0,0,0,0,0,0,0,0,0,0,0,0,0,0,0,0,0,0,0,0,0,0,0,0,0,0,0,0,0,-0.0180735,-0.0798846,-0.0295571,0,0,0,-0.0234684,0,0,0,0,0,0,0,0,0,0,0,0,0,1.5708,1.5708,0,0,0,0,0,0,0,0,0,0,0,0
0,0,0,0,0,0,0,0,0,0,0.0193315,0.0781489,0.0302447,-0.176478,-0.359982,0.200931,-0.176478,-0.359982,0,0,0,0,0,0,0,0,0,0,0,0,0,0,0,0,0,0,0,0,0,0,0,0,0,0,0,0,0,0,0,0,-0.018465,-0.0801674,-0.0298181,0,0,0,-0.0249593,0,0,0,0,0,0,0,0,0,0,0,0,0,1.5708,1.5708,0,0,0,0,0,0,0,0,0,0,0,0
0,0,0,0,0,0,0,0,0,0,0.0184915,0.0769166,0.0294599,-0.176351,-0.358817,0.196011,-0.176351,-0.358817,0,0,0,0,0,0,0,0,0,0,0,0,0,0,0,0,0,0,0,0,0,0,0,0,0,0,0,0,0,0,0,0,-0.0186825,-0.0801674,-0.0299703,0,0,0,-0.0264578,0,0,0,0,0,0,0,0,0,0,0,0,0,1.5708,1.5708,0,0,0,0,0,0,0,0,0,0,0,0
0,0,0,0,0,0,0,0,0,0,0.0179105,0.0788063,0.0299801,-0.176396,-0.358339,0.19041,-0.176396,-0.358339,0,0,0,0,0,0,0,0,0,0,0,0,0,0,0,0,0,0,0,0,0,0,0,0,0,0,0,0,0,0,0,0,-0.0187043,-0.0801891,-0.0298833,0,0,0,-0.027952,0,0,0,0,0,0,0,0,0,0,0,0,0,1.5708,1.5708,0,0,0,0,0,0,0,0,0,0,0,0
0,0,0,0,0,0,0,0,0,0,0.0182394,0.0765162,0.0301095,-0.176447,-0.358977,0.18497,-0.176447,-0.358977,0,0,0,0,0,0,0,0,0,0,0,0,0,0,0,0,0,0,0,0,0,0,0,0,0,0,0,0,0,0,0,0,-0.0189435,-0.0800151,-0.0298833,0,0,0,-0.0294462,0,0,0,0,0,0,0,0,0,0,0,0,0,1.5708,1.5708,0,0,0,0,0,0,0,0,0,0,0,0
0,0,0,0,0,0,0,0,0,0,0.0166099,0.0760443,0.0301074,-0.176586,-0.358825,0.180728,-0.176586,-0.358825,0,0,0,0,0,0,0,0,0,0,0,0,0,0,0,0,0,0,0,0,0,0,0,0,0,0,0,0,0,0,0,0,-0.0188348,-0.0797324,-0.0299486,0,0,0,-0.0309436,0,0,0,0,0,0,0,0,0,0,0,0,0,1.5708,1.5708,0,0,0,0,0,0,0,0,0,0,0,0
0,0,0,0,0,0,0,0,0,0,0.0192843,0.0763472,0.0303658,-0.176518,-0.357605,0.176722,-0.176518,-0.357605,0,0,0,0,0,0,0,0,0,0,0,0,0,0,0,0,0,0,0,0,0,0,0,0,0,0,0,0,0,0,0,0,-0.0190958,-0.0796019,-0.0300791,0,0,0,-0.0324476,0,0,0,0,0,0,0,0,0,0,0,0,0,1.5708,1.5708,0,0,0,0,0,0,0,0,0,0,0,0
0,0,0,0,0,0,0,0,0,0,0.0185628,0.0754674,0.0295808,-0.175822,-0.357748,0.172656,-0.175822,-0.357748,0,0,0,0,0,0,0,0,0,0,0,0,0,0,0,0,0,0,0,0,0,0,0,0,0,0,0,0,0,0,0,0,-0.0190305,-0.0793626,-0.0299703,0,0,0,-0.0339461,0,0,0,0,0,0,0,0,0,0,0,0,0,1.5708,1.5708,0,0,0,0,0,0,0,0,0,0,0,0
0,0,0,0,0,0,0,0,0,0,0.0166621,0.076019,0.0304919,-0.174636,-0.358513,0.169427,-0.174636,-0.358513,0,0,0,0,0,0,0,0,0,0,0,0,0,0,0,0,0,0,0,0,0,0,0,0,0,0,0,0,0,0,0,0,-0.0187913,-0.0794279,-0.0301443,0,0,0,-0.0354533,0,0,0,0,0,0,0,0,0,0,0,0,0,1.5708,1.5708,0,0,0,0,0,0,0,0,0,0,0,0
0,0,0,0,0,0,0,0,0,0,0.0173687,0.0756487,0.0295765,-0.173849,-0.357699,0.166267,-0.173849,-0.357699,0,0,0,0,0,0,0,0,0,0,0,0,0,0,0,0,0,0,0,0,0,0,0,0,0,0,0,0,0,0,0,0,-0.0187695,-0.0791234,-0.0300791,0,0,0,-0.0369572,0,0,0,0,0,0,0,0,0,0,0,0,0,1.5708,1.5708,0,0,0,0,0,0,0,0,0,0,0,0
0,0,0,0,0,0,0,0,0,0,0.0185972,0.0757901,0.0300968,-0.173673,-0.356866,0.162056,-0.173673,-0.356866,0,0,0,0,0,0,0,0,0,0,0,0,0,0,0,0,0,0,0,0,0,0,0,0,0,0,0,0,0,0,0,0,-0.0189,-0.0792321,-0.0300791,0,0,0,-0.0384612,0,0,0,0,0,0,0,0,0,0,0,0,0,1.5708,1.5708,0,0,0,0,0,0,0,0,0,0,0,0
0,0,0,0,0,0,0,0,0,0,0.0183881,0.0755356,0.0293114,-0.173018,-0.357064,0.157951,-0.173018,-0.357064,0,0,0,0,0,0,0,0,0,0,0,0,0,0,0,0,0,0,0,0,0,0,0,0,0,0,0,0,0,0,0,0,-0.0192697,-0.0793844,-0.0299486,0,0,0,-0.0399586,0,0,0,0,0,0,0,0,0,0,0,0,0,1.5708,1.5708,0,0,0,0,0,0,0,0,0,0,0,0
0,0,0,0,0,0,0,0,0,0,0.0181765,0.0735769,0.0311359,-0.172201,-0.357003,0.154611,-0.172201,-0.357003,0,0,0,0,0,0,0,0,0,0,0,0,0,0,0,0,0,0,0,0,0,0,0,0,0,0,0,0,0,0,0,0,-0.019161,-0.0791669,-0.0300791,0,0,0,-0.0414626,0,0,0,0,0,0,0,0,0,0,0,0,0,1.5708,1.5708,0,0,0,0,0,0,0,0,0,0,0,0
0,0,0,0,0,0,0,0,0,0,0.0170496,0.0742184,0.0298292,-0.172781,-0.356092,0.150288,-0.172781,-0.356092,0,0,0,0,0,0,0,0,0,0,0,0,0,0,0,0,0,0,0,0,0,0,0,0,0,0,0,0,0,0,0,0,-0.018987,-0.0792104,-0.0301226,0,0,0,-0.0429687,0,0,0,0,0,0,0,0,0,0,0,0,0,1.5708,1.5708,0,0,0,0,0,0,0,0,0,0,0,0
0,0,0,0,0,0,0,0,0,0,0.0165733,0.0758986,0.028784,-0.174207,-0.356395,0.145366,-0.174207,-0.356395,0,0,0,0,0,0,0,0,0,0,0,0,0,0,0,0,0,0,0,0,0,0,0,0,0,0,0,0,0,0,0,0,-0.0190523,-0.0794496,-0.0298398,0,0,0,-0.0444607,0,0,0,0,0,0,0,0,0,0,0,0,0,1.5708,1.5708,0,0,0,0,0,0,0,0,0,0,0,0
0,0,0,0,0,0,0,0,0,0,0.0155733,0.0731374,0.0306077,-0.174838,-0.357895,0.142542,-0.174838,-0.357895,0,0,0,0,0,0,0,0,0,0,0,0,0,0,0,0,0,0,0,0,0,0,0,0,0,0,0,0,0,0,0,0,-0.0188348,-0.0792974,-0.0300138,0,0,0,-0.0459614,0,0,0,0,0,0,0,0,0,0,0,0,0,1.5708,1.5708,0,0,0,0,0,0,0,0,0,0,0,0
0,0,0,0,0,0,0,0,0,0,0.0170495,0.0754604,0.0312577,-0.174711,-0.358662,0.141223,-0.174711,-0.358662,0,0,0,0,0,0,0,0,0,0,0,0,0,0,0,0,0,0,0,0,0,0,0,0,0,0,0,0,0,0,0,0,-0.0186608,-0.0795149,-0.0302096,0,0,0,-0.0474719,0,0,0,0,0,0,0,0,0,0,0,0,0,1.5708,1.5708,0,0,0,0,0,0,0,0,0,0,0,0
0,0,0,0,0,0,0,0,0,0,0.0177408,0.0743825,0.0315168,-0.174807,-0.359427,0.13896,-0.174807,-0.359427,0,0,0,0,0,0,0,0,0,0,0,0,0,0,0,0,0,0,0,0,0,0,0,0,0,0,0,0,0,0,0,0,-0.018639,-0.0796019,-0.0305793,0,0,0,-0.0490008,0,0,0,0,0,0,0,0,0,0,0,0,0,1.5708,1.5708,0,0,0,0,0,0,0,0,0,0,0,0
0,0,0,0,0,0,0,0,0,0,0.0179077,0.0730376,0.0304702,-0.175326,-0.360436,0.136176,-0.175326,-0.360436,0,0,0,0,0,0,0,0,0,0,0,0,0,0,0,0,0,0,0,0,0,0,0,0,0,0,0,0,0,0,0,0,-0.0186825,-0.0797976,-0.0304706,0,0,0,-0.0505244,0,0,0,0,0,0,0,0,0,0,0,0,0,1.5708,1.5708,0,0,0,0,0,0,0,0,0,0,0,0
0,0,0,0,0,0,0,0,0,0,0.0148101,0.0748174,0.0303363,-0.175485,-0.361006,0.134781,-0.175485,-0.361006,0,0,0,0,0,0,0,0,0,0,0,0,0,0,0,0,0,0,0,0,0,0,0,0,0,0,0,0,0,0,0,0,-0.0183998,-0.0801891,-0.0305576,0,0,0,-0.0520522,0,0,0,0,0,0,0,0,0,0,0,0,0,1.5708,1.5708,0,0,0,0,0,0,0,0,0,0,0,0
0,0,0,0,0,0,0,0,0,0,0.0144516,0.0745022,0.030856,-0.175454,-0.360482,0.13409,-0.175454,-0.360482,0,0,0,0,0,0,0,0,0,0,0,0,0,0,0,0,0,0,0,0,0,0,0,0,0,0,0,0,0,0,0,0,-0.0181388,-0.0802544,-0.0309055,0,0,0,-0.0535975,0,0,0,0,0,0,0,0,0,0,0,0,0,1.5708,1.5708,0,0,0,0,0,0,0,0,0,0,0,0
0,0,0,0,0,0,0,0,0,0,0.0161789,0.0720938,0.0305925,-0.175865,-0.3598,0.132546,-0.175865,-0.3598,0,0,0,0,0,0,0,0,0,0,0,0,0,0,0,0,0,0,0,0,0,0,0,0,0,0,0,0,0,0,0,0,-0.0183345,-0.0803849,-0.0309055,0,0,0,-0.0551428,0,0,0,0,0,0,0,0,0,0,0,0,0,1.5708,1.5708,0,0,0,0,0,0,0,0,0,0,0,0
0,0,0,0,0,0,0,0,0,0,0.016339,0.0716366,0.0298078,-0.176017,-0.359919,0.130911,-0.176017,-0.359919,0,0,0,0,0,0,0,0,0,0,0,0,0,0,0,0,0,0,0,0,0,0,0,0,0,0,0,0,0,0,0,0,-0.0183128,-0.0800586,-0.0306663,0,0,0,-0.0566761,0,0,0,0,0,0,0,0,0,0,0,0,0,1.5708,1.5708,0,0,0,0,0,0,0,0,0,0,0,0
0,0,0,0,0,0,0,0,0,0,0.0166276,0.0724785,0.0301964,-0.176063,-0.359539,0.129978,-0.176063,-0.359539,0,0,0,0,0,0,0,0,0,0,0,0,0,0,0,0,0,0,0,0,0,0,0,0,0,0,0,0,0,0,0,0,-0.0182258,-0.0800586,-0.0304488,0,0,0,-0.0581985,0,0,0,0,0,0,0,0,0,0,0,0,0,1.5708,1.5708,0,0,0,0,0,0,0,0,0,0,0,0
0,0,0,0,0,0,0,0,0,0,0.016652,0.0720101,0.0311087,-0.176066,-0.358963,0.128738,-0.176066,-0.358963,0,0,0,0,0,0,0,0,0,0,0,0,0,0,0,0,0,0,0,0,0,0,0,0,0,0,0,0,0,0,0,0,-0.018117,-0.0802109,-0.0305576,0,0,0,-0.0597264,0,0,0,0,0,0,0,0,0,0,0,0,0,1.5708,1.5708,0,0,0,0,0,0,0,0,0,0,0,0
0,0,0,0,0,0,0,0,0,0,0.0148487,0.071272,0.0300617,-0.175503,-0.358999,0.126736,-0.175503,-0.358999,0,0,0,0,0,0,0,0,0,0,0,0,0,0,0,0,0,0,0,0,0,0,0,0,0,0,0,0,0,0,0,0,-0.0182258,-0.0799499,-0.0305141,0,0,0,-0.0612521,0,0,0,0,0,0,0,0,0,0,0,0,0,1.5708,1.5708,0,0,0,0,0,0,0,0,0,0,0,0
0,0,0,0,0,0,0,0,0,0,0.0161736,0.070922,0.0299282,-0.174918,-0.359624,0.125136,-0.174918,-0.359624,0,0,0,0,0,0,0,0,0,0,0,0,0,0,0,0,0,0,0,0,0,0,0,0,0,0,0,0,0,0,0,0,-0.0186173,-0.0796889,-0.0303618,0,0,0,-0.0627702,0,0,0,0,0,0,0,0,0,0,0,0,0,1.5708,1.5708,0,0,0,0,0,0,0,0,0,0,0,0
0,0,0,0,0,0,0,0,0,0,0.0156713,0.0712187,0.0307084,-0.174342,-0.359852,0.12282,-0.174342,-0.359852,0,0,0,0,0,0,0,0,0,0,0,0,0,0,0,0,0,0,0,0,0,0,0,0,0,0,0,0,0,0,0,0,-0.018639,-0.0798846,-0.0303836,0,0,0,-0.0642894,0,0,0,0,0,0,0,0,0,0,0,0,0,1.5708,1.5708,0,0,0,0,0,0,0,0,0,0,0,0
0,0,0,0,0,0,0,0,0,0,0.01595,0.0715093,0.0294005,-0.173595,-0.359891,0.118652,-0.173595,-0.359891,0,0,0,0,0,0,0,0,0,0,0,0,0,0,0,0,0,0,0,0,0,0,0,0,0,0,0,0,0,0,0,0,-0.0186825,-0.0802109,-0.0303183,0,0,0,-0.0658053,0,0,0,0,0,0,0,0,0,0,0,0,0,1.5708,1.5708,0,0,0,0,0,0,0,0,0,0,0,0
0,0,0,0,0,0,0,0,0,0,0.0158347,0.0720545,0.0299179,-0.173518,-0.360729,0.114899,-0.173518,-0.360729,0,0,0,0,0,0,0,0,0,0,0,0,0,0,0,0,0,0,0,0,0,0,0,0,0,0,0,0,0,0,0,0,-0.0186608,-0.0804936,-0.0302748,0,0,0,-0.0673191,0,0,0,0,0,0,0,0,0,0,0,0,0,1.5708,1.5708,0,0,0,0,0,0,0,0,0,0,0,0
0,0,0,0,0,0,0,0,0,0,0.0157184,0.0709002,0.0299145,-0.174582,-0.361277,0.112574,-0.174582,-0.361277,0,0,0,0,0,0,0,0,0,0,0,0,0,0,0,0,0,0,0,0,0,0,0,0,0,0,0,0,0,0,0,0,-0.0186173,-0.0806676,-0.0300791,0,0,0,-0.068823,0,0,0,0,0,0,0,0,0,0,0,0,0,1.5708,1.5708,0,0,0,0,0,0,0,0,0,0,0,0
0,0,0,0,0,0,0,0,0,0,0.0154729,0.0683023,0.0306951,-0.175735,-0.361192,0.111201,-0.175735,-0.361192,0,0,0,0,0,0,0,0,0,0,0,0,0,0,0,0,0,0,0,0,0,0,0,0,0,0,0,0,0,0,0,0,-0.0188348,-0.0805371,-0.0301878,0,0,0,-0.0703324,0,0,0,0,0,0,0,0,0,0,0,0,0,1.5708,1.5708,0,0,0,0,0,0,0,0,0,0,0,0
0,0,0,0,0,0,0,0,0,0,0.0154846,0.070137,0.0292567,-0.175494,-0.360513,0.110431,-0.175494,-0.360513,0,0,0,0,0,0,0,0,0,0,0,0,0,0,0,0,0,0,0,0,0,0,0,0,0,0,0,0,0,0,0,0,-0.0188348,-0.0807763,-0.0300791,0,0,0,-0.0718364,0,0,0,0,0,0,0,0,0,0,0,0,0,1.5708,1.5708,0,0,0,0,0,0,0,0,0,0,0,0
0,0,0,0,0,0,0,0,0,0,0.0140574,0.0694865,0.0312108,-0.174595,-0.360119,0.109906,-0.174595,-0.360119,0,0,0,0,0,0,0,0,0,0,0,0,0,0,0,0,0,0,0,0,0,0,0,0,0,0,0,0,0,0,0,0,-0.0186825,-0.0808633,-0.0301661,0,0,0,-0.0733447,0,0,0,0,0,0,0,0,0,0,0,0,0,1.5708,1.5708,0,0,0,0,0,0,0,0,0,0,0,0
0,0,0,0,0,0,0,0,0,0,0.0158891,0.0696163,0.0304238,-0.174753,-0.359124,0.109308,-0.174753,-0.359124,0,0,0,0,0,0,0,0,0,0,0,0,0,0,0,0,0,0,0,0,0,0,0,0,0,0,0,0,0,0,0,0,-0.0187913,-0.0809286,-0.0303401,0,0,0,-0.0748617,0,0,0,0,0,0,0,0,0,0,0,0,0,1.5708,1.5708,0,0,0,0,0,0,0,0,0,0,0,0
0,0,0,0,0,0,0,0,0,0,0.016416,0.0686951,0.0315941,-0.175112,-0.357555,0.108492,-0.175112,-0.357555,0,0,0,0,0,0,0,0,0,0,0,0,0,0,0,0,0,0,0,0,0,0,0,0,0,0,0,0,0,0,0,0,-0.0190088,-0.0807546,-0.0306228,0,0,0,-0.0763928,0,0,0,0,0,0,0,0,0,0,0,0,0,1.5708,1.5708,0,0,0,0,0,0,0,0,0,0,0,0
0,0,0,0,0,0,0,0,0,0,0.0152471,0.0689423,0.0308079,-0.174646,-0.35758,0.107542,-0.174646,-0.35758,0,0,0,0,0,0,0,0,0,0,0,0,0,0,0,0,0,0,0,0,0,0,0,0,0,0,0,0,0,0,0,0,-0.0190523,-0.0808198,-0.030775,0,0,0,-0.0779316,0,0,0,0,0,0,0,0,0,0,0,0,0,1.5708,1.5708,0,0,0,0,0,0,0,0,0,0,0,0
0,0,0,0,0,0,0,0,0,0,0.0143371,0.0667085,0.0296294,-0.174322,-0.358434,0.105198,-0.174322,-0.358434,0,0,0,0,0,0,0,0,0,0,0,0,0,0,0,0,0,0,0,0,0,0,0,0,0,0,0,0,0,0,0,0,-0.018987,-0.0809503,-0.0306011,0,0,0,-0.0794616,0,0,0,0,0,0,0,0,0,0,0,0,0,1.5708,1.5708,0,0,0,0,0,0,0,0,0,0,0,0
0,0,0,0,0,0,0,0,0,0,0.0132941,0.0664281,0.0293642,-0.175191,-0.358926,0.102029,-0.175191,-0.358926,0,0,0,0,0,0,0,0,0,0,0,0,0,0,0,0,0,0,0,0,0,0,0,0,0,0,0,0,0,0,0,0,-0.0187478,-0.0807328,-0.0306228,0,0,0,-0.0809927,0,0,0,0,0,0,0,0,0,0,0,0,0,1.5708,1.5708,0,0,0,0,0,0,0,0,0,0,0,0
0,0,0,0,0,0,0,0,0,0,0.0131634,0.0662724,0.0284462,-0.176532,-0.358604,0.100882,-0.176532,-0.358604,0,0,0,0,0,0,0,0,0,0,0,0,0,0,0,0,0,0,0,0,0,0,0,0,0,0,0,0,0,0,0,0,-0.018726,-0.0806023,-0.0301661,0,0,0,-0.082501,0,0,0,0,0,0,0,0,0,0,0,0,0,1.5708,1.5708,0,0,0,0,0,0,0,0,0,0,0,0
0,0,0,0,0,0,0,0,0,0,0.0144675,0.0654585,0.0302692,-0.177348,-0.359397,0.101163,-0.177348,-0.359397,0,0,0,0,0,0,0,0,0,0,0,0,0,0,0,0,0,0,0,0,0,0,0,0,0,0,0,0,0,0,0,0,-0.0186173,-0.0803196,-0.0301443,0,0,0,-0.0840083,0,0,0,0,0,0,0,0,0,0,0,0,0,1.5708,1.5708,0,0,0,0,0,0,0,0,0,0,0,0
0,0,0,0,0,0,0,0,0,0,0.0145955,0.0643817,0.0303961,-0.176767,-0.360855,0.0998102,-0.176767,-0.360855,0,0,0,0,0,0,0,0,0,0,0,0,0,0,0,0,0,0,0,0,0,0,0,0,0,0,0,0,0,0,0,0,-0.0184433,-0.0800151,-0.0299486,0,0,0,-0.0855057,0,0,0,0,0,0,0,0,0,0,0,0,0,1.5708,1.5708,0,0,0,0,0,0,0,0,0,0,0,0
0,0,0,0,0,0,0,0,0,0,0.0148512,0.0657796,0.0300005,-0.175282,-0.361011,0.0973653,-0.175282,-0.361011,0,0,0,0,0,0,0,0,0,0,0,0,0,0,0,0,0,0,0,0,0,0,0,0,0,0,0,0,0,0,0,0,-0.0185085,-0.0799064,-0.0298181,0,0,0,-0.0869966,0,0,0,0,0,0,0,0,0,0,0,0,0,1.5708,1.5708,0,0,0,0,0,0,0,0,0,0,0,0
0,0,0,0,0,0,0,0,0,0,0.0134071,0.065086,0.0307807,-0.174827,-0.360732,0.0961943,-0.174827,-0.360732,0,0,0,0,0,0,0,0,0,0,0,0,0,0,0,0,0,0,0,0,0,0,0,0,0,0,0,0,0,0,0,0,-0.0184868,-0.0800586,-0.0300138,0,0,0,-0.0884973,0,0,0,0,0,0,0,0,0,0,0,0,0,1.5708,1.5708,0,0,0,0,0,0,0,0,0,0,0,0
0,0,0,0,0,0,0,0,0,0,0.013268,0.0654342,0.0305166,-0.175023,-0.361085,0.0953278,-0.175023,-0.361085,0,0,0,0,0,0,0,0,0,0,0,0,0,0,0,0,0,0,0,0,0,0,0,0,0,0,0,0,0,0,0,0,-0.0186173,-0.0803196,-0.0302096,0,0,0,-0.0900078,0,0,0,0,0,0,0,0,0,0,0,0,0,1.5708,1.5708,0,0,0,0,0,0,0,0,0,0,0,0
0,0,0,0,0,0,0,0,0,0,0.0115634,0.0643425,0.0309055,-0.174604,-0.361922,0.0937749,-0.174604,-0.361922,0,0,0,0,0,0,0,0,0,0,0,0,0,0,0,0,0,0,0,0,0,0,0,0,0,0,0,0,0,0,0,0,-0.0184868,-0.0804284,-0.0306228,0,0,0,-0.0915389,0,0,0,0,0,0,0,0,0,0,0,0,0,1.5708,1.5708,0,0,0,0,0,0,0,0,0,0,0,0
0,0,0,0,0,0,0,0,0,0,0.0128575,0.0628552,0.0306401,-0.173811,-0.361306,0.0924037,-0.173811,-0.361306,0,0,0,0,0,0,0,0,0,0,0,0,0,0,0,0,0,0,0,0,0,0,0,0,0,0,0,0,0,0,0,0,-0.0183563,-0.0804284,-0.030688,0,0,0,-0.0930733,0,0,0,0,0,0,0,0,0,0,0,0,0,1.5708,1.5708,0,0,0,0,0,0,0,0,0,0,0,0
0,0,0,0,0,0,0,0,0,0,0.0133679,0.0630574,0.0307666,-0.174116,-0.360227,0.0911795,-0.174116,-0.360227,0,0,0,0,0,0,0,0,0,0,0,0,0,0,0,0,0,0,0,0,0,0,0,0,0,0,0,0,0,0,0,0,-0.018291,-0.0806458,-0.0307533,0,0,0,-0.094611,0,0,0,0,0,0,0,0,0,0,0,0,0,1.5708,1.5708,0,0,0,0,0,0,0,0,0,0,0,0
0,0,0,0,0,0,0,0,0,0,0.0117899,0.0611685,0.0299791,-0.174749,-0.360041,0.089778,-0.174749,-0.360041,0,0,0,0,0,0,0,0,0,0,0,0,0,0,0,0,0,0,0,0,0,0,0,0,0,0,0,0,0,0,0,0,-0.0179213,-0.0803196,-0.0307533,0,0,0,-0.0961486,0,0,0,0,0,0,0,0,0,0,0,0,0,1.5708,1.5708,0,0,0,0,0,0,0,0,0,0,0,0
0,0,0,0,0,0,0,0,0,0,0.0133404,0.0614981,0.0306271,-0.174258,-0.360109,0.0884097,-0.174258,-0.360109,0,0,0,0,0,0,0,0,0,0,0,0,0,0,0,0,0,0,0,0,0,0,0,0,0,0,0,0,0,0,0,0,-0.0180518,-0.0801674,-0.0307315,0,0,0,-0.0976852,0,0,0,0,0,0,0,0,0,0,0,0,0,1.5708,1.5708,0,0,0,0,0,0,0,0,0,0,0,0
0,0,0,0,0,0,0,0,0,0,0.0141081,0.061039,0.0295787,-0.173361,-0.359527,0.0866041,-0.173361,-0.359527,0,0,0,0,0,0,0,0,0,0,0,0,0,0,0,0,0,0,0,0,0,0,0,0,0,0,0,0,0,0,0,0,-0.0183345,-0.0798846,-0.0305793,0,0,0,-0.0992142,0,0,0,0,0,0,0,0,0,0,0,0,0,1.5708,1.5708,0,0,0,0,0,0,0,0,0,0,0,0
0,0,0,0,0,0,0,0,0,0,0.0126554,0.0612302,0.0306189,-0.173123,-0.35896,0.0841791,-0.173123,-0.35896,0,0,0,0,0,0,0,0,0,0,0,0,0,0,0,0,0,0,0,0,0,0,0,0,0,0,0,0,0,0,0,0,-0.0186608,-0.0798194,-0.0305358,0,0,0,-0.100741,0,0,0,0,0,0,0,0,0,0,0,0,0,1.5708,1.5708,0,0,0,0,0,0,0,0,0,0,0,0
0,0,0,0,0,0,0,0,0,0,0.0125077,0.0607636,0.0294401,-0.173307,-0.359557,0.0818583,-0.173307,-0.359557,0,0,0,0,0,0,0,0,0,0,0,0,0,0,0,0,0,0,0,0,0,0,0,0,0,0,0,0,0,0,0,0,-0.0187478,-0.0799281,-0.0303401,0,0,0,-0.102258,0,0,0,0,0,0,0,0,0,0,0,0,0,1.5708,1.5708,0,0,0,0,0,0,0,0,0,0,0,0
0,0,0,0,0,0,0,0,0,0,0.0137938,0.0610792,0.0298281,-0.172909,-0.359274,0.0796438,-0.172909,-0.359274,0,0,0,0,0,0,0,0,0,0,0,0,0,0,0,0,0,0,0,0,0,0,0,0,0,0,0,0,0,0,0,0,-0.0189653,-0.0800586,-0.0301878,0,0,0,-0.103767,0,0,0,0,0,0,0,0,0,0,0,0,0,1.5708,1.5708,0,0,0,0,0,0,0,0,0,0,0,0
0,0,0,0,0,0,0,0,0,0,0.014165,0.060606,0.0302143,-0.17241,-0.358236,0.077733,-0.17241,-0.358236,0,0,0,0,0,0,0,0,0,0,0,0,0,0,0,0,0,0,0,0,0,0,0,0,0,0,0,0,0,0,0,0,-0.019509,-0.0804284,-0.0302313,0,0,0,-0.105279,0,0,0,0,0,0,0,0,0,0,0,0,0,1.5708,1.5708,0,0,0,0,0,0,0,0,0,0,0,0
0,0,0,0,0,0,0,0,0,0,0.0124461,0.0585636,0.0304705,-0.171514,-0.357729,0.0763884,-0.171514,-0.357729,0,0,0,0,0,0,0,0,0,0,0,0,0,0,0,0,0,0,0,0,0,0,0,0,0,0,0,0,0,0,0,0,-0.019509,-0.0804066,-0.0302096,0,0,0,-0.106789,0,0,0,0,0,0,0,0,0,0,0,0,0,1.5708,1.5708,0,0,0,0,0,0,0,0,0,0,0,0
0,0,0,0,0,0,0,0,0,0,0.0129432,0.0595231,0.0298123,-0.170781,-0.358287,0.0753718,-0.170781,-0.358287,0,0,0,0,0,0,0,0,0,0,0,0,0,0,0,0,0,0,0,0,0,0,0,0,0,0,0,0,0,0,0,0,-0.0194655,-0.0806241,-0.0302531,0,0,0,-0.108302,0,0,0,0,0,0,0,0,0,0,0,0,0,1.5708,1.5708,0,0,0,0,0,0,0,0,0,0,0,0
0,0,0,0,0,0,0,0,0,0,0.012527,0.0590453,0.0301991,-0.171022,-0.35931,0.0738487,-0.171022,-0.35931,0,0,0,0,0,0,0,0,0,0,0,0,0,0,0,0,0,0,0,0,0,0,0,0,0,0,0,0,0,0,0,0,-0.019596,-0.0807328,-0.0301878,0,0,0,-0.109811,0,0,0,0,0,0,0,0,0,0,0,0,0,1.5708,1.5708,0,0,0,0,0,0,0,0,0,0,0,0
0,0,0,0,0,0,0,0,0,0,0.0123732,0.0594772,0.0301933,-0.171265,-0.359389,0.0718895,-0.171265,-0.359389,0,0,0,0,0,0,0,0,0,0,0,0,0,0,0,0,0,0,0,0,0,0,0,0,0,0,0,0,0,0,0,0,-0.0197265,-0.0809938,-0.0303183,0,0,0,-0.111327,0,0,0,0,0,0,0,0,0,0,0,0,0,1.5708,1.5708,0,0,0,0,0,0,0,0,0,0,0,0
0,0,0,0,0,0,0,0,0,0,0.0110434,0.0579477,0.0317557,-0.17134,-0.359711,0.0712739,-0.17134,-0.359711,0,0,0,0,0,0,0,0,0,0,0,0,0,0,0,0,0,0,0,0,0,0,0,0,0,0,0,0,0,0,0,0,-0.019422,-0.0809503,-0.0306446,0,0,0,-0.11286,0,0,0,0,0,0,0,0,0,0,0,0,0,1.5708,1.5708,0,0,0,0,0,0,0,0,0,0,0,0
0,0,0,0,0,0,0,0,0,0,0.0110171,0.0566757,0.0296634,-0.172146,-0.360545,0.0714639,-0.172146,-0.360545,0,0,0,0,0,0,0,0,0,0,0,0,0,0,0,0,0,0,0,0,0,0,0,0,0,0,0,0,0,0,0,0,-0.0190523,-0.0807763,-0.0305576,0,0,0,-0.114387,0,0,0,0,0,0,0,0,0,0,0,0,0,1.5708,1.5708,0,0,0,0,0,0,0,0,0,0,0,0
0,0,0,0,0,0,0,0,0,0,0.0121658,0.0565759,0.0290064,-0.173624,-0.361133,0.0708973,-0.173624,-0.361133,0,0,0,0,0,0,0,0,0,0,0,0,0,0,0,0,0,0,0,0,0,0,0,0,0,0,0,0,0,0,0,0,-0.019161,-0.0809286,-0.0303183,0,0,0,-0.115903,0,0,0,0,0,0,0,0,0,0,0,0,0,1.5708,1.5708,0,0,0,0,0,0,0,0,0,0,0,0
0,0,0,0,0,0,0,0,0,0,0.0118771,0.0579121,0.0300447,-0.174187,-0.36096,0.0700755,-0.174187,-0.36096,0,0,0,0,0,0,0,0,0,0,0,0,0,0,0,0,0,0,0,0,0,0,0,0,0,0,0,0,0,0,0,0,-0.0191393,-0.0811461,-0.0303618,0,0,0,-0.117421,0,0,0,0,0,0,0,0,0,0,0,0,0,1.5708,1.5708,0,0,0,0,0,0,0,0,0,0,0,0
0,0,0,0,0,0,0,0,0,0,0.0094991,0.0570255,0.0304308,-0.174168,-0.360216,0.070202,-0.174168,-0.360216,0,0,0,0,0,0,0,0,0,0,0,0,0,0,0,0,0,0,0,0,0,0,0,0,0,0,0,0,0,0,0,0,-0.0187913,-0.0812983,-0.0304053,0,0,0,-0.118942,0,0,0,0,0,0,0,0,0,0,0,0,0,1.5708,1.5708,0,0,0,0,0,0,0,0,0,0,0,0
0,0,0,0,0,0,0,0,0,0,0.0098629,0.0558738,0.0299038,-0.173896,-0.35934,0.071629,-0.173896,-0.35934,0,0,0,0,0,0,0,0,0,0,0,0,0,0,0,0,0,0,0,0,0,0,0,0,0,0,0,0,0,0,0,0,-0.0185303,-0.0811896,-0.0303618,0,0,0,-0.12046,0,0,0,0,0,0,0,0,0,0,0,0,0,1.5708,1.5708,0,0,0,0,0,0,0,0,0,0,0,0
0,0,0,0,0,0,0,0,0,0,0.0114,0.0532842,0.0310733,-0.173811,-0.358328,0.0735364,-0.173811,-0.358328,0,0,0,0,0,0,0,0,0,0,0,0,0,0,0,0,0,0,0,0,0,0,0,0,0,0,0,0,0,0,0,0,-0.0187478,-0.0809068,-0.0302531,0,0,0,-0.121972,0,0,0,0,0,0,0,0,0,0,0,0,0,1.5708,1.5708,0,0,0,0,0,0,0,0,0,0,0,0
0,0,0,0,0,0,0,0,0,0,0.0107175,0.0556514,0.0296325,-0.173975,-0.35728,0.0747238,-0.173975,-0.35728,0,0,0,0,0,0,0,0,0,0,0,0,0,0,0,0,0,0,0,0,0,0,0,0,0,0,0,0,0,0,0,0,-0.0188565,-0.0812331,-0.0302531,0,0,0,-0.123485,0,0,0,0,0,0,0,0,0,0,0,0,0,1.5708,1.5708,0,0,0,0,0,0,0,0,0,0,0,0
0,0,0,0,0,0,0,0,0,0,0.0113393,0.0533211,0.0301474,-0.173405,-0.35646,0.0759456,-0.173405,-0.35646,0,0,0,0,0,0,0,0,0,0,0,0,0,0,0,0,0,0,0,0,0,0,0,0,0,0,0,0,0,0,0,0,-0.0188783,-0.0811896,-0.0304488,0,0,0,-0.125008,0,0,0,0,0,0,0,0,0,0,0,0,0,1.5708,1.5708,0,0,0,0,0,0,0,0,0,0,0,0
0,0,0,0,0,0,0,0,0,0,0.00948086,0.0521621,0.0310548,-0.172909,-0.356172,0.0779925,-0.172909,-0.356172,0,0,0,0,0,0,0,0,0,0,0,0,0,0,0,0,0,0,0,0,0,0,0,0,0,0,0,0,0,0,0,0,-0.018639,-0.0807328,-0.0306228,0,0,0,-0.126539,0,0,0,0,0,0,0,0,0,0,0,0,0,1.5708,1.5708,0,0,0,0,0,0,0,0,0,0,0,0
0,0,0,0,0,0,0,0,0,0,0.0106221,0.05531,0.0297442,-0.172451,-0.356079,0.0800042,-0.172451,-0.356079,0,0,0,0,0,0,0,0,0,0,0,0,0,0,0,0,0,0,0,0,0,0,0,0,0,0,0,0,0,0,0,0,-0.018987,-0.0809503,-0.0305141,0,0,0,-0.128064,0,0,0,0,0,0,0,0,0,0,0,0,0,1.5708,1.5708,0,0,0,0,0,0,0,0,0,0,0,0
0,0,0,0,0,0,0,0,0,0,0.0120259,0.0528422,0.030782,-0.172215,-0.356713,0.0815237,-0.172215,-0.356713,0,0,0,0,0,0,0,0,0,0,0,0,0,0,0,0,0,0,0,0,0,0,0,0,0,0,0,0,0,0,0,0,-0.019509,-0.0809503,-0.0306663,0,0,0,-0.129598,0,0,0,0,0,0,0,0,0,0,0,0,0,1.5708,1.5708,0,0,0,0,0,0,0,0,0,0,0,0
0,0,0,0,0,0,0,0,0,0,0.00951273,0.0529857,0.0298631,-0.172352,-0.358365,0.0817339,-0.172352,-0.358365,0,0,0,0,0,0,0,0,0,0,0,0,0,0,0,0,0,0,0,0,0,0,0,0,0,0,0,0,0,0,0,0,-0.0193567,-0.0814071,-0.0304706,0,0,0,-0.131121,0,0,0,0,0,0,0,0,0,0,0,0,0,1.5708,1.5708,0,0,0,0,0,0,0,0,0,0,0,0
0,0,0,0,0,0,0,0,0,0,0.00882667,0.0514307,0.0285526,-0.172246,-0.360098,0.0810347,-0.172246,-0.360098,0,0,0,0,0,0,0,0,0,0,0,0,0,0,0,0,0,0,0,0,0,0,0,0,0,0,0,0,0,0,0,0,-0.0192045,-0.0812113,-0.0302966,0,0,0,-0.132636,0,0,0,0,0,0,0,0,0,0,0,0,0,1.5708,1.5708,0,0,0,0,0,0,0,0,0,0,0,0
0,0,0,0,0,0,0,0,0,0,0.00853197,0.0507875,0.0280257,-0.172515,-0.360487,0.0800341,-0.172515,-0.360487,0,0,0,0,0,0,0,0,0,0,0,0,0,0,0,0,0,0,0,0,0,0,0,0,0,0,0,0,0,0,0,0,-0.0189,-0.0812983,-0.0299486,0,0,0,-0.134134,0,0,0,0,0,0,0,0,0,0,0,0,0,1.5708,1.5708,0,0,0,0,0,0,0,0,0,0,0,0
0,0,0,0,0,0,0,0,0,0,0.00928001,0.0496197,0.0307609,-0.173118,-0.360599,0.0790726,-0.173118,-0.360599,0,0,0,0,0,0,0,0,0,0,0,0,0,0,0,0,0,0,0,0,0,0,0,0,0,0,0,0,0,0,0,0,-0.0190305,-0.0813853,-0.0299051,0,0,0,-0.135629,0,0,0,0,0,0,0,0,0,0,0,0,0,1.5708,1.5708,0,0,0,0,0,0,0,0,0,0,0,0
0,0,0,0,0,0,0,0,0,0,0.00937546,0.0498865,0.0287972,-0.173276,-0.361146,0.0781336,-0.173276,-0.361146,0,0,0,0,0,0,0,0,0,0,0,0,0,0,0,0,0,0,0,0,0,0,0,0,0,0,0,0,0,0,0,0,-0.018987,-0.0809938,-0.0297528,0,0,0,-0.137116,0,0,0,0,0,0,0,0,0,0,0,0,0,1.5708,1.5708,0,0,0,0,0,0,0,0,0,0,0,0
0,0,0,0,0,0,0,0,0,0,0.0075133,0.0488477,0.0302264,-0.17329,-0.360133,0.0767202,-0.17329,-0.360133,0,0,0,0,0,0,0,0,0,0,0,0,0,0,0,0,0,0,0,0,0,0,0,0,0,0,0,0,0,0,0,0,-0.0183998,-0.0808416,-0.0296658,0,0,0,-0.1386,0,0,0,0,0,0,0,0,0,0,0,0,0,1.5708,1.5708,0,0,0,0,0,0,0,0,0,0,0,0
0,0,0,0,0,0,0,0,0,0,0.00839063,0.0485886,0.0293074,-0.173146,-0.357934,0.0770567,-0.173146,-0.357934,0,0,0,0,0,0,0,0,0,0,0,0,0,0,0,0,0,0,0,0,0,0,0,0,0,0,0,0,0,0,0,0,-0.018378,-0.0806241,-0.0295788,0,0,0,-0.140079,0,0,0,0,0,0,0,0,0,0,0,0,0,1.5708,1.5708,0,0,0,0,0,0,0,0,0,0,0,0
0,0,0,0,0,0,0,0,0,0,0.00744104,0.0493725,0.0319124,-0.172617,-0.35615,0.0798421,-0.172617,-0.35615,0,0,0,0,0,0,0,0,0,0,0,0,0,0,0,0,0,0,0,0,0,0,0,0,0,0,0,0,0,0,0,0,-0.0183128,-0.0807981,-0.0301443,0,0,0,-0.141586,0,0,0,0,0,0,0,0,0,0,0,0,0,1.5708,1.5708,0,0,0,0,0,0,0,0,0,0,0,0
0,0,0,0,0,0,0,0,0,0,0.00649171,0.0483297,0.0307319,-0.172408,-0.356264,0.0826195,-0.172408,-0.356264,0,0,0,0,0,0,0,0,0,0,0,0,0,0,0,0,0,0,0,0,0,0,0,0,0,0,0,0,0,0,0,0,-0.0181388,-0.0809068,-0.0306011,0,0,0,-0.143116,0,0,0,0,0,0,0,0,0,0,0,0,0,1.5708,1.5708,0,0,0,0,0,0,0,0,0,0,0,0
0,0,0,0,0,0,0,0,0,0,0.0090647,0.0474202,0.0302043,-0.17206,-0.356746,0.0835446,-0.17206,-0.356746,0,0,0,0,0,0,0,0,0,0,0,0,0,0,0,0,0,0,0,0,0,0,0,0,0,0,0,0,0,0,0,0,-0.0182693,-0.0810591,-0.0305141,0,0,0,-0.144642,0,0,0,0,0,0,0,0,0,0,0,0,0,1.5708,1.5708,0,0,0,0,0,0,0,0,0,0,0,0
0,0,0,0,0,0,0,0,0,0,0.00785338,0.0458545,0.0307196,-0.171658,-0.356697,0.0835357,-0.171658,-0.356697,0,0,0,0,0,0,0,0,0,0,0,0,0,0,0,0,0,0,0,0,0,0,0,0,0,0,0,0,0,0,0,0,-0.0181823,-0.0809068,-0.0308403,0,0,0,-0.146184,0,0,0,0,0,0,0,0,0,0,0,0,0,1.5708,1.5708,0,0,0,0,0,0,0,0,0,0,0,0
0,0,0,0,0,0,0,0,0,0,0.00598884,0.0467676,0.0303223,-0.171951,-0.357871,0.083757,-0.171951,-0.357871,0,0,0,0,0,0,0,0,0,0,0,0,0,0,0,0,0,0,0,0,0,0,0,0,0,0,0,0,0,0,0,0,-0.0180953,-0.0810808,-0.030862,0,0,0,-0.147727,0,0,0,0,0,0,0,0,0,0,0,0,0,1.5708,1.5708,0,0,0,0,0,0,0,0,0,0,0,0
0,0,0,0,0,0,0,0,0,0,0.00647496,0.0467654,0.0286197,-0.172664,-0.359545,0.0828524,-0.172664,-0.359545,0,0,0,0,0,0,0,0,0,0,0,0,0,0,0,0,0,0,0,0,0,0,0,0,0,0,0,0,0,0,0,0,-0.017943,-0.0812983,-0.0307533,0,0,0,-0.149264,0,0,0,0,0,0,0,0,0,0,0,0,0,1.5708,1.5708,0,0,0,0,0,0,0,0,0,0,0,0
0,0,0,0,0,0,0,0,0,0,0.00696109,0.0463718,0.0297875,-0.173198,-0.360542,0.0809438,-0.173198,-0.360542,0,0,0,0,0,0,0,0,0,0,0,0,0,0,0,0,0,0,0,0,0,0,0,0,0,0,0,0,0,0,0,0,-0.01803,-0.0813201,-0.0304053,0,0,0,-0.150785,0,0,0,0,0,0,0,0,0,0,0,0,0,1.5708,1.5708,0,0,0,0,0,0,0,0,0,0,0,0
0,0,0,0,0,0,0,0,0,0,0.00836071,0.0446709,0.0301722,-0.173192,-0.360284,0.0796961,-0.173192,-0.360284,0,0,0,0,0,0,0,0,0,0,0,0,0,0,0,0,0,0,0,0,0,0,0,0,0,0,0,0,0,0,0,0,-0.0185085,-0.0812331,-0.0303183,0,0,0,-0.152301,0,0,0,0,0,0,0,0,0,0,0,0,0,1.5708,1.5708,0,0,0,0,0,0,0,0,0,0,0,0
0,0,0,0,0,0,0,0,0,0,0.00897579,0.0431011,0.0301655,-0.17351,-0.35985,0.0797312,-0.17351,-0.35985,0,0,0,0,0,0,0,0,0,0,0,0,0,0,0,0,0,0,0,0,0,0,0,0,0,0,0,0,0,0,0,0,-0.0186608,-0.0810373,-0.0303183,0,0,0,-0.153817,0,0,0,0,0,0,0,0,0,0,0,0,0,1.5708,1.5708,0,0,0,0,0,0,0,0,0,0,0,0
0,0,0,0,0,0,0,0,0,0,0.0072421,0.0437499,0.0309422,-0.174008,-0.359076,0.0800622,-0.174008,-0.359076,0,0,0,0,0,0,0,0,0,0,0,0,0,0,0,0,0,0,0,0,0,0,0,0,0,0,0,0,0,0,0,0,-0.018726,-0.0812113,-0.0303618,0,0,0,-0.155335,0,0,0,0,0,0,0,0,0,0,0,0,0,1.5708,1.5708,0,0,0,0,0,0,0,0,0,0,0,0
0,0,0,0,0,0,0,0,0,0,0.00903153,0.0438755,0.0289773,-0.173983,-0.357806,0.079647,-0.173983,-0.357806,0,0,0,0,0,0,0,0,0,0,0,0,0,0,0,0,0,0,0,0,0,0,0,0,0,0,0,0,0,0,0,0,-0.0194002,-0.0812548,-0.0301443,0,0,0,-0.156842,0,0,0,0,0,0,0,0,0,0,0,0,0,1.5708,1.5708,0,0,0,0,0,0,0,0,0,0,0,0
0,0,0,0,0,0,0,0,0,0,0.00716793,0.0428226,0.0309282,-0.173576,-0.357471,0.0792103,-0.173576,-0.357471,0,0,0,0,0,0,0,0,0,0,0,0,0,0,0,0,0,0,0,0,0,0,0,0,0,0,0,0,0,0,0,0,-0.019683,-0.0811243,-0.0305358,0,0,0,-0.158369,0,0,0,0,0,0,0,0,0,0,0,0,0,1.5708,1.5708,0,0,0,0,0,0,0,0,0,0,0,0
0,0,0,0,0,0,0,0,0,0,0.00713106,0.0420328,0.0303999,-0.172908,-0.357777,0.0788138,-0.172908,-0.357777,0,0,0,0,0,0,0,0,0,0,0,0,0,0,0,0,0,0,0,0,0,0,0,0,0,0,0,0,0,0,0,0,-0.0198787,-0.0809286,-0.0306446,0,0,0,-0.159901,0,0,0,0,0,0,0,0,0,0,0,0,0,1.5708,1.5708,0,0,0,0,0,0,0,0,0,0,0,0
0,0,0,0,0,0,0,0,0,0,0.00709323,0.0405911,0.0305229,-0.172159,-0.358273,0.0778365,-0.172159,-0.358273,0,0,0,0,0,0,0,0,0,0,0,0,0,0,0,0,0,0,0,0,0,0,0,0,0,0,0,0,0,0,0,0,-0.0198352,-0.0807763,-0.0307098,0,0,0,-0.161436,0,0,0,0,0,0,0,0,0,0,0,0,0,1.5708,1.5708,0,0,0,0,0,0,0,0,0,0,0,0
0,0,0,0,0,0,0,0,0,0,0.00640246,0.0409748,0.0284275,-0.171543,-0.358308,0.0762385,-0.171543,-0.358308,0,0,0,0,0,0,0,0,0,0,0,0,0,0,0,0,0,0,0,0,0,0,0,0,0,0,0,0,0,0,0,0,-0.0195742,-0.0809503,-0.0304271,0,0,0,-0.162958,0,0,0,0,0,0,0,0,0,0,0,0,0,1.5708,1.5708,0,0,0,0,0,0,0,0,0,0,0,0
0,0,0,0,0,0,0,0,0,0,0.00532097,0.0401833,0.0297244,-0.171321,-0.35872,0.0746817,-0.171321,-0.35872,0,0,0,0,0,0,0,0,0,0,0,0,0,0,0,0,0,0,0,0,0,0,0,0,0,0,0,0,0,0,0,0,-0.019422,-0.0808851,-0.0302313,0,0,0,-0.164469,0,0,0,0,0,0,0,0,0,0,0,0,0,1.5708,1.5708,0,0,0,0,0,0,0,0,0,0,0,0
0,0,0,0,0,0,0,0,0,0,0.00711131,0.0406971,0.0293268,-0.171251,-0.359941,0.0739914,-0.171251,-0.359941,0,0,0,0,0,0,0,0,0,0,0,0,0,0,0,0,0,0,0,0,0,0,0,0,0,0,0,0,0,0,0,0,-0.0192697,-0.0808851,-0.0302966,0,0,0,-0.165984,0,0,0,0,0,0,0,0,0,0,0,0,0,1.5708,1.5708,0,0,0,0,0,0,0,0,0,0,0,0
0,0,0,0,0,0,0,0,0,0,0.00668347,0.0391233,0.0315378,-0.171377,-0.360689,0.0736154,-0.171377,-0.360689,0,0,0,0,0,0,0,0,0,0,0,0,0,0,0,0,0,0,0,0,0,0,0,0,0,0,0,0,0,0,0,0,-0.0193567,-0.0807981,-0.0304053,0,0,0,-0.167504,0,0,0,0,0,0,0,0,0,0,0,0,0,1.5708,1.5708,0,0,0,0,0,0,0,0,0,0,0,0
0,0,0,0,0,0,0,0,0,0,0.00534272,0.039638,0.0299663,-0.171856,-0.360713,0.0735585,-0.171856,-0.360713,0,0,0,0,0,0,0,0,0,0,0,0,0,0,0,0,0,0,0,0,0,0,0,0,0,0,0,0,0,0,0,0,-0.0192262,-0.0809286,-0.0303401,0,0,0,-0.169021,0,0,0,0,0,0,0,0,0,0,0,0,0,1.5708,1.5708,0,0,0,0,0,0,0,0,0,0,0,0
0,0,0,0,0,0,0,0,0,0,0.00543696,0.0388481,0.0302205,-0.172419,-0.360322,0.074383,-0.172419,-0.360322,0,0,0,0,0,0,0,0,0,0,0,0,0,0,0,0,0,0,0,0,0,0,0,0,0,0,0,0,0,0,0,0,-0.0191175,-0.0811678,-0.0302966,0,0,0,-0.170536,0,0,0,0,0,0,0,0,0,0,0,0,0,1.5708,1.5708,0,0,0,0,0,0,0,0,0,0,0,0
0,0,0,0,0,0,0,0,0,0,0.00500861,0.0368835,0.0306049,-0.172893,-0.360639,0.075708,-0.172893,-0.360639,0,0,0,0,0,0,0,0,0,0,0,0,0,0,0,0,0,0,0,0,0,0,0,0,0,0,0,0,0,0,0,0,-0.0190523,-0.0810156,-0.0306663,0,0,0,-0.172069,0,0,0,0,0,0,0,0,0,0,0,0,0,1.5708,1.5708,0,0,0,0,0,0,0,0,0,0,0,0
0,0,0,0,0,0,0,0,0,0,0.00536373,0.0380527,0.0308592,-0.173147,-0.361496,0.0771741,-0.173147,-0.361496,0,0,0,0,0,0,0,0,0,0,0,0,0,0,0,0,0,0,0,0,0,0,0,0,0,0,0,0,0,0,0,0,-0.0192262,-0.0811896,-0.030862,0,0,0,-0.173613,0,0,0,0,0,0,0,0,0,0,0,0,0,1.5708,1.5708,0,0,0,0,0,0,0,0,0,0,0,0
0,0,0,0,0,0,0,0,0,0,0.0057201,0.0360895,0.0298082,-0.173592,-0.361879,0.0789635,-0.173592,-0.361879,0,0,0,0,0,0,0,0,0,0,0,0,0,0,0,0,0,0,0,0,0,0,0,0,0,0,0,0,0,0,0,0,-0.019161,-0.0809503,-0.030949,0,0,0,-0.17516,0,0,0,0,0,0,0,0,0,0,0,0,0,1.5708,1.5708,0,0,0,0,0,0,0,0,0,0,0,0
0,0,0,0,0,0,0,0,0,0,0.00385922,0.0354307,0.0312373,-0.174483,-0.361937,0.0805242,-0.174483,-0.361937,0,0,0,0,0,0,0,0,0,0,0,0,0,0,0,0,0,0,0,0,0,0,0,0,0,0,0,0,0,0,0,0,-0.0188565,-0.0808633,-0.0309055,0,0,0,-0.176705,0,0,0,0,0,0,0,0,0,0,0,0,0,1.5708,1.5708,0,0,0,0,0,0,0,0,0,0,0,0
0,0,0,0,0,0,0,0,0,0,0.00369536,0.0328168,0.0309694,-0.175225,-0.361988,0.0806556,-0.175225,-0.361988,0,0,0,0,0,0,0,0,0,0,0,0,0,0,0,0,0,0,0,0,0,0,0,0,0,0,0,0,0,0,0,0,-0.0187478,-0.0802544,-0.0310795,0,0,0,-0.178259,0,0,0,0,0,0,0,0,0,0,0,0,0,1.5708,1.5708,0,0,0,0,0,0,0,0,0,0,0,0
0,0,0,0,0,0,0,0,0,0,0.00327093,0.0347675,0.0288745,-0.175394,-0.361686,0.0799202,-0.175394,-0.361686,0,0,0,0,0,0,0,0,0,0,0,0,0,0,0,0,0,0,0,0,0,0,0,0,0,0,0,0,0,0,0,0,-0.018552,-0.0801021,-0.030862,0,0,0,-0.179802,0,0,0,0,0,0,0,0,0,0,0,0,0,1.5708,1.5708,0,0,0,0,0,0,0,0,0,0,0,0
0,0,0,0,0,0,0,0,0,0,0.00519378,0.0348906,0.0289976,-0.175208,-0.360508,0.0790208,-0.175208,-0.360508,0,0,0,0,0,0,0,0,0,0,0,0,0,0,0,0,0,0,0,0,0,0,0,0,0,0,0,0,0,0,0,0,-0.0187478,-0.0802979,-0.0306011,0,0,0,-0.181332,0,0,0,0,0,0,0,0,0,0,0,0,0,1.5708,1.5708,0,0,0,0,0,0,0,0,0,0,0,0
0,0,0,0,0,0,0,0,0,0,0.00489919,0.0331855,0.030556,-0.174741,-0.359712,0.0780363,-0.174741,-0.359712,0,0,0,0,0,0,0,0,0,0,0,0,0,0,0,0,0,0,0,0,0,0,0,0,0,0,0,0,0,0,0,0,-0.0188348,-0.0800151,-0.0305576,0,0,0,-0.18286,0,0,0,0,0,0,0,0,0,0,0,0,0,1.5708,1.5708,0,0,0,0,0,0,0,0,0,0,0,0
0,0,0,0,0,0,0,0,0,0,0.0036904,0.0346176,0.0302873,-0.173691,-0.359447,0.0775183,-0.173691,-0.359447,0,0,0,0,0,0,0,0,0,0,0,0,0,0,0,0,0,0,0,0,0,0,0,0,0,0,0,0,0,0,0,0,-0.0186608,-0.0802979,-0.0306446,0,0,0,-0.184393,0,0,0,0,0,0,0,0,0,0,0,0,0,1.5708,1.5708,0,0,0,0,0,0,0,0,0,0,0,0
0,0,0,0,0,0,0,0,0,0,0.00391782,0.0335707,0.0285839,-0.171901,-0.35859,0.0772488,-0.171901,-0.35859,0,0,0,0,0,0,0,0,0,0,0,0,0,0,0,0,0,0,0,0,0,0,0,0,0,0,0,0,0,0,0,0,-0.0188348,-0.0805153,-0.0302096,0,0,0,-0.185903,0,0,0,0,0,0,0,0,0,0,0,0,0,1.5708,1.5708,0,0,0,0,0,0,0,0,0,0,0,0
0,0,0,0,0,0,0,0,0,0,0.00297124,0.0304351,0.031056,-0.170619,-0.357817,0.0766654,-0.170619,-0.357817,0,0,0,0,0,0,0,0,0,0,0,0,0,0,0,0,0,0,0,0,0,0,0,0,0,0,0,0,0,0,0,0,-0.0188783,-0.0806458,-0.0302313,0,0,0,-0.187415,0,0,0,0,0,0,0,0,0,0,0,0,0,1.5708,1.5708,0,0,0,0,0,0,0,0,0,0,0,0
0,0,0,0,0,0,0,0,0,0,0.0047637,0.0323939,0.0302649,-0.171044,-0.35811,0.0758933,-0.171044,-0.35811,0,0,0,0,0,0,0,0,0,0,0,0,0,0,0,0,0,0,0,0,0,0,0,0,0,0,0,0,0,0,0,0,-0.0192915,-0.0807763,-0.0304706,0,0,0,-0.188938,0,0,0,0,0,0,0,0,0,0,0,0,0,1.5708,1.5708,0,0,0,0,0,0,0,0,0,0,0,0
0,0,0,0,0,0,0,0,0,0,0.00251552,0.0309542,0.0299962,-0.171965,-0.358681,0.075438,-0.171965,-0.358681,0,0,0,0,0,0,0,0,0,0,0,0,0,0,0,0,0,0,0,0,0,0,0,0,0,0,0,0,0,0,0,0,-0.0190088,-0.0806458,-0.0306446,0,0,0,-0.19047,0,0,0,0,0,0,0,0,0,0,0,0,0,1.5708,1.5708,0,0,0,0,0,0,0,0,0,0,0,0
0,0,0,0,0,0,0,0,0,0,0.00170322,0.0288638,0.03012,-0.172535,-0.358368,0.0750736,-0.172535,-0.358368,0,0,0,0,0,0,0,0,0,0,0,0,0,0,0,0,0,0,0,0,0,0,0,0,0,0,0,0,0,0,0,0,-0.018639,-0.0804501,-0.0305793,0,0,0,-0.191999,0,0,0,0,0,0,0,0,0,0,0,0,0,1.5708,1.5708,0,0,0,0,0,0,0,0,0,0,0,0
0,0,0,0,0,0,0,0,0,0,0.00258643,0.0305599,0.0306344,-0.172962,-0.358445,0.0736903,-0.172962,-0.358445,0,0,0,0,0,0,0,0,0,0,0,0,0,0,0,0,0,0,0,0,0,0,0,0,0,0,0,0,0,0,0,0,-0.0186173,-0.0802979,-0.0306446,0,0,0,-0.193532,0,0,0,0,0,0,0,0,0,0,0,0,0,1.5708,1.5708,0,0,0,0,0,0,0,0,0,0,0,0
0,0,0,0,0,0,0,0,0,0,0.00177244,0.0316077,0.0295834,-0.173536,-0.359551,0.0719991,-0.173536,-0.359551,0,0,0,0,0,0,0,0,0,0,0,0,0,0,0,0,0,0,0,0,0,0,0,0,0,0,0,0,0,0,0,0,-0.0184215,-0.0804936,-0.0308185,0,0,0,-0.195072,0,0,0,0,0,0,0,0,0,0,0,0,0,1.5708,1.5708,0,0,0,0,0,0,0,0,0,0,0,0
0,0,0,0,0,0,0,0,0,0,0.000569051,0.0282176,0.0287933,-0.17434,-0.360356,0.0706289,-0.17434,-0.360356,0,0,0,0,0,0,0,0,0,0,0,0,0,0,0,0,0,0,0,0,0,0,0,0,0,0,0,0,0,0,0,0,-0.0181823,-0.0806458,-0.0304488,0,0,0,-0.196595,0,0,0,0,0,0,0,0,0,0,0,0,0,1.5708,1.5708,0,0,0,0,0,0,0,0,0,0,0,0
0,0,0,0,0,0,0,0,0,0,0.00302103,0.0290032,0.0295691,-0.17427,-0.360751,0.0688146,-0.17427,-0.360751,0,0,0,0,0,0,0,0,0,0,0,0,0,0,0,0,0,0,0,0,0,0,0,0,0,0,0,0,0,0,0,0,-0.0180518,-0.0806023,-0.0303401,0,0,0,-0.198112,0,0,0,0,0,0,0,0,0,0,0,0,0,1.5708,1.5708,0,0,0,0,0,0,0,0,0,0,0,0
0,0,0,0,0,0,0,0,0,0,0.000774917,0.0293981,0.028909,-0.172963,-0.361051,0.0669452,-0.172963,-0.361051,0,0,0,0,0,0,0,0,0,0,0,0,0,0,0,0,0,0,0,0,0,0,0,0,0,0,0,0,0,0,0,0,-0.0179213,-0.0808633,-0.0301661,0,0,0,-0.19962,0,0,0,0,0,0,0,0,0,0,0,0,0,1.5708,1.5708,0,0,0,0,0,0,0,0,0,0,0,0
0,0,0,0,0,0,0,0,0,0,0.00283403,0.0286198,0.0302065,-0.171952,-0.360633,0.064889,-0.171952,-0.360633,0,0,0,0,0,0,0,0,0,0,0,0,0,0,0,0,0,0,0,0,0,0,0,0,0,0,0,0,0,0,0,0,-0.0182693,-0.0813418,-0.0301878,0,0,0,-0.20113,0,0,0,0,0,0,0,0,0,0,0,0,0,1.5708,1.5708,0,0,0,0,0,0,0,0,0,0,0,0
0,0,0,0,0,0,0,0,0,0,0.00293613,0.0270588,0.0290234,-0.171767,-0.359763,0.0627253,-0.171767,-0.359763,0,0,0,0,0,0,0,0,0,0,0,0,0,0,0,0,0,0,0,0,0,0,0,0,0,0,0,0,0,0,0,0,-0.0184868,-0.0812766,-0.0299268,0,0,0,-0.202626,0,0,0,0,0,0,0,0,0,0,0,0,0,1.5708,1.5708,0,0,0,0,0,0,0,0,0,0,0,0
0,0,0,0,0,0,0,0,0,0,-0.000874233,0.0277169,0.0291459,-0.171122,-0.359338,0.0613828,-0.171122,-0.359338,0,0,0,0,0,0,1.03389,1.15071,1.5559,20.6779,23.0143,31.1179,0,0,0,0,0,0,0,0,413.557,460.285,622.359,0,0,0,0,0,0,0,0,0,-0.018204,-0.0811461,-0.0298616,0,0,0,-0.204119,0,0,0,0,0,0,0,0,0,0,0,0,0,1.5708,1.5708,0,0,0,0,0,0,0,0,0,0,0,0
0,0,0,0,0,0,0,0,0,0,0.00314544,0.0249854,0.0299216,-0.170073,-0.359341,0.0613449,-0.170073,-0.359341,0,0,0,0,0,0,1.03391,1.15108,1.55572,0.000251465,0.00732422,-0.0034976,0,0,0,0,0,0,0,0,-413.552,-460.139,-622.429,0,0,0,0,0,0,0,0,0,-0.0187913,-0.0811243,-0.0300573,0,0,0,-0.205622,0,0,0,0,0,0,0,0,0,0,0,0,0,1.5708,1.5708,0,0,0,0,0,0,0,0,0,0,0,0
0,0,0,0,0,0,0,0,0,0,0.00155435,0.0252568,0.0292604,-0.170037,-0.359034,0.0616921,-0.170037,-0.359034,0,0,0,0,0,0,1.0339,1.15109,1.55571,-0.000109863,0.000307617,-0.000324249,0,0,0,0,0,0,0,0,-0.00722656,-0.140332,0.063467,0,0,0,0,0,0,0,0,0,-0.0187043,-0.0810156,-0.0300138,0,0,0,-0.207123,0,0,0,0,0,0,0,0,0,0,0,0,0,1.5708,1.5708,0,0,0,0,0,0,0,0,0,0,0,0
0,0,0,0,0,0,0,0,0,0,0.00166197,0.0248767,0.0305595,-0.171269,-0.358536,0.0612017,-0.171269,-0.358536,0,0,0,0,0,0,1.0339,1.15109,1.55571,-0.000109863,0.000307617,-0.000324249,0,0,0,0,0,0,0,0,-0.00722656,-0.140332,0.063467,0,0,0,0,0,0,0,0,0,-0.0190088,-0.0807763,-0.0302966,0,0,0,-0.208637,0,0,0,0,0,0,0,0,0,0,0,0,0,1.5708,1.5708,0,0,0,0,0,0,0,0,0,0,0,0
0,0,0,0,0,0,0,0,0,0,0.00150972,0.0241043,0.0289866,-0.171948,-0.359437,0.0613175,-0.171948,-0.359437,0,0,0,0,0,0,1.0339,1.15109,1.5557,-9.76563e-06,-0.000166016,-3.33786e-05,0,0,0,0,0,0,0,0,0.00200195,-0.00947266,0.00581741,0,0,0,0,0,0,0,0,0,-0.0189435,-0.0805371,-0.0301008,0,0,0,-0.210142,0,0,0,0,0,0,0,0,0,0,0,0,0,1.5708,1.5708,0,0,0,0,0,0,0,0,0,0,0,0
0,0,0,0,0,0,0,0,0,0,0.0020088,0.0243799,0.0283258,-0.171561,-0.36075,0.0622201,-0.171561,-0.36075,0,0,0,0,0,0,1.0339,1.15108,1.55572,-4.88281e-06,-7.56836e-05,0.00023365,0,0,0,0,0,0,0,0,9.76563e-05,0.00180664,0.00534058,0,0,0,0,0,0,0,0,0,-0.0189435,-0.0806023,-0.0299921,0,0,0,-0.211642,0,0,0,0,0,0,0,0,0,0,0,0,0,1.5708,1.5708,0,0,0,0,0,0,0,0,0,0,0,0
0,0,0,0,0,0,0,0,0,0,-0.000362703,0.0250491,0.0301452,-0.171795,-0.361034,0.061791,-0.171795,-0.361034,0,0,0,0,0,0,1.0339,1.15109,1.55571,-2.44141e-05,0.000200195,-3.09944e-05,0,0,0,0,0,0,0,0,-0.000390625,0.00551758,-0.00529289,0,0,0,0,0,0,0,0,0,-0.0191827,-0.0806676,-0.0301661,0,0,0,-0.21315,0,0,0,0,0,0,0,0,0,0,0,0,0,1.5708,1.5708,0,0,0,0,0,0,0,0,0,0,0,0
0,0,0,0,0,0,0,0,0,0,0.000138347,0.0232389,0.0292238,-0.172505,-0.361276,0.0609054,-0.172505,-0.361276,0,0,0,0,0,0,1.0339,1.15108,1.55573,0.000114746,-0.000197754,0.000236034,0,0,0,0,0,0,0,0,0.0027832,-0.00795898,0.00534058,0,0,0,0,0,0,0,0,0,-0.0188348,-0.0808851,-0.0300573,0,0,0,-0.214653,0,0,0,0,0,0,0,0,0,0,0,0,0,1.5708,1.5708,0,0,0,0,0,0,0,0,0,0,0,0
0,0,0,0,0,0,0,0,0,0,0.00038122,0.0242994,0.0288256,-0.172611,-0.36187,0.0615636,-0.172611,-0.36187,0,0,0,0,0,0,1.0339,1.15108,1.55573,0.000114746,-0.000197754,0.000236034,0,0,0,0,0,0,0,0,0.0027832,-0.00795898,0.00534058,0,0,0,0,0,0,0,0,0,-0.0187913,-0.0812331,-0.0299921,0,0,0,-0.216153,0,0,0,0,0,0,0,0,0,0,0,0,0,1.5708,1.5708,0,0,0,0,0,0,0,0,0,0,0,0
0,0,0,0,0,0,0,0,0,0,0.00101669,0.0243175,0.0289475,-0.172226,-0.362209,0.0628262,-0.172226,-0.362209,0,0,0,0,0,0,1.0339,1.15109,1.55573,-5.61523e-05,0.000153809,6.4373e-05,0,0,0,0,0,0,0,0,-0.00341797,0.00703125,-0.00343323,0,0,0,0,0,0,0,0,0,-0.0188348,-0.0816463,-0.0297311,0,0,0,-0.217639,0,0,0,0,0,0,0,0,0,0,0,0,0,1.5708,1.5708,0,0,0,0,0,0,0,0,0,0,0,0
0,0,0,0,0,0,0,0,0,0,0.00125979,0.0219893,0.0294617,-0.172354,-0.361171,0.0626256,-0.172354,-0.361171,0,0,0,0,0,0,1.0339,1.15108,1.55574,8.05664e-05,-0.000239258,0.000128746,0,0,0,0,0,0,0,0,0.00273438,-0.00786133,0.00128746,0,0,0,0,0,0,0,0,0,-0.0189435,-0.0817985,-0.0298181,0,0,0,-0.21913,0,0,0,0,0,0,0,0,0,0,0,0,0,1.5708,1.5708,0,0,0,0,0,0,0,0,0,0,0,0
0,0,0,0,0,0,0,0,0,0,-0.000584683,0.0208357,0.0299764,-0.173618,-0.359447,0.0614444,-0.173618,-0.359447,0,0,0,0,0,0,1.0339,1.15108,1.55573,-1.70898e-05,9.0332e-05,-0.000216961,0,0,0,0,0,0,0,0,-0.00195312,0.0065918,-0.00691414,0,0,0,0,0,0,0,0,0,-0.0186608,-0.0817116,-0.0301008,0,0,0,-0.220635,0,0,0,0,0,0,0,0,0,0,0,0,0,1.5708,1.5708,0,0,0,0,0,0,0,0,0,0,0,0
0,0,0,0,0,0,0,0,0,0,-0.000730528,0.0205974,0.0300993,-0.174765,-0.358252,0.0608943,-0.174765,-0.358252,0,0,0,0,0,0,1.0339,1.15109,1.55572,-0.000114746,0.000231934,-0.000154972,0,0,0,0,0,0,0,0,-0.00195313,0.00283203,0.00123978,0,0,0,0,0,0,0,0,0,-0.0187478,-0.0814723,-0.0301008,0,0,0,-0.22214,0,0,0,0,0,0,0,0,0,0,0,0,0,1.5708,1.5708,0,0,0,0,0,0,0,0,0,0,0,0
