0,0,0,0,0,0,0,0,0,0,0,0,0,0,0,0,0,0,0,0,0,0,0,0,0,0,0,0,0,0,0,0,0,0,0,0,0,0,0,0,0,0,0,0,0,0,0,0,0,0,0,0,0,0,0,0,0,0,0,0,0,0,0,0,0,0,0,0,0,0,0,0,0,0,0,0,0,0,0,0
0,0,0,0,0,0,0,0,0,0,0.013963,0.0776445,0.0272734,0.000321514,-0.00780402,9.33281,0.000321514,-0.00780402,0,0,0,0,0,0,0,0,0,0,0,0,0,0,0,0,0,0,0,0,0,0,0,0,0,0,0,0,0,0,0,0,-0.00232716,-0.0129407,-0.00454557,0,0,0,-0.000227279,0,0,0,0,0,0,0,0,0,0,0,0,0,0,0,0,0,0,0,0,0,0,0
0,0,0,0,0,0,0,0,0,0,0.0157951,0.0793363,0.027143,0.00172448,-0.0311869,7.90143,0.00172448,-0.0311869,0,0,0,0,0,0,0,0,0,0,0,0,0,0,0,0,0,0,0,0,0,0,0,0,0,0,0,0,0,0,0,0,-0.00495881,-0.0261642,-0.0090694,0,0,0,-0.000680748,0,0,0,0,0,0,0,-3.14159,-3.14159,-3.14159,0,0,0,0,0,0,0,0,0,0,0,0,0
0,0,0,0,0,0,0,0,0,0,0.0135823,0.0766983,0.0276661,0.00394915,-0.061064,6.075,0.00394915,-0.061064,0,0,0,0,0,0,0,0,0,0,0,0,0,0,0,0,0,0,0,0,0,0,0,0,0,0,0,0,0,0,0,0,-0.00722072,-0.0389527,-0.0136802,0,0,0,-0.00136476,0,0,0,0,0,0,0,-3.14159,-3.14159,-3.14159,0,0,0,0,0,0,0,0,0,0,0,0,0
0,0,0,0,0,0,0,0,0,0,0.014888,0.0812242,0.0275369,0.00584212,-0.0887943,4.41238,0.00584212,-0.0887943,0,0,0,0,0,0,0,0,0,0,0,0,0,0,0,0,0,0,0,0,0,0,0,0,0,0,0,0,0,0,0,0,-0.00970012,-0.0525024,-0.0182693,0,0,0,-0.00227822,0,0,0,0,0,0,0,-3.14159,-3.14159,-3.14159,0,0,0,0,0,0,0,0,0,0,0,0,0
0,0,0,0,0,0,0,0,0,0,0.0164586,0.079746,0.027929,0.00730183,-0.115966,2.81744,0.00730183,-0.115966,0,0,0,0,0,0,0,0,0,0,0,0,0,0,0,0,0,0,0,0,0,0,0,0,0,0,0,0,0,0,0,0,-0.0124405,-0.0658129,-0.0229236,0,0,0,-0.0034244,0,0,0,0,0,0,0,-3.14159,-3.14159,-3.14159,0,0,0,0,0,0,0,0,0,0,0,0,0
0,0,0,0,0,0,0,0,0,0,0.0145013,0.0810042,0.0271458,0.00878921,-0.143242,1.19335,0.00878921,-0.143242,0,0,0,0,0,0,0,0,0,0,0,0,0,0,0,0,0,0,0,0,0,0,0,0,0,0,0,0,0,0,0,0,-0.0148547,-0.0793409,-0.0274474,0,0,0,-0.00479677,0,0,0,0,0,0,0,-3.14159,-3.14159,-3.14159,0,0,0,0,0,0,0,0,0,0,0,0,0
0,0,0,0,0,0,0,0,0,0,0.0152834,0.0810746,0.0274081,0.00976636,-0.162811,0.0340951,0.00976636,-0.162811,0,0,0,0,0,0,0,0,0,0,0,0,0,0,0,0,0,0,0,0,0,0,0,0,0,0,0,0,0,0,0,0,-0.0150722,-0.0799499,-0.0274692,0,0,0,-0.00617023,0,0,0,0,0,0,0,-3.14159,-3.14159,-3.14159,0,0,0,0,0,0,0,0,0,0,0,0,0
0,0,0,0,0,0,0,0,0,0,0.0155416,0.0781337,0.026234,0.00968654,-0.167309,-0.1652,0.00968654,-0.167309,0,0,0,0,0,0,0,0,0,0,0,0,0,0,0,0,0,0,0,0,0,0,0,0,0,0,0,0,0,0,0,0,-0.0150287,-0.0797976,-0.0273169,0,0,0,-0.00753608,0,0,0,0,0,0,0,-3.14159,-3.14159,-3.14159,0,0,0,0,0,0,0,0,0,0,0,0,0
0,0,0,0,0,0,0,0,0,0,0.015406,0.0772738,0.0272767,0.00916815,-0.165267,0.0334334,0.00916815,-0.165267,0,0,0,0,0,0,0,0,0,0,0,0,0,0,0,0,0,0,0,0,0,0,0,0,0,0,0,0,0,0,0,0,-0.0153331,-0.0799499,-0.0272517,0,0,0,-0.00889866,0,0,0,0,0,0,0,-3.14159,-3.14159,-3.14159,0,0,0,0,0,0,0,0,0,0,0,0,0
0,0,0,0,0,0,0,0,0,0,0.0161824,0.0774484,0.0272766,0.00868496,-0.165109,0.0674224,0.00868496,-0.165109,0,0,0,0,0,0,0,0,0,0,0,0,0,0,0,0,0,0,0,0,0,0,0,0,0,0,0,0,0,0,0,0,-0.0155506,-0.0793844,-0.0272082,0,0,0,-0.0102591,0,0,0,0,0,0,0,-3.14159,-3.14159,-3.14159,0,0,0,0,0,0,0,0,0,0,0,0,0
0,0,0,0,0,0,0,0,0,0,0.018784,0.0794405,0.0274065,0.00830624,-0.165635,0.0331669,0.00830624,-0.165635,0,0,0,0,0,0,0,0,0,0,0,0,0,0,0,0,0,0,0,0,0,0,0,0,0,0,0,0,0,0,0,0,-0.0159421,-0.0794061,-0.0271212,0,0,0,-0.0116151,0,0,0,0,0,0,0,-3.14159,-3.14159,-3.14159,0,0,0,0,0,0,0,0,0,0,0,0,0
0,0,0,0,0,0,0,0,0,0,0.0151183,0.0785539,0.0272754,0.00818454,-0.165837,0.0289721,0.00818454,-0.165837,0,0,0,0,0,0,0,0,0,0,0,0,0,0,0,0,0,0,0,0,0,0,0,0,0,0,0,0,0,0,0,0,-0.0160509,-0.0790799,-0.0271429,0,0,0,-0.0129723,0,0,0,0,0,0,0,-3.14159,-3.14159,-3.14159,0,0,0,0,0,0,0,0,0,0,0,0,0
0,0,0,0,0,0,0,0,0,0,0.015496,0.0771357,0.0287097,0.00874641,-0.165221,0.0369247,0.00874641,-0.165221,0,0,0,0,0,0,0,0,0,0,0,0,0,0,0,0,0,0,0,0,0,0,0,0,0,0,0,0,0,0,0,0,-0.0160944,-0.0785144,-0.0273604,0,0,0,-0.0143403,0,0,0,0,0,0,0,-3.14159,-3.14159,-3.14159,0,0,0,0,0,0,0,0,0,0,0,0,0
0,0,0,0,0,0,0,0,0,0,0.0150896,0.0793604,0.025838,0.009498,-0.16428,0.0373521,0.009498,-0.16428,0,0,0,0,0,0,0,0,0,0,0,0,0,0,0,0,0,0,0,0,0,0,0,0,0,0,0,0,0,0,0,0,-0.0160291,-0.0788189,-0.0272952,0,0,0,-0.0157051,0,0,0,0,0,0,0,-3.14159,-3.14159,-3.14159,0,0,0,0,0,0,0,0,0,0,0,0,0
0,0,0,0,0,0,0,0,0,0,0.0163764,0.0771405,0.028317,0.00946006,-0.16421,0.0343801,0.00946006,-0.16421,0,0,0,0,0,0,0,0,0,0,0,0,0,0,0,0,0,0,0,0,0,0,0,0,0,0,0,0,0,0,0,0,-0.0162031,-0.0789059,-0.0274692,0,0,0,-0.0170785,0,0,0,0,0,0,0,-3.14159,-3.14159,-3.14159,0,0,0,0,0,0,0,0,0,0,0,0,0
0,0,0,0,0,0,0,0,0,0,0.0162278,0.0764794,0.0267494,0.00900959,-0.164226,0.0322315,0.00900959,-0.164226,0,0,0,0,0,0,0,0,0,0,0,0,0,0,0,0,0,0,0,0,0,0,0,0,0,0,0,0,0,0,0,0,-0.0162249,-0.0788624,-0.0273822,0,0,0,-0.0184476,0,0,0,0,0,0,0,-3.14159,-3.14159,-3.14159,0,0,0,0,0,0,0,0,0,0,0,0,0
0,0,0,0,0,0,0,0,0,0,0.0162071,0.0803772,0.0270089,0.00843153,-0.163331,0.0312216,0.00843153,-0.163331,0,0,0,0,0,0,0,0,0,0,0,0,0,0,0,0,0,0,0,0,0,0,0,0,0,0,0,0,0,0,0,0,-0.0158116,-0.0791452,-0.0273169,0,0,0,-0.0198135,0,0,0,0,0,0,0,-3.14159,-3.14159,-3.14159,0,0,0,0,0,0,0,0,0,0,0,0,0
0,0,0,0,0,0,0,0,0,0,0.0164485,0.0760422,0.0283127,0.00774887,-0.162481,0.0307718,0.00774887,-0.162481,0,0,0,0,0,0,0,0,0,0,0,0,0,0,0,0,0,0,0,0,0,0,0,0,0,0,0,0,0,0,0,0,-0.0160509,-0.0788624,-0.0274909,0,0,0,-0.021188,0,0,0,0,0,0,0,-3.14159,-3.14159,-3.14159,0,0,0,0,0,0,0,0,0,0,0,0,0
0,0,0,0,0,0,0,0,0,0,0.0166835,0.0758768,0.0279199,0.00691274,-0.162576,0.0307405,0.00691274,-0.162576,0,0,0,0,0,0,0,0,0,0,0,0,0,0,0,0,0,0,0,0,0,0,0,0,0,0,0,0,0,0,0,0,-0.0162684,-0.0787972,-0.0273604,0,0,0,-0.022556,0,0,0,0,0,0,0,-3.14159,-3.14159,-3.14159,0,0,0,0,0,0,0,0,0,0,0,0,0
0,0,0,0,0,0,0,0,0,0,0.0160007,0.0783146,0.0277884,0.0056269,-0.162167,0.0307884,0.0056269,-0.162167,0,0,0,0,0,0,0,0,0,0,0,0,0,0,0,0,0,0,0,0,0,0,0,0,0,0,0,0,0,0,0,0,-0.0164424,-0.0787754,-0.0276867,0,0,0,-0.0239404,0,0,0,0,0,0,0,-3.14159,-3.14159,-3.14159,0,0,0,0,0,0,0,0,0,0,0,0,0
