0,0,0,0,0,0,0,0,0,0,0,0,0,0,0,0,0,0,0,0,0,0,0,0,0,0,0,0,0,0,0,0,0,0,0,0,0,0,0,0,0,0,0,0,0,0,0,0,0,0,0,0,0,0,0,0,0,0,0,0,0,0,0,0,0,0,0,0,0,0,0,0,0,0,0,0,0,0,0,0
0,0,0,0,0,0,0,0,0,0,0.0172253,0.0779055,0.026621,0.000263057,-0.00792093,9.33179,0.000263057,-0.00792093,0,0,0,0,0,0,0,0,0,0,0,0,0,0,0,0,0,0,0,0,0,0,0,0,0,0,0,0,0,0,0,0,-0.00287089,-0.0129842,-0.00443683,0,0,0,-0.000221841,0,0,0,0,0,0,0,0,0,0,0,0,0,0,0,0,0,0,0,0,0,0,0
0,0,0,0,0,0,0,0,0,0,0.0150124,0.0768568,0.0285784,0.00128606,-0.0311284,7.89796,0.00128606,-0.0311284,0,0,0,0,0,0,0,0,0,0,0,0,0,0,0,0,0,0,0,0,0,0,0,0,0,0,0,0,0,0,0,0,-0.00537204,-0.0257945,-0.00919989,0,0,0,-0.000681836,0,0,0,0,0,0,0,-3.14159,-3.14159,-3.14159,0,0,0,0,0,0,0,0,0,0,0,0,0
0,0,0,0,0,0,0,0,0,0,0.0158024,0.0820472,0.0270136,0.00308232,-0.0601086,6.06957,0.00308232,-0.0601086,0,0,0,0,0,0,0,0,0,0,0,0,0,0,0,0,0,0,0,0,0,0,0,0,0,0,0,0,0,0,0,0,-0.00800369,-0.0394747,-0.013702,0,0,0,-0.00136693,0,0,0,0,0,0,0,-3.14159,-3.14159,-3.14159,0,0,0,0,0,0,0,0,0,0,0,0,0
0,0,0,0,0,0,0,0,0,0,0.0148918,0.0799138,0.0288418,0.00506971,-0.0870214,4.40645,0.00506971,-0.0870214,0,0,0,0,0,0,0,0,0,0,0,0,0,0,0,0,0,0,0,0,0,0,0,0,0,0,0,0,0,0,0,0,-0.0104831,-0.0528069,-0.0185085,0,0,0,-0.00229236,0,0,0,0,0,0,0,-3.14159,-3.14159,-3.14159,0,0,0,0,0,0,0,0,0,0,0,0,0
0,0,0,0,0,0,0,0,0,0,0.0176349,0.077912,0.0285828,0.00674906,-0.114054,2.81109,0.00674906,-0.114054,0,0,0,0,0,0,0,0,0,0,0,0,0,0,0,0,0,0,0,0,0,0,0,0,0,0,0,0,0,0,0,0,-0.0134192,-0.0658129,-0.0232716,0,0,0,-0.00345594,0,0,0,0,0,0,0,-3.14159,-3.14159,-3.14159,0,0,0,0,0,0,0,0,0,0,0,0,0
0,0,0,0,0,0,0,0,0,0,0.0175057,0.078125,0.028324,0.00830794,-0.141238,1.18688,0.00830794,-0.141238,0,0,0,0,0,0,0,0,0,0,0,0,0,0,0,0,0,0,0,0,0,0,0,0,0,0,0,0,0,0,0,0,-0.0163336,-0.0788624,-0.0279912,0,0,0,-0.0048555,0,0,0,0,0,0,0,-3.14159,-3.14159,-3.14159,0,0,0,0,0,0,0,0,0,0,0,0,0
0,0,0,0,0,0,0,0,0,0,0.0167239,0.0788464,0.0279341,0.00956892,-0.15969,0.0294842,0.00956892,-0.15969,0,0,0,0,0,0,0,0,0,0,0,0,0,0,0,0,0,0,0,0,0,0,0,0,0,0,0,0,0,0,0,0,-0.0162466,-0.0790582,-0.0282086,0,0,0,-0.00626593,0,0,0,0,0,0,0,-3.14159,-3.14159,-3.14159,0,0,0,0,0,0,0,0,0,0,0,0,0
0,0,0,0,0,0,0,0,0,0,0.0176335,0.0786438,0.0287181,0.00976911,-0.162567,-0.167305,0.00976911,-0.162567,0,0,0,0,0,0,0,0,0,0,0,0,0,0,0,0,0,0,0,0,0,0,0,0,0,0,0,0,0,0,0,0,-0.0166816,-0.0794061,-0.0282304,0,0,0,-0.00767745,0,0,0,0,0,0,0,-3.14159,-3.14159,-3.14159,0,0,0,0,0,0,0,0,0,0,0,0,0
0,0,0,0,0,0,0,0,0,0,0.0159317,0.0777802,0.0259775,0.00966968,-0.159927,0.0318862,0.00966968,-0.159927,0,0,0,0,0,0,0,0,0,0,0,0,0,0,0,0,0,0,0,0,0,0,0,0,0,0,0,0,0,0,0,0,-0.0167033,-0.0787537,-0.0280564,0,0,0,-0.00908027,0,0,0,0,0,0,0,-3.14159,-3.14159,-3.14159,0,0,0,0,0,0,0,0,0,0,0,0,0
0,0,0,0,0,0,0,0,0,0,0.0159251,0.0783434,0.0272832,0.00992762,-0.159989,0.0648023,0.00992762,-0.159989,0,0,0,0,0,0,0,0,0,0,0,0,0,0,0,0,0,0,0,0,0,0,0,0,0,0,0,0,0,0,0,0,-0.0168773,-0.0785579,-0.0277954,0,0,0,-0.01047,0,0,0,0,0,0,0,-3.14159,-3.14159,-3.14159,0,0,0,0,0,0,0,0,0,0,0,0,0
0,0,0,0,0,0,0,0,0,0,0.0149994,0.078639,0.0272841,0.0102954,-0.160383,0.0303049,0.0102954,-0.160383,0,0,0,0,0,0,0,0,0,0,0,0,0,0,0,0,0,0,0,0,0,0,0,0,0,0,0,0,0,0,0,0,-0.0164424,-0.0787537,-0.0275779,0,0,0,-0.0118489,0,0,0,0,0,0,0,-3.14159,-3.14159,-3.14159,0,0,0,0,0,0,0,0,0,0,0,0,0
0,0,0,0,0,0,0,0,0,0,0.0174667,0.0755328,0.0278065,0.0108942,-0.160139,0.0253589,0.0108942,-0.160139,0,0,0,0,0,0,0,0,0,0,0,0,0,0,0,0,0,0,0,0,0,0,0,0,0,0,0,0,0,0,0,0,-0.0164424,-0.0784057,-0.0274909,0,0,0,-0.0132235,0,0,0,0,0,0,0,-3.14159,-3.14159,-3.14159,0,0,0,0,0,0,0,0,0,0,0,0,0
0,0,0,0,0,0,0,0,0,0,0.0161462,0.0773762,0.0267621,0.011591,-0.16013,0.0312777,0.011591,-0.16013,0,0,0,0,0,0,0,0,0,0,0,0,0,0,0,0,0,0,0,0,0,0,0,0,0,0,0,0,0,0,0,0,-0.0163554,-0.0782534,-0.0272952,0,0,0,-0.0145882,0,0,0,0,0,0,0,-3.14159,-3.14159,-3.14159,0,0,0,0,0,0,0,0,0,0,0,0,0
0,0,0,0,0,0,0,0,0,0,0.0153437,0.077514,0.027283,0.0119852,-0.160552,0.0315417,0.0119852,-0.160552,0,0,0,0,0,0,0,0,0,0,0,0,0,0,0,0,0,0,0,0,0,0,0,0,0,0,0,0,0,0,0,0,-0.0159856,-0.0781664,-0.0270559,0,0,0,-0.015941,0,0,0,0,0,0,0,-3.14159,-3.14159,-3.14159,0,0,0,0,0,0,0,0,0,0,0,0,0
0,0,0,0,0,0,0,0,0,0,0.0150647,0.0763381,0.0279352,0.0112226,-0.161021,0.0307016,0.0112226,-0.161021,0,0,0,0,0,0,0,0,0,0,0,0,0,0,0,0,0,0,0,0,0,0,0,0,0,0,0,0,0,0,0,0,-0.0158551,-0.0780359,-0.0273822,0,0,0,-0.0173101,0,0,0,0,0,0,0,-3.14159,-3.14159,-3.14159,0,0,0,0,0,0,0,0,0,0,0,0,0
0,0,0,0,0,0,0,0,0,0,0.0170042,0.0781553,0.0279345,0.0101027,-0.160861,0.0303348,0.0101027,-0.160861,0,0,0,0,0,0,0,0,0,0,0,0,0,0,0,0,0,0,0,0,0,0,0,0,0,0,0,0,0,0,0,0,-0.0160509,-0.0781229,-0.0274909,0,0,0,-0.0186847,0,0,0,0,0,0,0,-3.14159,-3.14159,-3.14159,0,0,0,0,0,0,0,0,0,0,0,0,0
0,0,0,0,0,0,0,0,0,0,0.0156766,0.0785291,0.0270202,0.00950287,-0.159377,0.0279361,0.00950287,-0.159377,0,0,0,0,0,0,0,0,0,0,0,0,0,0,0,0,0,0,0,0,0,0,0,0,0,0,0,0,0,0,0,0,-0.0161814,-0.0782317,-0.0274474,0,0,0,-0.0200571,0,0,0,0,0,0,0,-3.14159,-3.14159,-3.14159,0,0,0,0,0,0,0,0,0,0,0,0,0
0,0,0,0,0,0,0,0,0,0,0.0160418,0.0761521,0.0258455,0.00858432,-0.157797,0.0257192,0.00858432,-0.157797,0,0,0,0,0,0,0,0,0,0,0,0,0,0,0,0,0,0,0,0,0,0,0,0,0,0,0,0,0,0,0,0,-0.0159639,-0.0784709,-0.0271212,0,0,0,-0.0214131,0,0,0,0,0,0,0,-3.14159,-3.14159,-3.14159,0,0,0,0,0,0,0,0,0,0,0,0,0
0,0,0,0,0,0,0,0,0,0,0.0144505,0.0740262,0.0283237,0.0075181,-0.157876,0.0264522,0.0075181,-0.157876,0,0,0,0,0,0,0,0,0,0,0,0,0,0,0,0,0,0,0,0,0,0,0,0,0,0,0,0,0,0,0,0,-0.0157029,-0.0780577,-0.0273822,0,0,0,-0.0227822,0,0,0,0,0,0,0,-3.14159,-3.14159,-3.14159,0,0,0,0,0,0,0,0,0,0,0,0,0
0,0,0,0,0,0,0,0,0,0,0.0165085,0.0763339,0.0275398,0.00714958,-0.158469,0.027651,0.00714958,-0.158469,0,0,0,0,0,0,0,0,0,0,0,0,0,0,0,0,0,0,0,0,0,0,0,0,0,0,0,0,0,0,0,0,-0.0159204,-0.0780142,-0.0274257,0,0,0,-0.0241535,0,0,0,0,0,0,0,-3.14159,-3.14159,-3.14159,0,0,0,0,0,0,0,0,0,0,0,0,0
0,0,0,0,0,0,0,0,0,0,0.0175207,0.075763,0.0272771,0.00788786,-0.158455,0.026853,0.00788786,-0.158455,0,0,0,0,0,0,0,0,0,0,0,0,0,0,0,0,0,0,0,0,0,0,0,0,0,0,0,0,0,0,0,0,-0.0163554,-0.0780794,-0.0273169,0,0,0,-0.0255194,0,0,0,0,0,0,0,-3.14159,-3.14159,-3.14159,0,0,0,0,0,0,0,0,0,0,0,0,0
0,0,0,0,0,0,0,0,0,0,0.0168336,0.074269,0.0263619,0.00894486,-0.158734,0.0260919,0.00894486,-0.158734,0,0,0,0,0,0,0,0,0,0,0,0,0,0,0,0,0,0,0,0,0,0,0,0,0,0,0,0,0,0,0,0,-0.0163554,-0.077601,-0.0270559,0,0,0,-0.0268722,0,0,0,0,0,0,0,-3.14159,-3.14159,-3.14159,0,0,0,0,0,0,0,0,0,0,0,0,0
0,0,0,0,0,0,0,0,0,0,0.0165348,0.0773353,0.0264905,0.00981196,-0.160314,0.0278657,0.00981196,-0.160314,0,0,0,0,0,0,0,0,0,0,0,0,0,0,0,0,0,0,0,0,0,0,0,0,0,0,0,0,0,0,0,0,-0.0165294,-0.0775792,-0.0269689,0,0,0,-0.0282206,0,0,0,0,0,0,0,-3.14159,-3.14159,-3.14159,0,0,0,0,0,0,0,0,0,0,0,0,0
0,0,0,0,0,0,0,0,0,0,0.0149322,0.0755649,0.027533,0.010829,-0.162108,0.0293408,0.010829,-0.162108,0,0,0,0,0,0,0,0,0,0,0,0,0,0,0,0,0,0,0,0,0,0,0,0,0,0,0,0,0,0,0,0,-0.0163771,-0.0776662,-0.0272517,0,0,0,-0.0295832,0,0,0,0,0,0,0,-3.14159,-3.14159,-3.14159,0,0,0,0,0,0,0,0,0,0,0,0,0
0,0,0,0,0,0,0,0,0,0,0.0152839,0.0761352,0.0275313,0.0117909,-0.162509,0.0289487,0.0117909,-0.162509,0,0,0,0,0,0,0,0,0,0,0,0,0,0,0,0,0,0,0,0,0,0,0,0,0,0,0,0,0,0,0,0,-0.0165511,-0.0782099,-0.0271212,0,0,0,-0.0309393,0,0,0,0,0,0,0,-3.14159,-3.14159,-3.14159,0,0,0,0,0,0,0,0,0,0,0,0,0
0,0,0,0,0,0,0,0,0,0,0.0166779,0.0765669,0.0276608,0.0124056,-0.162581,0.0298648,0.0124056,-0.162581,0,0,0,0,0,0,0,0,0,0,0,0,0,0,0,0,0,0,0,0,0,0,0,0,0,0,0,0,0,0,0,0,-0.0166163,-0.0784492,-0.0271429,0,0,0,-0.0322964,0,0,0,0,0,0,0,-3.14159,-3.14159,-3.14159,0,0,0,0,0,0,0,0,0,0,0,0,0
0,0,0,0,0,0,0,0,0,0,0.0163746,0.0772526,0.0277896,0.0122113,-0.163272,0.0326503,0.0122113,-0.163272,0,0,0,0,0,0,0,0,0,0,0,0,0,0,0,0,0,0,0,0,0,0,0,0,0,0,0,0,0,0,0,0,-0.0164641,-0.0789059,-0.0272299,0,0,0,-0.0336579,0,0,0,0,0,0,0,-3.14159,-3.14159,-3.14159,0,0,0,0,0,0,0,0,0,0,0,0,0
0,0,0,0,0,0,0,0,0,0,0.0150259,0.0775395,0.0283101,0.0111413,-0.163903,0.0344807,0.0111413,-0.163903,0,0,0,0,0,0,0,0,0,0,0,0,0,0,0,0,0,0,0,0,0,0,0,0,0,0,0,0,0,0,0,0,-0.0162031,-0.0796671,-0.0275562,0,0,0,-0.0350357,0,0,0,0,0,0,0,-3.14159,-3.14159,-3.14159,0,0,0,0,0,0,0,0,0,0,0,0,0
0,0,0,0,0,0,0,0,0,0,0.0170676,0.0746873,0.0294825,0.0100055,-0.164018,0.0344704,0.0100055,-0.164018,0,0,0,0,0,0,0,0,0,0,0,0,0,0,0,0,0,0,0,0,0,0,0,0,0,0,0,0,0,0,0,0,-0.0163336,-0.0794496,-0.0280564,0,0,0,-0.0364385,0,0,0,0,0,0,0,-3.14159,-3.14159,-3.14159,0,0,0,0,0,0,0,0,0,0,0,0,0
0,0,0,0,0,0,0,0,0,0,0.0170192,0.0766552,0.0280443,0.0089907,-0.163998,0.0345948,0.0089907,-0.163998,0,0,0,0,0,0,0,0,0,0,0,0,0,0,0,0,0,0,0,0,0,0,0,0,0,0,0,0,0,0,0,0,-0.0167251,-0.0798629,-0.0281434,0,0,0,-0.0378457,0,0,0,0,0,0,0,-3.14159,-3.14159,-3.14159,0,0,0,0,0,0,0,0,0,0,0,0,0
0,0,0,0,0,0,0,0,0,0,0.0167069,0.0756139,0.0281726,0.00789952,-0.163715,0.0345381,0.00789952,-0.163715,0,0,0,0,0,0,0,0,0,0,0,0,0,0,0,0,0,0,0,0,0,0,0,0,0,0,0,0,0,0,0,0,-0.0170078,-0.0800151,-0.0282521,0,0,0,-0.0392583,0,0,0,0,0,0,0,-3.14159,-3.14159,-3.14159,0,0,0,0,0,0,0,0,0,0,0,0,0
0,0,0,0,0,0,0,0,0,0,0.015478,0.0761311,0.0267359,0.00713832,-0.162608,0.033143,0.00713832,-0.162608,0,0,0,0,0,0,0,0,0,0,0,0,0,0,0,0,0,0,0,0,0,0,0,0,0,0,0,0,0,0,0,0,-0.0168556,-0.0801891,-0.0280999,0,0,0,-0.0406633,0,0,0,0,0,0,0,-3.14159,-3.14159,-3.14159,0,0,0,0,0,0,0,0,0,0,0,0,0
0,0,0,0,0,0,0,0,0,0,0.0150317,0.0749429,0.0269945,0.00717939,-0.161107,0.0321005,0.00717939,-0.161107,0,0,0,0,0,0,0,0,0,0,0,0,0,0,0,0,0,0,0,0,0,0,0,0,0,0,0,0,0,0,0,0,-0.0166816,-0.0800586,-0.0279694,0,0,0,-0.0420618,0,0,0,0,0,0,0,-3.14159,-3.14159,-3.14159,0,0,0,0,0,0,0,0,0,0,0,0,0
0,0,0,0,0,0,0,0,0,0,0.0143208,0.0730961,0.0271224,0.00777765,-0.15966,0.0332167,0.00777765,-0.15966,0,0,0,0,0,0,0,0,0,0,0,0,0,0,0,0,0,0,0,0,0,0,0,0,0,0,0,0,0,0,0,0,-0.0166163,-0.0795801,-0.0277737,0,0,0,-0.0434504,0,0,0,0,0,0,0,-3.14159,-3.14159,-3.14159,0,0,0,0,0,0,0,0,0,0,0,0,0
0,0,0,0,0,0,0,0,0,0,0.0171301,0.0739844,0.0285536,0.00803366,-0.158486,0.0352078,0.00803366,-0.158486,0,0,0,0,0,0,0,0,0,0,0,0,0,0,0,0,0,0,0,0,0,0,0,0,0,0,0,0,0,0,0,0,-0.0166816,-0.0797324,-0.0276214,0,0,0,-0.0448315,0,0,0,0,0,0,0,-3.14159,-3.14159,-3.14159,0,0,0,0,0,0,0,0,0,0,0,0,0
0,0,0,0,0,0,0,0,0,0,0.015372,0.0740825,0.0282898,0.00834021,-0.158062,0.0356593,0.00834021,-0.158062,0,0,0,0,0,0,0,0,0,0,0,0,0,0,0,0,0,0,0,0,0,0,0,0,0,0,0,0,0,0,0,0,-0.0164641,-0.0795801,-0.0276649,0,0,0,-0.0462148,0,0,0,0,0,0,0,-3.14159,-3.14159,-3.14159,0,0,0,0,0,0,0,0,0,0,0,0,0
0,0,0,0,0,0,0,0,0,0,0.0153061,0.0723481,0.0292001,0.00917315,-0.158322,0.0349669,0.00917315,-0.158322,0,0,0,0,0,0,0,0,0,0,0,0,0,0,0,0,0,0,0,0,0,0,0,0,0,0,0,0,0,0,0,0,-0.0162901,-0.0793191,-0.0278389,0,0,0,-0.0476067,0,0,0,0,0,0,0,-3.14159,-3.14159,-3.14159,0,0,0,0,0,0,0,0,0,0,0,0,0
0,0,0,0,0,0,0,0,0,0,0.0156306,0.0724333,0.0276298,0.00932515,-0.158599,0.0349479,0.00932515,-0.158599,0,0,0,0,0,0,0,0,0,0,0,0,0,0,0,0,0,0,0,0,0,0,0,0,0,0,0,0,0,0,0,0,-0.0163771,-0.0789929,-0.0279912,0,0,0,-0.0490063,0,0,0,0,0,0,0,-3.14159,-3.14159,-3.14159,0,0,0,0,0,0,0,0,0,0,0,0,0
0,0,0,0,0,0,0,0,0,0,0.0147796,0.0715981,0.0274966,0.00853921,-0.158467,0.0346575,0.00853921,-0.158467,0,0,0,0,0,0,0,0,0,0,0,0,0,0,0,0,0,0,0,0,0,0,0,0,0,0,0,0,0,0,0,0,-0.0163989,-0.0787319,-0.0280782,0,0,0,-0.0504102,0,0,0,0,0,0,0,-3.14159,-3.14159,-3.14159,0,0,0,0,0,0,0,0,0,0,0,0,0
0,0,0,0,0,0,0,0,0,0,0.0147113,0.0737571,0.0272328,0.00792856,-0.158478,0.0332578,0.00792856,-0.158478,0,0,0,0,0,0,0,0,0,0,0,0,0,0,0,0,0,0,0,0,0,0,0,0,0,0,0,0,0,0,0,0,-0.0165294,-0.0791452,-0.0280999,0,0,0,-0.0518152,0,0,0,0,0,0,0,-3.14159,-3.14159,-3.14159,0,0,0,0,0,0,0,0,0,0,0,0,0
0,0,0,0,0,0,0,0,0,0,0.0146408,0.0719956,0.027751,0.00788804,-0.159348,0.0320508,0.00788804,-0.159348,0,0,0,0,0,0,0,0,0,0,0,0,0,0,0,0,0,0,0,0,0,0,0,0,0,0,0,0,0,0,0,0,-0.0161814,-0.0791234,-0.0279694,0,0,0,-0.0532136,0,0,0,0,0,0,0,-3.14159,-3.14159,-3.14159,0,0,0,0,0,0,0,0,0,0,0,0,0
0,0,0,0,0,0,0,0,0,0,0.0140451,0.0727101,0.0276168,0.00764206,-0.16034,0.0318525,0.00764206,-0.16034,0,0,0,0,0,0,0,0,0,0,0,0,0,0,0,0,0,0,0,0,0,0,0,0,0,0,0,0,0,0,0,0,-0.0160291,-0.0792104,-0.0278607,0,0,0,-0.0546067,0,0,0,0,0,0,0,-3.14159,-3.14159,-3.14159,0,0,0,0,0,0,0,0,0,0,0,0,0
0,0,0,0,0,0,0,0,0,0,0.0138395,0.0728967,0.0267002,0.00706445,-0.160687,0.0323519,0.00706445,-0.160687,0,0,0,0,0,0,0,0,0,0,0,0,0,0,0,0,0,0,0,0,0,0,0,0,0,0,0,0,0,0,0,0,-0.0158551,-0.0796236,-0.0274474,0,0,0,-0.055979,0,0,0,0,0,0,0,-3.14159,-3.14159,-3.14159,0,0,0,0,0,0,0,0,0,0,0,0,0
0,0,0,0,0,0,0,0,0,0,0.0151985,0.0721621,0.0274788,0.00728202,-0.160897,0.0326782,0.00728202,-0.160897,0,0,0,0,0,0,0,0,0,0,0,0,0,0,0,0,0,0,0,0,0,0,0,0,0,0,0,0,0,0,0,0,-0.0158551,-0.0799064,-0.0274257,0,0,0,-0.0573503,0,0,0,0,0,0,0,-3.14159,-3.14159,-3.14159,0,0,0,0,0,0,0,0,0,0,0,0,0
0,0,0,0,0,0,0,0,0,0,0.0142064,0.0701157,0.0283877,0.00793647,-0.161247,0.032914,0.00793647,-0.161247,0,0,0,0,0,0,0,0,0,0,0,0,0,0,0,0,0,0,0,0,0,0,0,0,0,0,0,0,0,0,0,0,-0.0158334,-0.0799934,-0.0275779,0,0,0,-0.0587292,0,0,0,0,0,0,0,-3.14159,-3.14159,-3.14159,0,0,0,0,0,0,0,0,0,0,0,0,0
0,0,0,0,0,0,0,0,0,0,0.016084,0.0717173,0.0277311,0.00816219,-0.161123,0.0324489,0.00816219,-0.161123,0,0,0,0,0,0,0,0,0,0,0,0,0,0,0,0,0,0,0,0,0,0,0,0,0,0,0,0,0,0,0,0,-0.0161379,-0.0799934,-0.0276649,0,0,0,-0.0601125,0,0,0,0,0,0,0,-3.14159,-3.14159,-3.14159,0,0,0,0,0,0,0,0,0,0,0,0,0
0,0,0,0,0,0,0,0,0,0,0.0154787,0.0703124,0.0266827,0.00869294,-0.160245,0.0312685,0.00869294,-0.160245,0,0,0,0,0,0,0,0,0,0,0,0,0,0,0,0,0,0,0,0,0,0,0,0,0,0,0,0,0,0,0,0,-0.0163554,-0.0800586,-0.0274909,0,0,0,-0.061487,0,0,0,0,0,0,0,-3.14159,-3.14159,-3.14159,0,0,0,0,0,0,0,0,0,0,0,0,0
0,0,0,0,0,0,0,0,0,0,0.0135652,0.0702077,0.0278523,0.00953106,-0.158717,0.0308222,0.00953106,-0.158717,0,0,0,0,0,0,0,0,0,0,0,0,0,0,0,0,0,0,0,0,0,0,0,0,0,0,0,0,0,0,0,0,-0.0163554,-0.0799934,-0.0275344,0,0,0,-0.0628637,0,0,0,0,0,0,0,-3.14159,-3.14159,-3.14159,0,0,0,0,0,0,0,0,0,0,0,0,0
0,0,0,0,0,0,0,0,0,0,0.0130871,0.070488,0.0283685,0.00961537,-0.156734,0.0307617,0.00961537,-0.156734,0,0,0,0,0,0,0,0,0,0,0,0,0,0,0,0,0,0,0,0,0,0,0,0,0,0,0,0,0,0,0,0,-0.0163119,-0.0799499,-0.0278172,0,0,0,-0.0642546,0,0,0,0,0,0,0,-3.14159,-3.14159,-3.14159,0,0,0,0,0,0,0,0,0,0,0,0,0
0,0,0,0,0,0,0,0,0,0,0.0137836,0.0688038,0.0273185,0.00903315,-0.155798,0.0299614,0.00903315,-0.155798,0,0,0,0,0,0,0,0,0,0,0,0,0,0,0,0,0,0,0,0,0,0,0,0,0,0,0,0,0,0,0,0,-0.0161596,-0.0797541,-0.0277954,0,0,0,-0.0656444,0,0,0,0,0,0,0,-3.14159,-3.14159,-3.14159,0,0,0,0,0,0,0,0,0,0,0,0,0
0,0,0,0,0,0,0,0,0,0,0.0139554,0.0677692,0.0286187,0.00893099,-0.156635,0.0291826,0.00893099,-0.156635,0,0,0,0,0,0,0,0,0,0,0,0,0,0,0,0,0,0,0,0,0,0,0,0,0,0,0,0,0,0,0,0,-0.0162031,-0.0797324,-0.0278389,0,0,0,-0.0670363,0,0,0,0,0,0,0,-3.14159,-3.14159,-3.14159,0,0,0,0,0,0,0,0,0,0,0,0,0
0,0,0,0,0,0,0,0,0,0,0.0137337,0.068429,0.0276989,0.00897243,-0.157614,0.0299921,0.00897243,-0.157614,0,0,0,0,0,0,0,0,0,0,0,0,0,0,0,0,0,0,0,0,0,0,0,0,0,0,0,0,0,0,0,0,-0.0158986,-0.0795584,-0.0278389,0,0,0,-0.0684283,0,0,0,0,0,0,0,-3.14159,-3.14159,-3.14159,0,0,0,0,0,0,0,0,0,0,0,0,0
0,0,0,0,0,0,0,0,0,0,0.0140326,0.0669955,0.0271715,0.00802542,-0.157704,0.0322302,0.00802542,-0.157704,0,0,0,0,0,0,0,0,0,0,0,0,0,0,0,0,0,0,0,0,0,0,0,0,0,0,0,0,0,0,0,0,-0.0157464,-0.0793844,-0.0279259,0,0,0,-0.0698246,0,0,0,0,0,0,0,-3.14159,-3.14159,-3.14159,0,0,0,0,0,0,0,0,0,0,0,0,0
0,0,0,0,0,0,0,0,0,0,0.0128947,0.067253,0.0286008,0.00667379,-0.158004,0.0341665,0.00667379,-0.158004,0,0,0,0,0,0,0,0,0,0,0,0,0,0,0,0,0,0,0,0,0,0,0,0,0,0,0,0,0,0,0,0,-0.0157246,-0.0792756,-0.0280564,0,0,0,-0.0712274,0,0,0,0,0,0,0,-3.14159,-3.14159,-3.14159,0,0,0,0,0,0,0,0,0,0,0,0,0
0,0,0,0,0,0,0,0,0,0,0.0134519,0.0671148,0.0276831,0.00613479,-0.159625,0.0354486,0.00613479,-0.159625,0,0,0,0,0,0,0,0,0,0,0,0,0,0,0,0,0,0,0,0,0,0,0,0,0,0,0,0,0,0,0,0,-0.0158769,-0.0791017,-0.0279477,0,0,0,-0.0726248,0,0,0,0,0,0,0,-3.14159,-3.14159,-3.14159,0,0,0,0,0,0,0,0,0,0,0,0,0
0,0,0,0,0,0,0,0,0,0,0.0141383,0.0669725,0.0274164,0.00660052,-0.160801,0.0367239,0.00660052,-0.160801,0,0,0,0,0,0,0,0,0,0,0,0,0,0,0,0,0,0,0,0,0,0,0,0,0,0,0,0,0,0,0,0,-0.0160291,-0.0791887,-0.0279694,0,0,0,-0.0740232,0,0,0,0,0,0,0,-3.14159,-3.14159,-3.14159,0,0,0,0,0,0,0,0,0,0,0,0,0
0,0,0,0,0,0,0,0,0,0,0.014693,0.0655198,0.0278022,0.00698528,-0.160494,0.0376439,0.00698528,-0.160494,0,0,0,0,0,0,0,0,0,0,0,0,0,0,0,0,0,0,0,0,0,0,0,0,0,0,0,0,0,0,0,0,-0.0162466,-0.0792104,-0.0278389,0,0,0,-0.0754152,0,0,0,0,0,0,0,-3.14159,-3.14159,-3.14159,0,0,0,0,0,0,0,0,0,0,0,0,0
0,0,0,0,0,0,0,0,0,0,0.0156365,0.0635411,0.0272735,0.00684692,-0.160847,0.0378635,0.00684692,-0.160847,0,0,0,0,0,0,0,0,0,0,0,0,0,0,0,0,0,0,0,0,0,0,0,0,0,0,0,0,0,0,0,0,-0.0166598,-0.0787972,-0.0277737,0,0,0,-0.0768039,0,0,0,0,0,0,0,-3.14159,-3.14159,-3.14159,0,0,0,0,0,0,0,0,0,0,0,0,0
0,0,0,0,0,0,0,0,0,0,0.0152731,0.0659978,0.0273985,0.00692705,-0.16204,0.0372965,0.00692705,-0.16204,0,0,0,0,0,0,0,0,0,0,0,0,0,0,0,0,0,0,0,0,0,0,0,0,0,0,0,0,0,0,0,0,-0.0169643,-0.0790364,-0.0278172,0,0,0,-0.0781947,0,0,0,0,0,0,0,-3.14159,-3.14159,-3.14159,0,0,0,0,0,0,0,0,0,0,0,0,0
0,0,0,0,0,0,0,0,0,0,0.014124,0.0655803,0.0279138,0.00735999,-0.162476,0.0364111,0.00735999,-0.162476,0,0,0,0,0,0,0,0,0,0,0,0,0,0,0,0,0,0,0,0,0,0,0,0,0,0,0,0,0,0,0,0,-0.0172688,-0.0791669,-0.0277084,0,0,0,-0.0795801,0,0,0,0,0,0,0,-3.14159,-3.14159,-3.14159,0,0,0,0,0,0,0,0,0,0,0,0,0
0,0,0,0,0,0,0,0,0,0,0.0124526,0.0637207,0.0282993,0.00798927,-0.161979,0.0358654,0.00798927,-0.161979,0,0,0,0,0,0,0,0,0,0,0,0,0,0,0,0,0,0,0,0,0,0,0,0,0,0,0,0,0,0,0,0,-0.0172036,-0.0790147,-0.0278172,0,0,0,-0.080971,0,0,0,0,0,0,0,-3.14159,-3.14159,-3.14159,0,0,0,0,0,0,0,0,0,0,0,0,0
0,0,0,0,0,0,0,0,0,0,0.0123461,0.0640746,0.0268573,0.00841187,-0.161583,0.0356958,0.00841187,-0.161583,0,0,0,0,0,0,0,0,0,0,0,0,0,0,0,0,0,0,0,0,0,0,0,0,0,0,0,0,0,0,0,0,-0.0170078,-0.0789494,-0.0277302,0,0,0,-0.0823575,0,0,0,0,0,0,0,-3.14159,-3.14159,-3.14159,0,0,0,0,0,0,0,0,0,0,0,0,0
0,0,0,0,0,0,0,0,0,0,0.0114562,0.0619453,0.0273719,0.00836236,-0.161844,0.0360525,0.00836236,-0.161844,0,0,0,0,0,0,0,0,0,0,0,0,0,0,0,0,0,0,0,0,0,0,0,0,0,0,0,0,0,0,0,0,-0.0165729,-0.0787754,-0.0276649,0,0,0,-0.0837407,0,0,0,0,0,0,0,-3.14159,-3.14159,-3.14159,0,0,0,0,0,0,0,0,0,0,0,0,0
0,0,0,0,0,0,0,0,0,0,0.0136966,0.0622942,0.0269733,0.0086406,-0.161473,0.0373092,0.0086406,-0.161473,0,0,0,0,0,0,0,0,0,0,0,0,0,0,0,0,0,0,0,0,0,0,0,0,0,0,0,0,0,0,0,0,-0.0163554,-0.0789929,-0.0276214,0,0,0,-0.0851218,0,0,0,0,0,0,0,-3.14159,-3.14159,-3.14159,0,0,0,0,0,0,0,0,0,0,0,0,0
0,0,0,0,0,0,0,0,0,0,0.0129334,0.0621185,0.0267047,0.00911675,-0.160288,0.0389432,0.00911675,-0.160288,0,0,0,0,0,0,0,0,0,0,0,0,0,0,0,0,0,0,0,0,0,0,0,0,0,0,0,0,0,0,0,0,-0.0160726,-0.0787754,-0.0275127,0,0,0,-0.0864975,0,0,0,0,0,0,0,-3.14159,-3.14159,-3.14159,0,0,0,0,0,0,0,0,0,0,0,0,0
0,0,0,0,0,0,0,0,0,0,0.0125587,0.0620697,0.0260447,0.00939053,-0.159592,0.0405398,0.00939053,-0.159592,0,0,0,0,0,0,0,0,0,0,0,0,0,0,0,0,0,0,0,0,0,0,0,0,0,0,0,0,0,0,0,0,-0.0159204,-0.0786232,-0.0272082,0,0,0,-0.0878579,0,0,0,0,0,0,0,-3.14159,-3.14159,-3.14159,0,0,0,0,0,0,0,0,0,0,0,0,0
0,0,0,0,0,0,0,0,0,0,0.0128346,0.0626703,0.0257755,0.00977649,-0.159532,0.0425685,0.00977649,-0.159532,0,0,0,0,0,0,0,0,0,0,0,0,0,0,0,0,0,0,0,0,0,0,0,0,0,0,0,0,0,0,0,0,-0.0160944,-0.0788842,-0.026795,0,0,0,-0.0891976,0,0,0,0,0,0,0,-3.14159,-3.14159,-3.14159,0,0,0,0,0,0,0,0,0,0,0,0,0
0,0,0,0,0,0,0,0,0,0,0.0115426,0.0622243,0.027333,0.00958337,-0.159564,0.0443406,0.00958337,-0.159564,0,0,0,0,0,0,0,0,0,0,0,0,0,0,0,0,0,0,0,0,0,0,0,0,0,0,0,0,0,0,0,0,-0.0160726,-0.0790147,-0.0268819,0,0,0,-0.0905417,0,0,0,0,0,0,0,-3.14159,-3.14159,-3.14159,0,0,0,0,0,0,0,0,0,0,0,0,0
0,0,0,0,0,0,0,0,0,0,0.0124692,0.0595566,0.0274548,0.00928332,-0.159311,0.044957,0.00928332,-0.159311,0,0,0,0,0,0,0,0,0,0,0,0,0,0,0,0,0,0,0,0,0,0,0,0,0,0,0,0,0,0,0,0,-0.0163554,-0.0790582,-0.0269037,0,0,0,-0.0918869,0,0,0,0,0,0,0,-3.14159,-3.14159,-3.14159,0,0,0,0,0,0,0,0,0,0,0,0,0
0,0,0,0,0,0,0,0,0,0,0.010392,0.0617157,0.0274463,0.00981334,-0.159335,0.0443315,0.00981334,-0.159335,0,0,0,0,0,0,0,0,0,0,0,0,0,0,0,0,0,0,0,0,0,0,0,0,0,0,0,0,0,0,0,0,-0.0159204,-0.0794061,-0.0269907,0,0,0,-0.0932364,0,0,0,0,0,0,0,-3.14159,-3.14159,-3.14159,0,0,0,0,0,0,0,0,0,0,0,0,0
0,0,0,0,0,0,0,0,0,0,0.0140556,0.0599567,0.0280901,0.0103325,-0.159817,0.0420043,0.0103325,-0.159817,0,0,0,0,0,0,0,0,0,0,0,0,0,0,0,0,0,0,0,0,0,0,0,0,0,0,0,0,0,0,0,0,-0.0162249,-0.0794931,-0.0272299,0,0,0,-0.0945979,0,0,0,0,0,0,0,-3.14159,-3.14159,-3.14159,0,0,0,0,0,0,0,0,0,0,0,0,0
0,0,0,0,0,0,0,0,0,0,0.0114532,0.059369,0.0286033,0.0100954,-0.160631,0.0384873,0.0100954,-0.160631,0,0,0,0,0,0,0,0,0,0,0,0,0,0,0,0,0,0,0,0,0,0,0,0,0,0,0,0,0,0,0,0,-0.0161596,-0.0794931,-0.0276649,0,0,0,-0.0959812,0,0,0,0,0,0,0,-3.14159,-3.14159,-3.14159,0,0,0,0,0,0,0,0,0,0,0,0,0
0,0,0,0,0,0,0,0,0,0,0.0122463,0.05943,0.0278115,0.00942176,-0.161835,0.03497,0.00942176,-0.161835,0,0,0,0,0,0,0,0,0,0,0,0,0,0,0,0,0,0,0,0,0,0,0,0,0,0,0,0,0,0,0,0,-0.0161814,-0.0794061,-0.0280129,0,0,0,-0.0973818,0,0,0,0,0,0,0,-3.14159,-3.14159,-3.14159,0,0,0,0,0,0,0,0,0,0,0,0,0
0,0,0,0,0,0,0,0,0,0,0.0127764,0.0602731,0.0262372,0.00925783,-0.162806,0.0327967,0.00925783,-0.162806,0,0,0,0,0,0,0,0,0,0,0,0,0,0,0,0,0,0,0,0,0,0,0,0,0,0,0,0,0,0,0,0,-0.0165076,-0.0795366,-0.0278389,0,0,0,-0.0987738,0,0,0,0,0,0,0,-3.14159,-3.14159,-3.14159,0,0,0,0,0,0,0,0,0,0,0,0,0
0,0,0,0,0,0,0,0,0,0,0.0116081,0.057982,0.027924,0.00954878,-0.162658,0.031968,0.00954878,-0.162658,0,0,0,0,0,0,0,0,0,0,0,0,0,0,0,0,0,0,0,0,0,0,0,0,0,0,0,0,0,0,0,0,-0.0164859,-0.0797324,-0.0279259,0,0,0,-0.10017,0,0,0,0,0,0,0,-3.14159,-3.14159,-3.14159,0,0,0,0,0,0,0,0,0,0,0,0,0
0,0,0,0,0,0,0,0,0,0,0.0140942,0.0567301,0.0272629,0.00928462,-0.161176,0.0314348,0.00928462,-0.161176,0,0,0,0,0,0,0,0,0,0,0,0,0,0,0,0,0,0,0,0,0,0,0,0,0,0,0,0,0,0,0,0,-0.0172253,-0.0793626,-0.0279042,0,0,0,-0.101565,0,0,0,0,0,0,0,-3.14159,-3.14159,-3.14159,0,0,0,0,0,0,0,0,0,0,0,0,0
0,0,0,0,0,0,0,0,0,0,0.0142284,0.0569107,0.0267319,0.00859168,-0.159798,0.0320738,0.00859168,-0.159798,0,0,0,0,0,0,0,0,0,0,0,0,0,0,0,0,0,0,0,0,0,0,0,0,0,0,0,0,0,0,0,0,-0.0173776,-0.0793191,-0.0276867,0,0,0,-0.10295,0,0,0,0,0,0,0,-3.14159,-3.14159,-3.14159,0,0,0,0,0,0,0,0,0,0,0,0,0
0,0,0,0,0,0,0,0,0,0,0.0103162,0.0560463,0.0262004,0.00869546,-0.159263,0.0338606,0.00869546,-0.159263,0,0,0,0,0,0,0,0,0,0,0,0,0,0,0,0,0,0,0,0,0,0,0,0,0,0,0,0,0,0,0,0,-0.0173123,-0.0792321,-0.0272952,0,0,0,-0.104314,0,0,0,0,0,0,0,-3.14159,-3.14159,-3.14159,0,0,0,0,0,0,0,0,0,0,0,0,0
0,0,0,0,0,0,0,0,0,0,0.0109726,0.0580517,0.0285396,0.00916509,-0.158067,0.035037,0.00916509,-0.158067,0,0,0,0,0,0,0,0,0,0,0,0,0,0,0,0,0,0,0,0,0,0,0,0,0,0,0,0,0,0,0,0,-0.0172253,-0.0794714,-0.0274257,0,0,0,-0.105686,0,0,0,0,0,0,0,-3.14159,-3.14159,-3.14159,0,0,0,0,0,0,0,0,0,0,0,0,0
0,0,0,0,0,0,0,0,0,0,0.0100586,0.0547054,0.026834,0.00935188,-0.156055,0.0349643,0.00935188,-0.156055,0,0,0,0,0,0,0,0,0,0,0,0,0,0,0,0,0,0,0,0,0,0,0,0,0,0,0,0,0,0,0,0,-0.0168991,-0.0790147,-0.0275344,0,0,0,-0.107062,0,0,0,0,0,0,0,-3.14159,-3.14159,-3.14159,0,0,0,0,0,0,0,0,0,0,0,0,0
0,0,0,0,0,0,0,0,0,0,0.0104488,0.0540962,0.0276077,0.00968051,-0.155383,0.0344701,0.00968051,-0.155383,0,0,0,0,0,0,0,0,0,0,0,0,0,0,0,0,0,0,0,0,0,0,0,0,0,0,0,0,0,0,0,0,-0.0168338,-0.0788407,-0.0274909,0,0,0,-0.108437,0,0,0,0,0,0,0,-3.14159,-3.14159,-3.14159,0,0,0,0,0,0,0,0,0,0,0,0,0
0,0,0,0,0,0,0,0,0,0,0.00901318,0.055443,0.0277273,0.00976537,-0.156108,0.0345118,0.00976537,-0.156108,0,0,0,0,0,0,0,0,0,0,0,0,0,0,0,0,0,0,0,0,0,0,0,0,0,0,0,0,0,0,0,0,-0.0161161,-0.0791017,-0.0275779,0,0,0,-0.109816,0,0,0,0,0,0,0,-3.14159,-3.14159,-3.14159,0,0,0,0,0,0,0,0,0,0,0,0,0
0,0,0,0,0,0,0,0,0,0,0.010838,0.0549632,0.027065,0.010089,-0.15675,0.0352104,0.010089,-0.15675,0,0,0,0,0,0,0,0,0,0,0,0,0,0,0,0,0,0,0,0,0,0,0,0,0,0,0,0,0,0,0,0,-0.0156811,-0.0792539,-0.0276432,0,0,0,-0.111198,0,0,0,0,0,0,0,-3.14159,-3.14159,-3.14159,0,0,0,0,0,0,0,0,0,0,0,0,0
0,0,0,0,0,0,0,0,0,0,0.00979155,0.0551341,0.0277078,0.0104251,-0.157034,0.036577,0.0104251,-0.157034,0,0,0,0,0,0,0,0,0,0,0,0,0,0,0,0,0,0,0,0,0,0,0,0,0,0,0,0,0,0,0,0,-0.0157246,-0.0795801,-0.0279042,0,0,0,-0.112593,0,0,0,0,0,0,0,-3.14159,-3.14159,-3.14159,0,0,0,0,0,0,0,0,0,0,0,0,0
0,0,0,0,0,0,0,0,0,0,0.0100476,0.0524349,0.0275665,0.00978505,-0.157567,0.0381524,0.00978505,-0.157567,0,0,0,0,0,0,0,0,0,0,0,0,0,0,0,0,0,0,0,0,0,0,0,0,0,0,0,0,0,0,0,0,-0.0157029,-0.0791234,-0.0277519,0,0,0,-0.113981,0,0,0,0,0,0,0,-3.14159,-3.14159,-3.14159,0,0,0,0,0,0,0,0,0,0,0,0,0
0,0,0,0,0,0,0,0,0,0,0.00873927,0.0520826,0.0272951,0.00890897,-0.158658,0.0388532,0.00890897,-0.158658,0,0,0,0,0,0,0,0,0,0,0,0,0,0,0,0,0,0,0,0,0,0,0,0,0,0,0,0,0,0,0,0,-0.0156159,-0.0791669,-0.0278389,0,0,0,-0.115373,0,0,0,0,0,0,0,-3.14159,-3.14159,-3.14159,0,0,0,0,0,0,0,0,0,0,0,0,0
0,0,0,0,0,0,0,0,0,0,0.00952015,0.0506828,0.0281981,0.00834654,-0.159561,0.0391675,0.00834654,-0.159561,0,0,0,0,0,0,0,0,0,0,0,0,0,0,0,0,0,0,0,0,0,0,0,0,0,0,0,0,0,0,0,0,-0.0155941,-0.0790799,-0.0279477,0,0,0,-0.11677,0,0,0,0,0,0,0,-3.14159,-3.14159,-3.14159,0,0,0,0,0,0,0,0,0,0,0,0,0
0,0,0,0,0,0,0,0,0,0,0.00990611,0.0516326,0.0277966,0.00805842,-0.159958,0.0398657,0.00805842,-0.159958,0,0,0,0,0,0,0,0,0,0,0,0,0,0,0,0,0,0,0,0,0,0,0,0,0,0,0,0,0,0,0,0,-0.0158769,-0.0789277,-0.0279694,0,0,0,-0.118169,0,0,0,0,0,0,0,-3.14159,-3.14159,-3.14159,0,0,0,0,0,0,0,0,0,0,0,0,0
0,0,0,0,0,0,0,0,0,0,0.0117263,0.0501025,0.027655,0.00792109,-0.160066,0.0397533,0.00792109,-0.160066,0,0,0,0,0,0,0,0,0,0,0,0,0,0,0,0,0,0,0,0,0,0,0,0,0,0,0,0,0,0,0,0,-0.0161596,-0.0786014,-0.0280782,0,0,0,-0.119572,0,0,0,0,0,0,0,-3.14159,-3.14159,-3.14159,0,0,0,0,0,0,0,0,0,0,0,0,0
0,0,0,0,0,0,0,0,0,0,0.0111958,0.0507897,0.027123,0.0081459,-0.16029,0.0382305,0.0081459,-0.16029,0,0,0,0,0,0,0,0,0,0,0,0,0,0,0,0,0,0,0,0,0,0,0,0,0,0,0,0,0,0,0,0,-0.0165294,-0.0783622,-0.0279912,0,0,0,-0.120972,0,0,0,0,0,0,0,-3.14159,-3.14159,-3.14159,0,0,0,0,0,0,0,0,0,0,0,0,0
0,0,0,0,0,0,0,0,0,0,0.0109253,0.0501719,0.0278943,0.00898786,-0.160856,0.0367007,0.00898786,-0.160856,0,0,0,0,0,0,0,0,0,0,0,0,0,0,0,0,0,0,0,0,0,0,0,0,0,0,0,0,0,0,0,0,-0.0168121,-0.0784709,-0.0280564,0,0,0,-0.122375,0,0,0,0,0,0,0,-3.14159,-3.14159,-3.14159,0,0,0,0,0,0,0,0,0,0,0,0,0
0,0,0,0,0,0,0,0,0,0,0.00856563,0.0477275,0.0269692,0.0094754,-0.16114,0.0362313,0.0094754,-0.16114,0,0,0,0,0,0,0,0,0,0,0,0,0,0,0,0,0,0,0,0,0,0,0,0,0,0,0,0,0,0,0,0,-0.0169208,-0.0782317,-0.0280129,0,0,0,-0.123775,0,0,0,0,0,0,0,-3.14159,-3.14159,-3.14159,0,0,0,0,0,0,0,0,0,0,0,0,0
0,0,0,0,0,0,0,0,0,0,0.00803514,0.0493255,0.0272181,0.00947709,-0.160867,0.0357923,0.00947709,-0.160867,0,0,0,0,0,0,0,0,0,0,0,0,0,0,0,0,0,0,0,0,0,0,0,0,0,0,0,0,0,0,0,0,-0.0168121,-0.0784927,-0.0278607,0,0,0,-0.125169,0,0,0,0,0,0,0,-3.14159,-3.14159,-3.14159,0,0,0,0,0,0,0,0,0,0,0,0,0
0,0,0,0,0,0,0,0,0,0,0.00959011,0.0484442,0.0274684,0.00989032,-0.160292,0.0340314,0.00989032,-0.160292,0,0,0,0,0,0,0,0,0,0,0,0,0,0,0,0,0,0,0,0,0,0,0,0,0,0,0,0,0,0,0,0,-0.0168991,-0.0784492,-0.0278172,0,0,0,-0.126559,0,0,0,0,0,0,0,-3.14159,-3.14159,-3.14159,0,0,0,0,0,0,0,0,0,0,0,0,0
0,0,0,0,0,0,0,0,0,0,0.00918582,0.0493885,0.0279791,0.0103577,-0.159579,0.0325576,0.0103577,-0.159579,0,0,0,0,0,0,0,0,0,0,0,0,0,0,0,0,0,0,0,0,0,0,0,0,0,0,0,0,0,0,0,0,-0.0166163,-0.0788189,-0.0278824,0,0,0,-0.127954,0,0,0,0,0,0,0,-3.14159,-3.14159,-3.14159,0,0,0,0,0,0,0,0,0,0,0,0,0
0,0,0,0,0,0,0,0,0,0,0.00904225,0.0482436,0.0278375,0.0103452,-0.158655,0.0325674,0.0103452,-0.158655,0,0,0,0,0,0,0,0,0,0,0,0,0,0,0,0,0,0,0,0,0,0,0,0,0,0,0,0,0,0,0,0,-0.0163989,-0.0788842,-0.0280129,0,0,0,-0.129354,0,0,0,0,0,0,0,-3.14159,-3.14159,-3.14159,0,0,0,0,0,0,0,0,0,0,0,0,0
0,0,0,0,0,0,0,0,0,0,0.0082451,0.0468395,0.0269125,0.0100312,-0.15828,0.0324988,0.0100312,-0.15828,0,0,0,0,0,0,0,0,0,0,0,0,0,0,0,0,0,0,0,0,0,0,0,0,0,0,0,0,0,0,0,0,-0.0160944,-0.0788189,-0.0278607,0,0,0,-0.130747,0,0,0,0,0,0,0,-3.14159,-3.14159,-3.14159,0,0,0,0,0,0,0,0,0,0,0,0,0
0,0,0,0,0,0,0,0,0,0,0.00875358,0.0475246,0.0275538,0.0100626,-0.158877,0.0312987,0.0100626,-0.158877,0,0,0,0,0,0,0,0,0,0,0,0,0,0,0,0,0,0,0,0,0,0,0,0,0,0,0,0,0,0,0,0,-0.0162684,-0.0792756,-0.0279694,0,0,0,-0.132146,0,0,0,0,0,0,0,-3.14159,-3.14159,-3.14159,0,0,0,0,0,0,0,0,0,0,0,0,0
0,0,0,0,0,0,0,0,0,0,0.00860897,0.0458603,0.0279333,0.0104088,-0.15938,0.0307844,0.0104088,-0.15938,0,0,0,0,0,0,0,0,0,0,0,0,0,0,0,0,0,0,0,0,0,0,0,0,0,0,0,0,0,0,0,0,-0.0165076,-0.0791887,-0.0280999,0,0,0,-0.133551,0,0,0,0,0,0,0,-3.14159,-3.14159,-3.14159,0,0,0,0,0,0,0,0,0,0,0,0,0
0,0,0,0,0,0,0,0,0,0,0.00689826,0.0436724,0.0263557,0.0101988,-0.160154,0.0325102,0.0101988,-0.160154,0,0,0,0,0,0,0,0,0,0,0,0,0,0,0,0,0,0,0,0,0,0,0,0,0,0,0,0,0,0,0,0,-0.0162031,-0.0788842,-0.0279259,0,0,0,-0.134947,0,0,0,0,0,0,0,-3.14159,-3.14159,-3.14159,0,0,0,0,0,0,0,0,0,0,0,0,0
0,0,0,0,0,0,0,0,0,0,0.00884062,0.0455315,0.0260845,0.00946713,-0.161442,0.0337968,0.00946713,-0.161442,0,0,0,0,0,0,0,0,0,0,0,0,0,0,0,0,0,0,0,0,0,0,0,0,0,0,0,0,0,0,0,0,-0.0162901,-0.0787319,-0.0276214,0,0,0,-0.136328,0,0,0,0,0,0,0,-3.14159,-3.14159,-3.14159,0,0,0,0,0,0,0,0,0,0,0,0,0
0,0,0,0,0,0,0,0,0,0,0.00804177,0.044781,0.0288138,0.00915241,-0.162098,0.0333253,0.00915241,-0.162098,0,0,0,0,0,0,0,0,0,0,0,0,0,0,0,0,0,0,0,0,0,0,0,0,0,0,0,0,0,0,0,0,-0.0162684,-0.0786449,-0.0277954,0,0,0,-0.137718,0,0,0,0,0,0,0,-3.14159,-3.14159,-3.14159,0,0,0,0,0,0,0,0,0,0,0,0,0
0,0,0,0,0,0,0,0,0,0,0.00828772,0.0461162,0.0269755,0.00942409,-0.162082,0.0330169,0.00942409,-0.162082,0,0,0,0,0,0,0,0,0,0,0,0,0,0,0,0,0,0,0,0,0,0,0,0,0,0,0,0,0,0,0,0,-0.0164206,-0.0790147,-0.0278172,0,0,0,-0.139109,0,0,0,0,0,0,0,-3.14159,-3.14159,-3.14159,0,0,0,0,0,0,0,0,0,0,0,0,0
0,0,0,0,0,0,0,0,0,0,0.00774877,0.0441905,0.0267019,0.0093904,-0.16194,0.03453,0.0093904,-0.16194,0,0,0,0,0,0,0,0,0,0,0,0,0,0,0,0,0,0,0,0,0,0,0,0,0,0,0,0,0,0,0,0,-0.0163989,-0.0789494,-0.0276867,0,0,0,-0.140493,0,0,0,0,0,0,0,-3.14159,-3.14159,-3.14159,0,0,0,0,0,0,0,0,0,0,0,0,0
0,0,0,0,0,0,0,0,0,0,0.00929655,0.0447467,0.0272113,0.0090515,-0.161884,0.0368043,0.0090515,-0.161884,0,0,0,0,0,0,0,0,0,0,0,0,0,0,0,0,0,0,0,0,0,0,0,0,0,0,0,0,0,0,0,0,-0.0166598,-0.0792539,-0.0275779,0,0,0,-0.141872,0,0,0,0,0,0,0,-3.14159,-3.14159,-3.14159,0,0,0,0,0,0,0,0,0,0,0,0,0
0,0,0,0,0,0,0,0,0,0,0.00601609,0.0437362,0.026546,0.00905728,-0.161909,0.0372754,0.00905728,-0.161909,0,0,0,0,0,0,0,0,0,0,0,0,0,0,0,0,0,0,0,0,0,0,0,0,0,0,0,0,0,0,0,0,-0.0166598,-0.0797541,-0.0276214,0,0,0,-0.143253,0,0,0,0,0,0,0,-3.14159,-3.14159,-3.14159,0,0,0,0,0,0,0,0,0,0,0,0,0
0,0,0,0,0,0,0,0,0,0,0.00795472,0.044683,0.0274464,0.0092908,-0.161421,0.036739,0.0092908,-0.161421,0,0,0,0,0,0,0,0,0,0,0,0,0,0,0,0,0,0,0,0,0,0,0,0,0,0,0,0,0,0,0,0,-0.0166598,-0.0801021,-0.0278607,0,0,0,-0.144646,0,0,0,0,0,0,0,-3.14159,-3.14159,-3.14159,0,0,0,0,0,0,0,0,0,0,0,0,0
