0,0,0,0,0,0,0,0,0,0,0,0,0,0,0,0,0,0,0,0,0,0,0,0,0,0,0,0,0,0,0,0,0,0,0,0,0,0,0,0,0,0,0,0,0,0,0,0,0,0,0,0,0,0,0,0,0,0,0,0,0,0,0,0,0,0,0,0,0,0,0,0,0,0,0,0,0,0,0,0
0,0,0,0,0,0,0,0,0,0,0.0157899,0.0784274,0.0262295,0.0004092,-0.00800862,9.33279,0.0004092,-0.00800862,0,0,0,0,0,0,0,0,0,0,0,0,0,0,0,0,0,0,0,0,0,0,0,0,0,0,0,0,0,0,0,0,-0.00263165,-0.0130712,-0.00437158,0,0,0,-0.000218579,0,0,0,0,0,0,0,0,0,0,0,0,0,0,0,0,0,0,0,0,0,0,0
0,0,0,0,0,0,0,0,0,0,0.0146205,0.0786839,0.027404,0.00166603,-0.0318007,7.90108,0.00166603,-0.0318007,0,0,0,0,0,0,0,0,0,0,0,0,0,0,0,0,0,0,0,0,0,0,0,0,0,0,0,0,0,0,0,0,-0.00506755,-0.026186,-0.0089389,0,0,0,-0.000665524,0,0,0,0,0,0,0,-3.14159,-3.14159,-3.14159,0,0,0,0,0,0,0,0,0,0,0,0,0
0,0,0,0,0,0,0,0,0,0,0.0155424,0.0804815,0.0266236,0.0029111,-0.061818,6.07331,0.0029111,-0.061818,0,0,0,0,0,0,0,0,0,0,0,0,0,0,0,0,0,0,0,0,0,0,0,0,0,0,0,0,0,0,0,0,-0.0076557,-0.0396052,-0.0133757,0,0,0,-0.00133431,0,0,0,0,0,0,0,-3.14159,-3.14159,-3.14159,0,0,0,0,0,0,0,0,0,0,0,0,0
0,0,0,0,0,0,0,0,0,0,0.0171142,0.0800455,0.0255805,0.00360155,-0.0890397,4.40902,0.00360155,-0.0890397,0,0,0,0,0,0,0,0,0,0,0,0,0,0,0,0,0,0,0,0,0,0,0,0,0,0,0,0,0,0,0,0,-0.0105048,-0.0529592,-0.0176386,0,0,0,-0.00221624,0,0,0,0,0,0,0,-3.14159,-3.14159,-3.14159,0,0,0,0,0,0,0,0,0,0,0,0,0
0,0,0,0,0,0,0,0,0,0,0.0162058,0.0796095,0.0283227,0.00455707,-0.115076,2.81335,0.00455707,-0.115076,0,0,0,0,0,0,0,0,0,0,0,0,0,0,0,0,0,0,0,0,0,0,0,0,0,0,0,0,0,0,0,0,-0.0132017,-0.0662479,-0.0223581,0,0,0,-0.00333414,0,0,0,0,0,0,0,-3.14159,-3.14159,-3.14159,0,0,0,0,0,0,0,0,0,0,0,0,0
0,0,0,0,0,0,0,0,0,0,0.0159479,0.0783836,0.0255833,0.00581235,-0.141564,1.18951,0.00581235,-0.141564,0,0,0,0,0,0,0,0,0,0,0,0,0,0,0,0,0,0,0,0,0,0,0,0,0,0,0,0,0,0,0,0,-0.0158551,-0.0793409,-0.026621,0,0,0,-0.00466519,0,0,0,0,0,0,0,-3.14159,-3.14159,-3.14159,0,0,0,0,0,0,0,0,0,0,0,0,0
0,0,0,0,0,0,0,0,0,0,0.0151647,0.0785823,0.0266282,0.00667141,-0.16045,0.030384,0.00667141,-0.16045,0,0,0,0,0,0,0,0,0,0,0,0,0,0,0,0,0,0,0,0,0,0,0,0,0,0,0,0,0,0,0,0,-0.0157464,-0.0794061,-0.0266862,0,0,0,-0.0059995,0,0,0,0,0,0,0,-3.14159,-3.14159,-3.14159,0,0,0,0,0,0,0,0,0,0,0,0,0
0,0,0,0,0,0,0,0,0,0,0.0137283,0.0804677,0.0278042,0.00680678,-0.163037,-0.170095,0.00680678,-0.163037,0,0,0,0,0,0,0,0,0,0,0,0,0,0,0,0,0,0,0,0,0,0,0,0,0,0,0,0,0,0,0,0,-0.0155941,-0.0797541,-0.0267515,0,0,0,-0.00733708,0,0,0,0,0,0,0,-3.14159,-3.14159,-3.14159,0,0,0,0,0,0,0,0,0,0,0,0,0
0,0,0,0,0,0,0,0,0,0,0.0173789,0.0798641,0.0262404,0.00674707,-0.159183,0.0274937,0.00674707,-0.159183,0,0,0,0,0,0,0,0,0,0,0,0,0,0,0,0,0,0,0,0,0,0,0,0,0,0,0,0,0,0,0,0,-0.0158986,-0.0797106,-0.0266862,0,0,0,-0.00867139,0,0,0,0,0,0,0,-3.14159,-3.14159,-3.14159,0,0,0,0,0,0,0,0,0,0,0,0,0
0,0,0,0,0,0,0,0,0,0,0.0154159,0.0782076,0.0272861,0.00736688,-0.158505,0.0611597,0.00736688,-0.158505,0,0,0,0,0,0,0,0,0,0,0,0,0,0,0,0,0,0,0,0,0,0,0,0,0,0,0,0,0,0,0,0,-0.0156159,-0.0794714,-0.0269689,0,0,0,-0.0100198,0,0,0,0,0,0,0,-3.14159,-3.14159,-3.14159,0,0,0,0,0,0,0,0,0,0,0,0,0
0,0,0,0,0,0,0,0,0,0,0.0173669,0.0787609,0.0267644,0.00834166,-0.158816,0.0262359,0.00834166,-0.158816,0,0,0,0,0,0,0,0,0,0,0,0,0,0,0,0,0,0,0,0,0,0,0,0,0,0,0,0,0,0,0,0,-0.0158116,-0.0794061,-0.026708,0,0,0,-0.0113552,0,0,0,0,0,0,0,-3.14159,-3.14159,-3.14159,0,0,0,0,0,0,0,0,0,0,0,0,0
0,0,0,0,0,0,0,0,0,0,0.0147451,0.0798275,0.0268958,0.00899526,-0.158581,0.0200505,0.00899526,-0.158581,0,0,0,0,0,0,0,0,0,0,0,0,0,0,0,0,0,0,0,0,0,0,0,0,0,0,0,0,0,0,0,0,-0.0156159,-0.0797324,-0.0269254,0,0,0,-0.0127015,0,0,0,0,0,0,0,-3.14159,-3.14159,-3.14159,0,0,0,0,0,0,0,0,0,0,0,0,0
0,0,0,0,0,0,0,0,0,0,0.0155158,0.0791882,0.0265051,0.0093249,-0.157944,0.0268316,0.0093249,-0.157944,0,0,0,0,0,0,0,0,0,0,0,0,0,0,0,0,0,0,0,0,0,0,0,0,0,0,0,0,0,0,0,0,-0.0156811,-0.0799281,-0.0269037,0,0,0,-0.0140467,0,0,0,0,0,0,0,-3.14159,-3.14159,-3.14159,0,0,0,0,0,0,0,0,0,0,0,0,0
0,0,0,0,0,0,0,0,0,0,0.0149813,0.0782787,0.0278107,0.00932967,-0.157633,0.0296466,0.00932967,-0.157633,0,0,0,0,0,0,0,0,0,0,0,0,0,0,0,0,0,0,0,0,0,0,0,0,0,0,0,0,0,0,0,0,-0.0158986,-0.0796671,-0.0269037,0,0,0,-0.0153919,0,0,0,0,0,0,0,-3.14159,-3.14159,-3.14159,0,0,0,0,0,0,0,0,0,0,0,0,0
0,0,0,0,0,0,0,0,0,0,0.0145746,0.0784045,0.0266377,0.00947772,-0.157889,0.0303245,0.00947772,-0.157889,0,0,0,0,0,0,0,0,0,0,0,0,0,0,0,0,0,0,0,0,0,0,0,0,0,0,0,0,0,0,0,0,-0.0154419,-0.0795366,-0.0269689,0,0,0,-0.0167403,0,0,0,0,0,0,0,-3.14159,-3.14159,-3.14159,0,0,0,0,0,0,0,0,0,0,0,0,0
0,0,0,0,0,0,0,0,0,0,0.0135134,0.0774787,0.0258554,0.00944767,-0.158176,0.031566,0.00944767,-0.158176,0,0,0,0,0,0,0,0,0,0,0,0,0,0,0,0,0,0,0,0,0,0,0,0,0,0,0,0,0,0,0,0,-0.0151374,-0.0795366,-0.0267297,0,0,0,-0.0180768,0,0,0,0,0,0,0,-3.14159,-3.14159,-3.14159,0,0,0,0,0,0,0,0,0,0,0,0,0
0,0,0,0,0,0,0,0,0,0,0.0157112,0.0775898,0.0268987,0.00875001,-0.158629,0.0328235,0.00875001,-0.158629,0,0,0,0,0,0,0,0,0,0,0,0,0,0,0,0,0,0,0,0,0,0,0,0,0,0,0,0,0,0,0,0,-0.0148764,-0.0794714,-0.0267515,0,0,0,-0.0194144,0,0,0,0,0,0,0,-3.14159,-3.14159,-3.14159,0,0,0,0,0,0,0,0,0,0,0,0,0
0,0,0,0,0,0,0,0,0,0,0.0147752,0.0796495,0.028334,0.00860903,-0.15893,0.0329612,0.00860903,-0.15893,0,0,0,0,0,0,0,0,0,0,0,0,0,0,0,0,0,0,0,0,0,0,0,0,0,0,0,0,0,0,0,0,-0.0148982,-0.0795801,-0.0269907,0,0,0,-0.0207639,0,0,0,0,0,0,0,-3.14159,-3.14159,-3.14159,0,0,0,0,0,0,0,0,0,0,0,0,0
0,0,0,0,0,0,0,0,0,0,0.0142282,0.0770018,0.0282042,0.00887487,-0.159379,0.032044,0.00887487,-0.159379,0,0,0,0,0,0,0,0,0,0,0,0,0,0,0,0,0,0,0,0,0,0,0,0,0,0,0,0,0,0,0,0,-0.0147024,-0.0793626,-0.0272734,0,0,0,-0.0221276,0,0,0,0,0,0,0,-3.14159,-3.14159,-3.14159,0,0,0,0,0,0,0,0,0,0,0,0,0
0,0,0,0,0,0,0,0,0,0,0.0140695,0.0761737,0.0271597,0.00869446,-0.160554,0.0305881,0.00869446,-0.160554,0,0,0,0,0,0,0,0,0,0,0,0,0,0,0,0,0,0,0,0,0,0,0,0,0,0,0,0,0,0,0,0,-0.0145719,-0.0791669,-0.0271647,0,0,0,-0.0234858,0,0,0,0,0,0,0,-3.14159,-3.14159,-3.14159,0,0,0,0,0,0,0,0,0,0,0,0,0
0,0,0,0,0,0,0,0,0,0,0.0161305,0.0786003,0.0276815,0.00818119,-0.160887,0.0294595,0.00818119,-0.160887,0,0,0,0,0,0,0,0,0,0,0,0,0,0,0,0,0,0,0,0,0,0,0,0,0,0,0,0,0,0,0,0,-0.0148547,-0.0793626,-0.0273387,0,0,0,-0.0248528,0,0,0,0,0,0,0,-3.14159,-3.14159,-3.14159,0,0,0,0,0,0,0,0,0,0,0,0,0
