0,0,0,0,0,0,0,0,0,0,0,0,0,0,0,0,0,0,0,0,0,0,0,0,0,0,0,0,0,0,0,0,0,0,0,0,0,0,0,0,0,0,0,0,0,0,0,0,0,0,0,0,0,0,0,0,0,0,0,0,0,0,0,0,0,0,0,0,0,0,0,0,0,0,0,0,0,0,0,0
0,0,0,0,0,0,0,0,0,0,0.0187913,0.0785579,0.0281869,0.000701485,-0.00777479,9.33264,0.000701485,-0.00777479,0,0,0,0,0,0,0,0,0,0,0,0,0,0,0,0,0,0,0,0,0,0,0,0,0,0,0,0,0,0,0,0,-0.00313188,-0.013093,-0.00469782,0,0,0,-0.000234891,0,0,0,0,0,0,0,0,0,0,0,0,0,0,0,0,0,0,0,0,0,0,0
0,0,0,0,0,0,0,0,0,0,0.017101,0.0782919,0.0284479,0.0024552,-0.0310992,7.90047,0.0024552,-0.0310992,0,0,0,0,0,0,0,0,0,0,0,0,0,0,0,0,0,0,0,0,0,0,0,0,0,0,0,0,0,0,0,0,-0.00598102,-0.0261425,-0.00943913,0,0,0,-0.000706847,0,0,0,0,0,0,0,-3.14159,-3.14159,-3.14159,0,0,0,0,0,0,0,0,0,0,0,0,0
0,0,0,0,0,0,0,0,0,0,0.0144997,0.0776107,0.026491,0.00432238,-0.0606598,6.07284,0.00432238,-0.0606598,0,0,0,0,0,0,0,0,0,0,0,0,0,0,0,0,0,0,0,0,0,0,0,0,0,0,0,0,0,0,0,0,-0.00839517,-0.0390832,-0.0138542,0,0,0,-0.00139956,0,0,0,0,0,0,0,-3.14159,-3.14159,-3.14159,0,0,0,0,0,0,0,0,0,0,0,0,0
0,0,0,0,0,0,0,0,0,0,0.0175075,0.0793943,0.0280571,0.00595058,-0.0874064,4.40979,0.00595058,-0.0874064,0,0,0,0,0,0,0,0,0,0,0,0,0,0,0,0,0,0,0,0,0,0,0,0,0,0,0,0,0,0,0,0,-0.0113096,-0.0523285,-0.0185303,0,0,0,-0.00232607,0,0,0,0,0,0,0,-3.14159,-3.14159,-3.14159,0,0,0,0,0,0,0,0,0,0,0,0,0
0,0,0,0,0,0,0,0,0,0,0.0173817,0.0785676,0.0275342,0.00744239,-0.113405,2.8155,0.00744239,-0.113405,0,0,0,0,0,0,0,0,0,0,0,0,0,0,0,0,0,0,0,0,0,0,0,0,0,0,0,0,0,0,0,0,-0.0142022,-0.0654432,-0.0231193,0,0,0,-0.00348204,0,0,0,0,0,0,0,-3.14159,-3.14159,-3.14159,0,0,0,0,0,0,0,0,0,0,0,0,0
0,0,0,0,0,0,0,0,0,0,0.016602,0.0799537,0.0284472,0.00882906,-0.140178,1.19291,0.00882906,-0.140178,0,0,0,0,0,0,0,0,0,0,0,0,0,0,0,0,0,0,0,0,0,0,0,0,0,0,0,0,0,0,0,0,-0.0169643,-0.0787972,-0.0278607,0,0,0,-0.00487507,0,0,0,0,0,0,0,-3.14159,-3.14159,-3.14159,0,0,0,0,0,0,0,0,0,0,0,0,0
0,0,0,0,0,0,0,0,0,0,0.0173855,0.0797633,0.0266205,0.00974225,-0.1591,0.0359183,0.00974225,-0.1591,0,0,0,0,0,0,0,0,0,0,0,0,0,0,0,0,0,0,0,0,0,0,0,0,0,0,0,0,0,0,0,0,-0.0167251,-0.0790364,-0.0275997,0,0,0,-0.00625506,0,0,0,0,0,0,0,-3.14159,-3.14159,-3.14159,0,0,0,0,0,0,0,0,0,0,0,0,0
0,0,0,0,0,0,0,0,0,0,0.0181661,0.0790403,0.0280551,0.00979662,-0.16196,-0.161735,0.00979662,-0.16196,0,0,0,0,0,0,0,0,0,0,0,0,0,0,0,0,0,0,0,0,0,0,0,0,0,0,0,0,0,0,0,0,-0.0168991,-0.0792104,-0.0275344,0,0,0,-0.00763178,0,0,0,0,0,0,0,-3.14159,-3.14159,-3.14159,0,0,0,0,0,0,0,0,0,0,0,0,0
0,0,0,0,0,0,0,0,0,0,0.0154201,0.0783083,0.0257048,0.00943534,-0.158509,0.0370664,0.00943534,-0.158509,0,0,0,0,0,0,0,0,0,0,0,0,0,0,0,0,0,0,0,0,0,0,0,0,0,0,0,0,0,0,0,0,-0.0170513,-0.0793844,-0.0274039,0,0,0,-0.00900197,0,0,0,0,0,0,0,-3.14159,-3.14159,-3.14159,0,0,0,0,0,0,0,0,0,0,0,0,0
0,0,0,0,0,0,0,0,0,0,0.0155438,0.0797859,0.0279228,0.00904604,-0.158135,0.0698676,0.00904604,-0.158135,0,0,0,0,0,0,0,0,0,0,0,0,0,0,0,0,0,0,0,0,0,0,0,0,0,0,0,0,0,0,0,0,-0.0167251,-0.0795149,-0.0273822,0,0,0,-0.0103711,0,0,0,0,0,0,0,-3.14159,-3.14159,-3.14159,0,0,0,0,0,0,0,0,0,0,0,0,0
0,0,0,0,0,0,0,0,0,0,0.0161866,0.0792981,0.0275299,0.00884497,-0.159195,0.0337712,0.00884497,-0.159195,0,0,0,0,0,0,0,0,0,0,0,0,0,0,0,0,0,0,0,0,0,0,0,0,0,0,0,0,0,0,0,0,-0.0165294,-0.0797106,-0.0273822,0,0,0,-0.0117402,0,0,0,0,0,0,0,-3.14159,-3.14159,-3.14159,0,0,0,0,0,0,0,0,0,0,0,0,0
0,0,0,0,0,0,0,0,0,0,0.0153896,0.0780206,0.0259632,0.00859025,-0.15996,0.0272373,0.00859025,-0.15996,0,0,0,0,0,0,0,0,0,0,0,0,0,0,0,0,0,0,0,0,0,0,0,0,0,0,0,0,0,0,0,0,-0.0163336,-0.0794714,-0.0269689,0,0,0,-0.0130886,0,0,0,0,0,0,0,-3.14159,-3.14159,-3.14159,0,0,0,0,0,0,0,0,0,0,0,0,0
0,0,0,0,0,0,0,0,0,0,0.0165508,0.0805185,0.0280511,0.00844938,-0.160129,0.033109,0.00844938,-0.160129,0,0,0,0,0,0,0,0,0,0,0,0,0,0,0,0,0,0,0,0,0,0,0,0,0,0,0,0,0,0,0,0,-0.0162031,-0.0796889,-0.0272082,0,0,0,-0.014449,0,0,0,0,0,0,0,-3.14159,-3.14159,-3.14159,0,0,0,0,0,0,0,0,0,0,0,0,0
0,0,0,0,0,0,0,0,0,0,0.0167957,0.0783077,0.027658,0.00860999,-0.160378,0.0334408,0.00860999,-0.160378,0,0,0,0,0,0,0,0,0,0,0,0,0,0,0,0,0,0,0,0,0,0,0,0,0,0,0,0,0,0,0,0,-0.0159856,-0.0796671,-0.0271429,0,0,0,-0.0158062,0,0,0,0,0,0,0,-3.14159,-3.14159,-3.14159,0,0,0,0,0,0,0,0,0,0,0,0,0
0,0,0,0,0,0,0,0,0,0,0.0149508,0.0779136,0.0268736,0.00892645,-0.161284,0.0321411,0.00892645,-0.161284,0,0,0,0,0,0,0,0,0,0,0,0,0,0,0,0,0,0,0,0,0,0,0,0,0,0,0,0,0,0,0,0,-0.0159204,-0.0797106,-0.0273387,0,0,0,-0.0171731,0,0,0,0,0,0,0,-3.14159,-3.14159,-3.14159,0,0,0,0,0,0,0,0,0,0,0,0,0
0,0,0,0,0,0,0,0,0,0,0.0172795,0.0773825,0.0275244,0.00968806,-0.16244,0.0327564,0.00968806,-0.16244,0,0,0,0,0,0,0,0,0,0,0,0,0,0,0,0,0,0,0,0,0,0,0,0,0,0,0,0,0,0,0,0,-0.0162249,-0.0794279,-0.0272734,0,0,0,-0.0185368,0,0,0,0,0,0,0,-3.14159,-3.14159,-3.14159,0,0,0,0,0,0,0,0,0,0,0,0,0
0,0,0,0,0,0,0,0,0,0,0.0167376,0.0774951,0.0273932,0.0102768,-0.162664,0.033184,0.0102768,-0.162664,0,0,0,0,0,0,0,0,0,0,0,0,0,0,0,0,0,0,0,0,0,0,0,0,0,0,0,0,0,0,0,0,-0.0163336,-0.0792539,-0.0272517,0,0,0,-0.0198994,0,0,0,0,0,0,0,-3.14159,-3.14159,-3.14159,0,0,0,0,0,0,0,0,0,0,0,0,0
0,0,0,0,0,0,0,0,0,0,0.0164529,0.0778601,0.0275224,0.0107891,-0.161677,0.0317632,0.0107891,-0.161677,0,0,0,0,0,0,0,0,0,0,0,0,0,0,0,0,0,0,0,0,0,0,0,0,0,0,0,0,0,0,0,0,-0.0165294,-0.0793626,-0.0275127,0,0,0,-0.021275,0,0,0,0,0,0,0,-3.14159,-3.14159,-3.14159,0,0,0,0,0,0,0,0,0,0,0,0,0
0,0,0,0,0,0,0,0,0,0,0.0156444,0.0767797,0.0283048,0.0112143,-0.161054,0.0299946,0.0112143,-0.161054,0,0,0,0,0,0,0,0,0,0,0,0,0,0,0,0,0,0,0,0,0,0,0,0,0,0,0,0,0,0,0,0,-0.0163989,-0.0788842,-0.0275562,0,0,0,-0.0226528,0,0,0,0,0,0,0,-3.14159,-3.14159,-3.14159,0,0,0,0,0,0,0,0,0,0,0,0,0
0,0,0,0,0,0,0,0,0,0,0.0141814,0.0775176,0.0269973,0.0106879,-0.160872,0.0298291,0.0106879,-0.160872,0,0,0,0,0,0,0,0,0,0,0,0,0,0,0,0,0,0,0,0,0,0,0,0,0,0,0,0,0,0,0,0,-0.0159856,-0.0789059,-0.0274474,0,0,0,-0.0240252,0,0,0,0,0,0,0,-3.14159,-3.14159,-3.14159,0,0,0,0,0,0,0,0,0,0,0,0,0
0,0,0,0,0,0,0,0,0,0,0.0166337,0.0773335,0.0267347,0.00976735,-0.160249,0.0302787,0.00976735,-0.160249,0,0,0,0,0,0,0,0,0,0,0,0,0,0,0,0,0,0,0,0,0,0,0,0,0,0,0,0,0,0,0,0,-0.0162901,-0.0789712,-0.0274257,0,0,0,-0.0253965,0,0,0,0,0,0,0,-3.14159,-3.14159,-3.14159,0,0,0,0,0,0,0,0,0,0,0,0,0
0,0,0,0,0,0,0,0,0,0,0.0167354,0.0760979,0.0277765,0.00880543,-0.159227,0.0293133,0.00880543,-0.159227,0,0,0,0,0,0,0,0,0,0,0,0,0,0,0,0,0,0,0,0,0,0,0,0,0,0,0,0,0,0,0,0,-0.0162249,-0.0789277,-0.0274692,0,0,0,-0.0267699,0,0,0,0,0,0,0,-3.14159,-3.14159,-3.14159,0,0,0,0,0,0,0,0,0,0,0,0,0
0,0,0,0,0,0,0,0,0,0,0.0170941,0.0773342,0.0286878,0.00823266,-0.158282,0.0286224,0.00823266,-0.158282,0,0,0,0,0,0,0,0,0,0,0,0,0,0,0,0,0,0,0,0,0,0,0,0,0,0,0,0,0,0,0,0,-0.0163119,-0.0790799,-0.0276867,0,0,0,-0.0281543,0,0,0,0,0,0,0,-3.14159,-3.14159,-3.14159,0,0,0,0,0,0,0,0,0,0,0,0,0
0,0,0,0,0,0,0,0,0,0,0.0164075,0.0751686,0.0272492,0.00801773,-0.158136,0.0293142,0.00801773,-0.158136,0,0,0,0,0,0,0,0,0,0,0,0,0,0,0,0,0,0,0,0,0,0,0,0,0,0,0,0,0,0,0,0,-0.0163336,-0.0788189,-0.0276432,0,0,0,-0.0295364,0,0,0,0,0,0,0,-3.14159,-3.14159,-3.14159,0,0,0,0,0,0,0,0,0,0,0,0,0
0,0,0,0,0,0,0,0,0,0,0.0158475,0.0758673,0.028682,0.00738529,-0.158386,0.0293742,0.00738529,-0.158386,0,0,0,0,0,0,0,0,0,0,0,0,0,0,0,0,0,0,0,0,0,0,0,0,0,0,0,0,0,0,0,0,-0.0163989,-0.0788624,-0.0277084,0,0,0,-0.0309219,0,0,0,0,0,0,0,-3.14159,-3.14159,-3.14159,0,0,0,0,0,0,0,0,0,0,0,0,0
0,0,0,0,0,0,0,0,0,0,0.0148931,0.07682,0.0276355,0.00730525,-0.158528,0.0281157,0.00730525,-0.158528,0,0,0,0,0,0,0,0,0,0,0,0,0,0,0,0,0,0,0,0,0,0,0,0,0,0,0,0,0,0,0,0,-0.0165511,-0.0789494,-0.0278172,0,0,0,-0.0323127,0,0,0,0,0,0,0,-3.14159,-3.14159,-3.14159,0,0,0,0,0,0,0,0,0,0,0,0,0
0,0,0,0,0,0,0,0,0,0,0.0168111,0.0784151,0.0284156,0.00852445,-0.158485,0.0270823,0.00852445,-0.158485,0,0,0,0,0,0,0,0,0,0,0,0,0,0,0,0,0,0,0,0,0,0,0,0,0,0,0,0,0,0,0,0,-0.0166163,-0.0793409,-0.0280999,0,0,0,-0.0337177,0,0,0,0,0,0,0,-3.14159,-3.14159,-3.14159,0,0,0,0,0,0,0,0,0,0,0,0,0
0,0,0,0,0,0,0,0,0,0,0.0142876,0.0746526,0.0267162,0.00979501,-0.158314,0.0277367,0.00979501,-0.158314,0,0,0,0,0,0,0,0,0,0,0,0,0,0,0,0,0,0,0,0,0,0,0,0,0,0,0,0,0,0,0,0,-0.0162466,-0.0793191,-0.0279259,0,0,0,-0.035114,0,0,0,0,0,0,0,-3.14159,-3.14159,-3.14159,0,0,0,0,0,0,0,0,0,0,0,0,0
0,0,0,0,0,0,0,0,0,0,0.0141099,0.0762338,0.0285391,0.0102289,-0.158351,0.0292001,0.0102289,-0.158351,0,0,0,0,0,0,0,0,0,0,0,0,0,0,0,0,0,0,0,0,0,0,0,0,0,0,0,0,0,0,0,0,-0.0157899,-0.0793626,-0.0279042,0,0,0,-0.0365092,0,0,0,0,0,0,0,-3.14159,-3.14159,-3.14159,0,0,0,0,0,0,0,0,0,0,0,0,0
0,0,0,0,0,0,0,0,0,0,0.0170629,0.0741543,0.0276209,0.0106247,-0.158439,0.0299646,0.0106247,-0.158439,0,0,0,0,0,0,0,0,0,0,0,0,0,0,0,0,0,0,0,0,0,0,0,0,0,0,0,0,0,0,0,0,-0.0159421,-0.0794279,-0.0279694,0,0,0,-0.0379077,0,0,0,0,0,0,0,-3.14159,-3.14159,-3.14159,0,0,0,0,0,0,0,0,0,0,0,0,0
0,0,0,0,0,0,0,0,0,0,0.0141433,0.0735022,0.0278777,0.0114563,-0.158812,0.0308827,0.0114563,-0.158812,0,0,0,0,0,0,0,0,0,0,0,0,0,0,0,0,0,0,0,0,0,0,0,0,0,0,0,0,0,0,0,0,-0.0157029,-0.0792756,-0.0278389,0,0,0,-0.0392996,0,0,0,0,0,0,0,-3.14159,-3.14159,-3.14159,0,0,0,0,0,0,0,0,0,0,0,0,0
0,0,0,0,0,0,0,0,0,0,0.0178757,0.0720612,0.0286577,0.0117684,-0.159645,0.0325637,0.0117684,-0.159645,0,0,0,0,0,0,0,0,0,0,0,0,0,0,0,0,0,0,0,0,0,0,0,0,0,0,0,0,0,0,0,0,-0.0162466,-0.0787319,-0.0280129,0,0,0,-0.0407003,0,0,0,0,0,0,0,-3.14159,-3.14159,-3.14159,0,0,0,0,0,0,0,0,0,0,0,0,0
0,0,0,0,0,0,0,0,0,0,0.0154728,0.0746598,0.0270879,0.011158,-0.160604,0.0339553,0.011158,-0.160604,0,0,0,0,0,0,0,0,0,0,0,0,0,0,0,0,0,0,0,0,0,0,0,0,0,0,0,0,0,0,0,0,-0.0160726,-0.0783622,-0.0277954,0,0,0,-0.04209,0,0,0,0,0,0,0,-3.14159,-3.14159,-3.14159,0,0,0,0,0,0,0,0,0,0,0,0,0
0,0,0,0,0,0,0,0,0,0,0.0147636,0.0749028,0.0273445,0.0106368,-0.161367,0.0340761,0.0106368,-0.161367,0,0,0,0,0,0,0,0,0,0,0,0,0,0,0,0,0,0,0,0,0,0,0,0,0,0,0,0,0,0,0,0,-0.0162031,-0.0786667,-0.0279042,0,0,0,-0.0434852,0,0,0,0,0,0,0,-3.14159,-3.14159,-3.14159,0,0,0,0,0,0,0,0,0,0,0,0,0
0,0,0,0,0,0,0,0,0,0,0.0164033,0.0750063,0.0285155,0.0103908,-0.161641,0.0334281,0.0103908,-0.161641,0,0,0,0,0,0,0,0,0,0,0,0,0,0,0,0,0,0,0,0,0,0,0,0,0,0,0,0,0,0,0,0,-0.0166381,-0.0787319,-0.0279042,0,0,0,-0.0448805,0,0,0,0,0,0,0,-3.14159,-3.14159,-3.14159,0,0,0,0,0,0,0,0,0,0,0,0,0
0,0,0,0,0,0,0,0,0,0,0.0141239,0.0728851,0.0286413,0.00974951,-0.161276,0.0328521,0.00974951,-0.161276,0,0,0,0,0,0,0,0,0,0,0,0,0,0,0,0,0,0,0,0,0,0,0,0,0,0,0,0,0,0,0,0,-0.0162031,-0.0787972,-0.0280782,0,0,0,-0.0462844,0,0,0,0,0,0,0,-3.14159,-3.14159,-3.14159,0,0,0,0,0,0,0,0,0,0,0,0,0
0,0,0,0,0,0,0,0,0,0,0.0153659,0.0724534,0.0262887,0.00923638,-0.160499,0.0329048,0.00923638,-0.160499,0,0,0,0,0,0,0,0,0,0,0,0,0,0,0,0,0,0,0,0,0,0,0,0,0,0,0,0,0,0,0,0,-0.0164641,-0.0789059,-0.0278172,0,0,0,-0.0476752,0,0,0,0,0,0,0,-3.14159,-3.14159,-3.14159,0,0,0,0,0,0,0,0,0,0,0,0,0
0,0,0,0,0,0,0,0,0,0,0.0143892,0.0738413,0.0269367,0.00922949,-0.159772,0.033822,0.00922949,-0.159772,0,0,0,0,0,0,0,0,0,0,0,0,0,0,0,0,0,0,0,0,0,0,0,0,0,0,0,0,0,0,0,0,-0.0159421,-0.0794931,-0.0275344,0,0,0,-0.0490519,0,0,0,0,0,0,0,-3.14159,-3.14159,-3.14159,0,0,0,0,0,0,0,0,0,0,0,0,0
0,0,0,0,0,0,0,0,0,0,0.0162788,0.0733984,0.0273237,0.00896679,-0.158707,0.0346021,0.00896679,-0.158707,0,0,0,0,0,0,0,0,0,0,0,0,0,0,0,0,0,0,0,0,0,0,0,0,0,0,0,0,0,0,0,0,-0.0161379,-0.0795801,-0.0275779,0,0,0,-0.0504308,0,0,0,0,0,0,0,-3.14159,-3.14159,-3.14159,0,0,0,0,0,0,0,0,0,0,0,0,0
0,0,0,0,0,0,0,0,0,0,0.0147769,0.0721641,0.0270578,0.00852954,-0.157633,0.0348832,0.00852954,-0.157633,0,0,0,0,0,0,0,0,0,0,0,0,0,0,0,0,0,0,0,0,0,0,0,0,0,0,0,0,0,0,0,0,-0.0162031,-0.0794279,-0.0275344,0,0,0,-0.0518076,0,0,0,0,0,0,0,-3.14159,-3.14159,-3.14159,0,0,0,0,0,0,0,0,0,0,0,0,0
0,0,0,0,0,0,0,0,0,0,0.0152276,0.0720985,0.0282266,0.0086623,-0.157378,0.0346324,0.0086623,-0.157378,0,0,0,0,0,0,0,0,0,0,0,0,0,0,0,0,0,0,0,0,0,0,0,0,0,0,0,0,0,0,0,0,-0.0160726,-0.0792539,-0.0274909,0,0,0,-0.0531821,0,0,0,0,0,0,0,-3.14159,-3.14159,-3.14159,0,0,0,0,0,0,0,0,0,0,0,0,0
0,0,0,0,0,0,0,0,0,0,0.0147635,0.0725492,0.0273083,0.00897115,-0.157591,0.034818,0.00897115,-0.157591,0,0,0,0,0,0,0,0,0,0,0,0,0,0,0,0,0,0,0,0,0,0,0,0,0,0,0,0,0,0,0,0,-0.0162466,-0.0795149,-0.0272734,0,0,0,-0.0545458,0,0,0,0,0,0,0,-3.14159,-3.14159,-3.14159,0,0,0,0,0,0,0,0,0,0,0,0,0
0,0,0,0,0,0,0,0,0,0,0.0149514,0.0714275,0.0262583,0.00827612,-0.157372,0.0355918,0.00827612,-0.157372,0,0,0,0,0,0,0,0,0,0,0,0,0,0,0,0,0,0,0,0,0,0,0,0,0,0,0,0,0,0,0,0,-0.0162466,-0.0796671,-0.0272734,0,0,0,-0.0559094,0,0,0,0,0,0,0,-3.14159,-3.14159,-3.14159,0,0,0,0,0,0,0,0,0,0,0,0,0
0,0,0,0,0,0,0,0,0,0,0.0139634,0.0709521,0.0276865,0.00743396,-0.156342,0.0353261,0.00743396,-0.156342,0,0,0,0,0,0,0,0,0,0,0,0,0,0,0,0,0,0,0,0,0,0,0,0,0,0,0,0,0,0,0,0,-0.0162466,-0.0795149,-0.0274039,0,0,0,-0.0572796,0,0,0,0,0,0,0,-3.14159,-3.14159,-3.14159,0,0,0,0,0,0,0,0,0,0,0,0,0
0,0,0,0,0,0,0,0,0,0,0.0136248,0.0721673,0.0270284,0.00802086,-0.156116,0.0345503,0.00802086,-0.156116,0,0,0,0,0,0,0,0,0,0,0,0,0,0,0,0,0,0,0,0,0,0,0,0,0,0,0,0,0,0,0,0,-0.0158769,-0.0796454,-0.0273604,0,0,0,-0.0586477,0,0,0,0,0,0,0,-3.14159,-3.14159,-3.14159,0,0,0,0,0,0,0,0,0,0,0,0,0
0,0,0,0,0,0,0,0,0,0,0.0147196,0.0715502,0.0262401,0.00863301,-0.157053,0.0347128,0.00863301,-0.157053,0,0,0,0,0,0,0,0,0,0,0,0,0,0,0,0,0,0,0,0,0,0,0,0,0,0,0,0,0,0,0,0,-0.0159421,-0.0798846,-0.0272299,0,0,0,-0.0600092,0,0,0,0,0,0,0,-3.14159,-3.14159,-3.14159,0,0,0,0,0,0,0,0,0,0,0,0,0
0,0,0,0,0,0,0,0,0,0,0.0143766,0.0701467,0.0276697,0.0088246,-0.157384,0.0357228,0.0088246,-0.157384,0,0,0,0,0,0,0,0,0,0,0,0,0,0,0,0,0,0,0,0,0,0,0,0,0,0,0,0,0,0,0,0,-0.0158769,-0.0799064,-0.0271429,0,0,0,-0.0613663,0,0,0,0,0,0,0,-3.14159,-3.14159,-3.14159,0,0,0,0,0,0,0,0,0,0,0,0,0
0,0,0,0,0,0,0,0,0,0,0.0142944,0.0706938,0.0277946,0.00974257,-0.157632,0.0358703,0.00974257,-0.157632,0,0,0,0,0,0,0,0,0,0,0,0,0,0,0,0,0,0,0,0,0,0,0,0,0,0,0,0,0,0,0,0,-0.0158769,-0.0799499,-0.0272299,0,0,0,-0.0627278,0,0,0,0,0,0,0,-3.14159,-3.14159,-3.14159,0,0,0,0,0,0,0,0,0,0,0,0,0
0,0,0,0,0,0,0,0,0,0,0.0156447,0.0691471,0.0284408,0.0108496,-0.159154,0.0343232,0.0108496,-0.159154,0,0,0,0,0,0,0,0,0,0,0,0,0,0,0,0,0,0,0,0,0,0,0,0,0,0,0,0,0,0,0,0,-0.0160726,-0.0799281,-0.0275997,0,0,0,-0.0641078,0,0,0,0,0,0,0,-3.14159,-3.14159,-3.14159,0,0,0,0,0,0,0,0,0,0,0,0,0
0,0,0,0,0,0,0,0,0,0,0.0126861,0.0689029,0.0271301,0.0113059,-0.160982,0.032895,0.0113059,-0.160982,0,0,0,0,0,0,0,0,0,0,0,0,0,0,0,0,0,0,0,0,0,0,0,0,0,0,0,0,0,0,0,0,-0.0159421,-0.0799499,-0.0275127,0,0,0,-0.0654834,0,0,0,0,0,0,0,-3.14159,-3.14159,-3.14159,0,0,0,0,0,0,0,0,0,0,0,0,0
0,0,0,0,0,0,0,0,0,0,0.0132512,0.0678698,0.0271255,0.0109114,-0.161598,0.032722,0.0109114,-0.161598,0,0,0,0,0,0,0,0,0,0,0,0,0,0,0,0,0,0,0,0,0,0,0,0,0,0,0,0,0,0,0,0,-0.0159639,-0.0796019,-0.0275344,0,0,0,-0.0668601,0,0,0,0,0,0,0,-3.14159,-3.14159,-3.14159,0,0,0,0,0,0,0,0,0,0,0,0,0
0,0,0,0,0,0,0,0,0,0,0.0129025,0.0660467,0.0264658,0.0104823,-0.161313,0.0330255,0.0104823,-0.161313,0,0,0,0,0,0,0,0,0,0,0,0,0,0,0,0,0,0,0,0,0,0,0,0,0,0,0,0,0,0,0,0,-0.0157464,-0.0790582,-0.0275779,0,0,0,-0.068239,0,0,0,0,0,0,0,-3.14159,-3.14159,-3.14159,0,0,0,0,0,0,0,0,0,0,0,0,0
0,0,0,0,0,0,0,0,0,0,0.0135939,0.0665698,0.0280259,0.00996546,-0.16112,0.0331136,0.00996546,-0.16112,0,0,0,0,0,0,0,0,0,0,0,0,0,0,0,0,0,0,0,0,0,0,0,0,0,0,0,0,0,0,0,0,-0.0157029,-0.0788407,-0.0276432,0,0,0,-0.0696212,0,0,0,0,0,0,0,-3.14159,-3.14159,-3.14159,0,0,0,0,0,0,0,0,0,0,0,0,0
0,0,0,0,0,0,0,0,0,0,0.014937,0.0682623,0.0285404,0.00866533,-0.160818,0.03274,0.00866533,-0.160818,0,0,0,0,0,0,0,0,0,0,0,0,0,0,0,0,0,0,0,0,0,0,0,0,0,0,0,0,0,0,0,0,-0.0158986,-0.0788189,-0.0277737,0,0,0,-0.0710099,0,0,0,0,0,0,0,-3.14159,-3.14159,-3.14159,0,0,0,0,0,0,0,0,0,0,0,0,0
0,0,0,0,0,0,0,0,0,0,0.0151035,0.066296,0.0276204,0.00778947,-0.160033,0.0321111,0.00778947,-0.160033,0,0,0,0,0,0,0,0,0,0,0,0,0,0,0,0,0,0,0,0,0,0,0,0,0,0,0,0,0,0,0,0,-0.0158986,-0.0787319,-0.0276432,0,0,0,-0.072392,0,0,0,0,0,0,0,-3.14159,-3.14159,-3.14159,0,0,0,0,0,0,0,0,0,0,0,0,0
0,0,0,0,0,0,0,0,0,0,0.0138332,0.0665439,0.0281356,0.00798331,-0.159354,0.0321167,0.00798331,-0.159354,0,0,0,0,0,0,0,0,0,0,0,0,0,0,0,0,0,0,0,0,0,0,0,0,0,0,0,0,0,0,0,0,-0.0161814,-0.0787319,-0.0278172,0,0,0,-0.0737829,0,0,0,0,0,0,0,-3.14159,-3.14159,-3.14159,0,0,0,0,0,0,0,0,0,0,0,0,0
0,0,0,0,0,0,0,0,0,0,0.0133433,0.066788,0.0273443,0.0082505,-0.158699,0.0326923,0.0082505,-0.158699,0,0,0,0,0,0,0,0,0,0,0,0,0,0,0,0,0,0,0,0,0,0,0,0,0,0,0,0,0,0,0,0,-0.0162901,-0.0789494,-0.0278607,0,0,0,-0.0751759,0,0,0,0,0,0,0,-3.14159,-3.14159,-3.14159,0,0,0,0,0,0,0,0,0,0,0,0,0
0,0,0,0,0,0,0,0,0,0,0.0142862,0.064809,0.0281205,0.00833416,-0.158027,0.0324283,0.00833416,-0.158027,0,0,0,0,0,0,0,0,0,0,0,0,0,0,0,0,0,0,0,0,0,0,0,0,0,0,0,0,0,0,0,0,-0.0166163,-0.0791452,-0.0281434,0,0,0,-0.0765831,0,0,0,0,0,0,0,-3.14159,-3.14159,-3.14159,0,0,0,0,0,0,0,0,0,0,0,0,0
0,0,0,0,0,0,0,0,0,0,0.0141857,0.0638692,0.0265485,0.00855137,-0.15808,0.0319496,0.00855137,-0.15808,0,0,0,0,0,0,0,0,0,0,0,0,0,0,0,0,0,0,0,0,0,0,0,0,0,0,0,0,0,0,0,0,-0.0168121,-0.0791017,-0.0279042,0,0,0,-0.0779783,0,0,0,0,0,0,0,-3.14159,-3.14159,-3.14159,0,0,0,0,0,0,0,0,0,0,0,0,0
0,0,0,0,0,0,0,0,0,0,0.0126479,0.0659285,0.0261512,0.00912159,-0.157874,0.0325794,0.00912159,-0.157874,0,0,0,0,0,0,0,0,0,0,0,0,0,0,0,0,0,0,0,0,0,0,0,0,0,0,0,0,0,0,0,0,-0.0165294,-0.0791234,-0.0275127,0,0,0,-0.0793539,0,0,0,0,0,0,0,-3.14159,-3.14159,-3.14159,0,0,0,0,0,0,0,0,0,0,0,0,0
0,0,0,0,0,0,0,0,0,0,0.0115003,0.0630236,0.0275801,0.00984426,-0.156901,0.0330708,0.00984426,-0.156901,0,0,0,0,0,0,0,0,0,0,0,0,0,0,0,0,0,0,0,0,0,0,0,0,0,0,0,0,0,0,0,0,-0.0160291,-0.0789929,-0.0275127,0,0,0,-0.0807296,0,0,0,0,0,0,0,-3.14159,-3.14159,-3.14159,0,0,0,0,0,0,0,0,0,0,0,0,0
0,0,0,0,0,0,0,0,0,0,0.0112656,0.0632452,0.026659,0.00960029,-0.156498,0.0319689,0.00960029,-0.156498,0,0,0,0,0,0,0,0,0,0,0,0,0,0,0,0,0,0,0,0,0,0,0,0,0,0,0,0,0,0,0,0,-0.0157029,-0.0788624,-0.0272734,0,0,0,-0.0820932,0,0,0,0,0,0,0,-3.14159,-3.14159,-3.14159,0,0,0,0,0,0,0,0,0,0,0,0,0
0,0,0,0,0,0,0,0,0,0,0.0111608,0.0638564,0.0270433,0.00886249,-0.157015,0.0304524,0.00886249,-0.157015,0,0,0,0,0,0,0,0,0,0,0,0,0,0,0,0,0,0,0,0,0,0,0,0,0,0,0,0,0,0,0,0,-0.0154419,-0.0787972,-0.0272299,0,0,0,-0.0834547,0,0,0,0,0,0,0,-3.14159,-3.14159,-3.14159,0,0,0,0,0,0,0,0,0,0,0,0,0
0,0,0,0,0,0,0,0,0,0,0.0114451,0.0623779,0.028341,0.00887513,-0.157348,0.030963,0.00887513,-0.157348,0,0,0,0,0,0,0,0,0,0,0,0,0,0,0,0,0,0,0,0,0,0,0,0,0,0,0,0,0,0,0,0,-0.0150722,-0.0788189,-0.0272734,0,0,0,-0.0848184,0,0,0,0,0,0,0,-3.14159,-3.14159,-3.14159,0,0,0,0,0,0,0,0,0,0,0,0,0
0,0,0,0,0,0,0,0,0,0,0.0130309,0.0614185,0.0272883,0.00891403,-0.157463,0.0317201,0.00891403,-0.157463,0,0,0,0,0,0,0,0,0,0,0,0,0,0,0,0,0,0,0,0,0,0,0,0,0,0,0,0,0,0,0,0,-0.0149852,-0.0788407,-0.0274039,0,0,0,-0.0861886,0,0,0,0,0,0,0,-3.14159,-3.14159,-3.14159,0,0,0,0,0,0,0,0,0,0,0,0,0
0,0,0,0,0,0,0,0,0,0,0.012399,0.0601948,0.027541,0.00829806,-0.158225,0.0307848,0.00829806,-0.158225,0,0,0,0,0,0,0,0,0,0,0,0,0,0,0,0,0,0,0,0,0,0,0,0,0,0,0,0,0,0,0,0,-0.0150504,-0.0783187,-0.0276432,0,0,0,-0.0875708,0,0,0,0,0,0,0,-3.14159,-3.14159,-3.14159,0,0,0,0,0,0,0,0,0,0,0,0,0
0,0,0,0,0,0,0,0,0,0,0.0121573,0.0626221,0.026881,0.00773604,-0.158702,0.0310641,0.00773604,-0.158702,0,0,0,0,0,0,0,0,0,0,0,0,0,0,0,0,0,0,0,0,0,0,0,0,0,0,0,0,0,0,0,0,-0.0152679,-0.0786884,-0.0275344,0,0,0,-0.0889475,0,0,0,0,0,0,0,-3.14159,-3.14159,-3.14159,0,0,0,0,0,0,0,0,0,0,0,0,0
0,0,0,0,0,0,0,0,0,0,0.0146546,0.06126,0.0277855,0.00810478,-0.158366,0.0330952,0.00810478,-0.158366,0,0,0,0,0,0,0,0,0,0,0,0,0,0,0,0,0,0,0,0,0,0,0,0,0,0,0,0,0,0,0,0,-0.0159421,-0.0787972,-0.0277302,0,0,0,-0.090334,0,0,0,0,0,0,0,-3.14159,-3.14159,-3.14159,0,0,0,0,0,0,0,0,0,0,0,0,0
0,0,0,0,0,0,0,0,0,0,0.0129736,0.0622445,0.0269934,0.00875655,-0.158343,0.0339242,0.00875655,-0.158343,0,0,0,0,0,0,0,0,0,0,0,0,0,0,0,0,0,0,0,0,0,0,0,0,0,0,0,0,0,0,0,0,-0.0163554,-0.0789712,-0.0277302,0,0,0,-0.0917205,0,0,0,0,0,0,0,-3.14159,-3.14159,-3.14159,0,0,0,0,0,0,0,0,0,0,0,0,0
0,0,0,0,0,0,0,0,0,0,0.0109005,0.0598339,0.0276377,0.00875174,-0.158897,0.0314712,0.00875174,-0.158897,0,0,0,0,0,0,0,0,0,0,0,0,0,0,0,0,0,0,0,0,0,0,0,0,0,0,0,0,0,0,0,0,-0.0163771,-0.0789929,-0.0276214,0,0,0,-0.0931016,0,0,0,0,0,0,0,-3.14159,-3.14159,-3.14159,0,0,0,0,0,0,0,0,0,0,0,0,0
0,0,0,0,0,0,0,0,0,0,0.0141758,0.0597699,0.0255409,0.00899066,-0.158755,0.0280846,0.00899066,-0.158755,0,0,0,0,0,0,0,0,0,0,0,0,0,0,0,0,0,0,0,0,0,0,0,0,0,0,0,0,0,0,0,0,-0.0166816,-0.0791669,-0.0273387,0,0,0,-0.0944685,0,0,0,0,0,0,0,-3.14159,-3.14159,-3.14159,0,0,0,0,0,0,0,0,0,0,0,0,0
0,0,0,0,0,0,0,0,0,0,0.0115794,0.0595703,0.0263144,0.00983911,-0.158251,0.026518,0.00983911,-0.158251,0,0,0,0,0,0,0,0,0,0,0,0,0,0,0,0,0,0,0,0,0,0,0,0,0,0,0,0,0,0,0,0,-0.0166598,-0.0795149,-0.0271429,0,0,0,-0.0958257,0,0,0,0,0,0,0,-3.14159,-3.14159,-3.14159,0,0,0,0,0,0,0,0,0,0,0,0,0
0,0,0,0,0,0,0,0,0,0,0.011851,0.0592388,0.0276102,0.0103827,-0.158509,0.0258422,0.0103827,-0.158509,0,0,0,0,0,0,0,0,0,0,0,0,0,0,0,0,0,0,0,0,0,0,0,0,0,0,0,0,0,0,0,0,-0.0167251,-0.0794061,-0.0272734,0,0,0,-0.0971893,0,0,0,0,0,0,0,-3.14159,-3.14159,-3.14159,0,0,0,0,0,0,0,0,0,0,0,0,0
0,0,0,0,0,0,0,0,0,0,0.011471,0.0590351,0.0270795,0.0104417,-0.158479,0.0253803,0.0104417,-0.158479,0,0,0,0,0,0,0,0,0,0,0,0,0,0,0,0,0,0,0,0,0,0,0,0,0,0,0,0,0,0,0,0,-0.0163119,-0.0794931,-0.0271647,0,0,0,-0.0985476,0,0,0,0,0,0,0,-3.14159,-3.14159,-3.14159,0,0,0,0,0,0,0,0,0,0,0,0,0
0,0,0,0,0,0,0,0,0,0,0.0101756,0.058568,0.0269392,0.0103777,-0.157879,0.0258177,0.0103777,-0.157879,0,0,0,0,0,0,0,0,0,0,0,0,0,0,0,0,0,0,0,0,0,0,0,0,0,0,0,0,0,0,0,0,-0.0159639,-0.0793409,-0.0271647,0,0,0,-0.0999058,0,0,0,0,0,0,0,-3.14159,-3.14159,-3.14159,0,0,0,0,0,0,0,0,0,0,0,0,0
0,0,0,0,0,0,0,0,0,0,0.0125334,0.0579685,0.0270606,0.010426,-0.157651,0.0281183,0.010426,-0.157651,0,0,0,0,0,0,0,0,0,0,0,0,0,0,0,0,0,0,0,0,0,0,0,0,0,0,0,0,0,0,0,0,-0.0163554,-0.0794931,-0.0270777,0,0,0,-0.10126,0,0,0,0,0,0,0,-3.14159,-3.14159,-3.14159,0,0,0,0,0,0,0,0,0,0,0,0,0
0,0,0,0,0,0,0,0,0,0,0.0121501,0.0586732,0.0275748,0.0102616,-0.158133,0.0314338,0.0102616,-0.158133,0,0,0,0,0,0,0,0,0,0,0,0,0,0,0,0,0,0,0,0,0,0,0,0,0,0,0,0,0,0,0,0,-0.0161379,-0.0797759,-0.0274257,0,0,0,-0.102631,0,0,0,0,0,0,0,-3.14159,-3.14159,-3.14159,0,0,0,0,0,0,0,0,0,0,0,0,0
0,0,0,0,0,0,0,0,0,0,0.0134623,0.0576796,0.0271747,0.00984414,-0.15826,0.0340788,0.00984414,-0.15826,0,0,0,0,0,0,0,0,0,0,0,0,0,0,0,0,0,0,0,0,0,0,0,0,0,0,0,0,0,0,0,0,-0.0165729,-0.0799281,-0.0275779,0,0,0,-0.10401,0,0,0,0,0,0,0,-3.14159,-3.14159,-3.14159,0,0,0,0,0,0,0,0,0,0,0,0,0
0,0,0,0,0,0,0,0,0,0,0.0104638,0.0555098,0.027948,0.00969697,-0.157944,0.0353222,0.00969697,-0.157944,0,0,0,0,0,0,0,0,0,0,0,0,0,0,0,0,0,0,0,0,0,0,0,0,0,0,0,0,0,0,0,0,-0.0164641,-0.0797759,-0.0276432,0,0,0,-0.105392,0,0,0,0,0,0,0,-3.14159,-3.14159,-3.14159,0,0,0,0,0,0,0,0,0,0,0,0,0
0,0,0,0,0,0,0,0,0,0,0.0117715,0.0565992,0.0272857,0.00979783,-0.158419,0.0354822,0.00979783,-0.158419,0,0,0,0,0,0,0,0,0,0,0,0,0,0,0,0,0,0,0,0,0,0,0,0,0,0,0,0,0,0,0,0,-0.0166381,-0.0798411,-0.0276867,0,0,0,-0.106776,0,0,0,0,0,0,0,-3.14159,-3.14159,-3.14159,0,0,0,0,0,0,0,0,0,0,0,0,0
0,0,0,0,0,0,0,0,0,0,0.01112,0.0552088,0.0268855,0.00985231,-0.158912,0.0347135,0.00985231,-0.158912,0,0,0,0,0,0,0,0,0,0,0,0,0,0,0,0,0,0,0,0,0,0,0,0,0,0,0,0,0,0,0,0,-0.0169208,-0.0797541,-0.0276867,0,0,0,-0.108161,0,0,0,0,0,0,0,-3.14159,-3.14159,-3.14159,0,0,0,0,0,0,0,0,0,0,0,0,0
0,0,0,0,0,0,0,0,0,0,0.0105976,0.0543389,0.0266149,0.009835,-0.158713,0.03302,0.009835,-0.158713,0,0,0,0,0,0,0,0,0,0,0,0,0,0,0,0,0,0,0,0,0,0,0,0,0,0,0,0,0,0,0,0,-0.0167251,-0.0796236,-0.0276214,0,0,0,-0.109542,0,0,0,0,0,0,0,-3.14159,-3.14159,-3.14159,0,0,0,0,0,0,0,0,0,0,0,0,0
0,0,0,0,0,0,0,0,0,0,0.010598,0.0545102,0.0267347,0.00941646,-0.158073,0.0313982,0.00941646,-0.158073,0,0,0,0,0,0,0,0,0,0,0,0,0,0,0,0,0,0,0,0,0,0,0,0,0,0,0,0,0,0,0,0,-0.0165946,-0.0794061,-0.0274909,0,0,0,-0.110916,0,0,0,0,0,0,0,-3.14159,-3.14159,-3.14159,0,0,0,0,0,0,0,0,0,0,0,0,0
0,0,0,0,0,0,0,0,0,0,0.0105966,0.0532458,0.0262028,0.0085718,-0.158049,0.0307827,0.0085718,-0.158049,0,0,0,0,0,0,0,0,0,0,0,0,0,0,0,0,0,0,0,0,0,0,0,0,0,0,0,0,0,0,0,0,-0.0162466,-0.0791452,-0.0273387,0,0,0,-0.112283,0,0,0,0,0,0,0,-3.14159,-3.14159,-3.14159,0,0,0,0,0,0,0,0,0,0,0,0,0
0,0,0,0,0,0,0,0,0,0,0.00994516,0.0534149,0.0259328,0.00808827,-0.159152,0.030564,0.00808827,-0.159152,0,0,0,0,0,0,0,0,0,0,0,0,0,0,0,0,0,0,0,0,0,0,0,0,0,0,0,0,0,0,0,0,-0.0162901,-0.0792756,-0.0270124,0,0,0,-0.113634,0,0,0,0,0,0,0,-3.14159,-3.14159,-3.14159,0,0,0,0,0,0,0,0,0,0,0,0,0
0,0,0,0,0,0,0,0,0,0,0.00968223,0.0517575,0.0268357,0.00791167,-0.159975,0.0299097,0.00791167,-0.159975,0,0,0,0,0,0,0,0,0,0,0,0,0,0,0,0,0,0,0,0,0,0,0,0,0,0,0,0,0,0,0,0,-0.0160726,-0.0789494,-0.0269472,0,0,0,-0.114981,0,0,0,0,0,0,0,-3.14159,-3.14159,-3.14159,0,0,0,0,0,0,0,0,0,0,0,0,0
0,0,0,0,0,0,0,0,0,0,0.0112442,0.0527087,0.0276091,0.00799463,-0.160341,0.0295672,0.00799463,-0.160341,0,0,0,0,0,0,0,0,0,0,0,0,0,0,0,0,0,0,0,0,0,0,0,0,0,0,0,0,0,0,0,0,-0.0162249,-0.0790147,-0.0270777,0,0,0,-0.116335,0,0,0,0,0,0,0,-3.14159,-3.14159,-3.14159,0,0,0,0,0,0,0,0,0,0,0,0,0
0,0,0,0,0,0,0,0,0,0,0.01163,0.0520924,0.0275986,0.00837568,-0.160346,0.0295918,0.00837568,-0.160346,0,0,0,0,0,0,0,0,0,0,0,0,0,0,0,0,0,0,0,0,0,0,0,0,0,0,0,0,0,0,0,0,-0.0165294,-0.0791234,-0.0272517,0,0,0,-0.117698,0,0,0,0,0,0,0,-3.14159,-3.14159,-3.14159,0,0,0,0,0,0,0,0,0,0,0,0,0
0,0,0,0,0,0,0,0,0,0,0.0103169,0.0529105,0.0275875,0.00909216,-0.160049,0.0293875,0.00909216,-0.160049,0,0,0,0,0,0,0,0,0,0,0,0,0,0,0,0,0,0,0,0,0,0,0,0,0,0,0,0,0,0,0,0,-0.0166163,-0.0793409,-0.0274039,0,0,0,-0.119068,0,0,0,0,0,0,0,-3.14159,-3.14159,-3.14159,0,0,0,0,0,0,0,0,0,0,0,0,0
0,0,0,0,0,0,0,0,0,0,0.00926593,0.0502028,0.0267938,0.00990364,-0.15999,0.029091,0.00990364,-0.15999,0,0,0,0,0,0,0,0,0,0,0,0,0,0,0,0,0,0,0,0,0,0,0,0,0,0,0,0,0,0,0,0,-0.0165294,-0.0793191,-0.0275127,0,0,0,-0.120444,0,0,0,0,0,0,0,-3.14159,-3.14159,-3.14159,0,0,0,0,0,0,0,0,0,0,0,0,0
0,0,0,0,0,0,0,0,0,0,0.0093894,0.0519327,0.0274349,0.00960534,-0.159603,0.0287169,0.00960534,-0.159603,0,0,0,0,0,0,0,0,0,0,0,0,0,0,0,0,0,0,0,0,0,0,0,0,0,0,0,0,0,0,0,0,-0.0165729,-0.0795584,-0.0277737,0,0,0,-0.121832,0,0,0,0,0,0,0,-3.14159,-3.14159,-3.14159,0,0,0,0,0,0,0,0,0,0,0,0,0
0,0,0,0,0,0,0,0,0,0,0.0100339,0.0485738,0.0262498,0.00937842,-0.159116,0.0278324,0.00937842,-0.159116,0,0,0,0,0,0,0,0,0,0,0,0,0,0,0,0,0,0,0,0,0,0,0,0,0,0,0,0,0,0,0,0,-0.0167686,-0.0795149,-0.0276867,0,0,0,-0.123217,0,0,0,0,0,0,0,-3.14159,-3.14159,-3.14159,0,0,0,0,0,0,0,0,0,0,0,0,0
0,0,0,0,0,0,0,0,0,0,0.00871972,0.0471702,0.028456,0.00986803,-0.158978,0.0267567,0.00986803,-0.158978,0,0,0,0,0,0,0,0,0,0,0,0,0,0,0,0,0,0,0,0,0,0,0,0,0,0,0,0,0,0,0,0,-0.0164859,-0.0790799,-0.0278389,0,0,0,-0.124608,0,0,0,0,0,0,0,-3.14159,-3.14159,-3.14159,0,0,0,0,0,0,0,0,0,0,0,0,0
0,0,0,0,0,0,0,0,0,0,0.0101427,0.0483768,0.0268792,0.00938085,-0.159237,0.02647,0.00938085,-0.159237,0,0,0,0,0,0,0,0,0,0,0,0,0,0,0,0,0,0,0,0,0,0,0,0,0,0,0,0,0,0,0,0,-0.0163771,-0.0789494,-0.0277302,0,0,0,-0.125995,0,0,0,0,0,0,0,-3.14159,-3.14159,-3.14159,0,0,0,0,0,0,0,0,0,0,0,0,0
0,0,0,0,0,0,0,0,0,0,0.0115685,0.0474946,0.0273907,0.00841999,-0.160166,0.0262746,0.00841999,-0.160166,0,0,0,0,0,0,0,0,0,0,0,0,0,0,0,0,0,0,0,0,0,0,0,0,0,0,0,0,0,0,0,0,-0.0167251,-0.0785362,-0.0277084,0,0,0,-0.12738,0,0,0,0,0,0,0,-3.14159,-3.14159,-3.14159,0,0,0,0,0,0,0,0,0,0,0,0,0
0,0,0,0,0,0,0,0,0,0,0.0103831,0.0472662,0.0272504,0.00850358,-0.160911,0.02571,0.00850358,-0.160911,0,0,0,0,0,0,0,0,0,0,0,0,0,0,0,0,0,0,0,0,0,0,0,0,0,0,0,0,0,0,0,0,-0.0170513,-0.0785362,-0.0277954,0,0,0,-0.12877,0,0,0,0,0,0,0,-3.14159,-3.14159,-3.14159,0,0,0,0,0,0,0,0,0,0,0,0,0
0,0,0,0,0,0,0,0,0,0,0.00671666,0.0472982,0.0276314,0.00916532,-0.160927,0.0255974,0.00916532,-0.160927,0,0,0,0,0,0,0,0,0,0,0,0,0,0,0,0,0,0,0,0,0,0,0,0,0,0,0,0,0,0,0,0,-0.0167468,-0.0782534,-0.0278389,0,0,0,-0.130162,0,0,0,0,0,0,0,-3.14159,-3.14159,-3.14159,0,0,0,0,0,0,0,0,0,0,0,0,0
0,0,0,0,0,0,0,0,0,0,0.0108798,0.0474599,0.0259238,0.00874178,-0.161208,0.0265711,0.00874178,-0.161208,0,0,0,0,0,0,0,0,0,0,0,0,0,0,0,0,0,0,0,0,0,0,0,0,0,0,0,0,0,0,0,0,-0.0170296,-0.0785579,-0.0277954,0,0,0,-0.131552,0,0,0,0,0,0,0,-3.14159,-3.14159,-3.14159,0,0,0,0,0,0,0,0,0,0,0,0,0
0,0,0,0,0,0,0,0,0,0,0.0104771,0.0448808,0.0264355,0.00763447,-0.162083,0.0287826,0.00763447,-0.162083,0,0,0,0,0,0,0,0,0,0,0,0,0,0,0,0,0,0,0,0,0,0,0,0,0,0,0,0,0,0,0,0,-0.0174646,-0.0786667,-0.0274692,0,0,0,-0.132925,0,0,0,0,0,0,0,-3.14159,-3.14159,-3.14159,0,0,0,0,0,0,0,0,0,0,0,0,0
0,0,0,0,0,0,0,0,0,0,0.00889612,0.0468721,0.0274671,0.00802865,-0.162531,0.0310415,0.00802865,-0.162531,0,0,0,0,0,0,0,0,0,0,0,0,0,0,0,0,0,0,0,0,0,0,0,0,0,0,0,0,0,0,0,0,-0.0173993,-0.0789059,-0.0275779,0,0,0,-0.134304,0,0,0,0,0,0,0,-3.14159,-3.14159,-3.14159,0,0,0,0,0,0,0,0,0,0,0,0,0
0,0,0,0,0,0,0,0,0,0,0.0075743,0.0479487,0.0273238,0.00932932,-0.162235,0.0321235,0.00932932,-0.162235,0,0,0,0,0,0,0,0,0,0,0,0,0,0,0,0,0,0,0,0,0,0,0,0,0,0,0,0,0,0,0,0,-0.0168773,-0.0794714,-0.0275779,0,0,0,-0.135683,0,0,0,0,0,0,0,-3.14159,-3.14159,-3.14159,0,0,0,0,0,0,0,0,0,0,0,0,0
0,0,0,0,0,0,0,0,0,0,0.00703406,0.0464141,0.0279638,0.00934938,-0.161895,0.0321743,0.00934938,-0.161895,0,0,0,0,0,0,0,0,0,0,0,0,0,0,0,0,0,0,0,0,0,0,0,0,0,0,0,0,0,0,0,0,-0.0164641,-0.0798194,-0.0277084,0,0,0,-0.137069,0,0,0,0,0,0,0,-3.14159,-3.14159,-3.14159,0,0,0,0,0,0,0,0,0,0,0,0,0
0,0,0,0,0,0,0,0,0,0,0.00597298,0.0438359,0.0262555,0.00912622,-0.162004,0.0324564,0.00912622,-0.162004,0,0,0,0,0,0,0,0,0,0,0,0,0,0,0,0,0,0,0,0,0,0,0,0,0,0,0,0,0,0,0,0,-0.0164859,-0.0797324,-0.0274909,0,0,0,-0.138443,0,0,0,0,0,0,0,-3.14159,-3.14159,-3.14159,0,0,0,0,0,0,0,0,0,0,0,0,0
0,0,0,0,0,0,0,0,0,0,0.00726122,0.0445209,0.0267656,0.00979503,-0.162326,0.0327399,0.00979503,-0.162326,0,0,0,0,0,0,0,0,0,0,0,0,0,0,0,0,0,0,0,0,0,0,0,0,0,0,0,0,0,0,0,0,-0.0160291,-0.0797324,-0.0276432,0,0,0,-0.139825,0,0,0,0,0,0,0,-3.14159,-3.14159,-3.14159,0,0,0,0,0,0,0,0,0,0,0,0,0
0,0,0,0,0,0,0,0,0,0,0.00750451,0.0431187,0.0275361,0.0100087,-0.162132,0.0313762,0.0100087,-0.162132,0,0,0,0,0,0,0,0,0,0,0,0,0,0,0,0,0,0,0,0,0,0,0,0,0,0,0,0,0,0,0,0,-0.0156811,-0.0799281,-0.0278389,0,0,0,-0.141217,0,0,0,0,0,0,0,-3.14159,-3.14159,-3.14159,0,0,0,0,0,0,0,0,0,0,0,0,0
0,0,0,0,0,0,0,0,0,0,0.00618408,0.0448469,0.0268713,0.00919246,-0.161229,0.0288724,0.00919246,-0.161229,0,0,0,0,0,0,0,0,0,0,0,0,0,0,0,0,0,0,0,0,0,0,0,0,0,0,0,0,0,0,0,0,-0.0153766,-0.0800804,-0.0277519,0,0,0,-0.142605,0,0,0,0,0,0,0,-3.14159,-3.14159,-3.14159,0,0,0,0,0,0,0,0,0,0,0,0,0
0,0,0,0,0,0,0,0,0,0,0.00668919,0.041093,0.0258162,0.00801588,-0.160385,0.0274111,0.00801588,-0.160385,0,0,0,0,0,0,0,0,0,0,0,0,0,0,0,0,0,0,0,0,0,0,0,0,0,0,0,0,0,0,0,0,-0.0153766,-0.0794279,-0.0275127,0,0,0,-0.14398,0,0,0,0,0,0,0,-3.14159,-3.14159,-3.14159,0,0,0,0,0,0,0,0,0,0,0,0,0
0,0,0,0,0,0,0,0,0,0,0.0061503,0.0409933,0.0268492,0.00733753,-0.160043,0.02749,0.00733753,-0.160043,0,0,0,0,0,0,0,0,0,0,0,0,0,0,0,0,0,0,0,0,0,0,0,0,0,0,0,0,0,0,0,0,-0.0153766,-0.0790147,-0.0273387,0,0,0,-0.145347,0,0,0,0,0,0,0,-3.14159,-3.14159,-3.14159,0,0,0,0,0,0,0,0,0,0,0,0,0
0,0,0,0,0,0,0,0,0,0,0.00808872,0.0425941,0.0282727,0.00710097,-0.160042,0.028033,0.00710097,-0.160042,0,0,0,0,0,0,0,0,0,0,0,0,0,0,0,0,0,0,0,0,0,0,0,0,0,0,0,0,0,0,0,0,-0.0158769,-0.0792974,-0.0276867,0,0,0,-0.146732,0,0,0,0,0,0,0,-3.14159,-3.14159,-3.14159,0,0,0,0,0,0,0,0,0,0,0,0,0
0,0,0,0,0,0,0,0,0,0,0.00493815,0.0401504,0.0260415,0.00707121,-0.159896,0.028604,0.00707121,-0.159896,0,0,0,0,0,0,0,0,0,0,0,0,0,0,0,0,0,0,0,0,0,0,0,0,0,0,0,0,0,0,0,0,-0.0156376,-0.0790582,-0.0275779,0,0,0,-0.148111,0,0,0,0,0,0,0,-3.14159,-3.14159,-3.14159,0,0,0,0,0,0,0,0,0,0,0,0,0
0,0,0,0,0,0,0,0,0,0,0.00583291,0.0400559,0.0265512,0.00760869,-0.159253,0.0289785,0.00760869,-0.159253,0,0,0,0,0,0,0,0,0,0,0,0,0,0,0,0,0,0,0,0,0,0,0,0,0,0,0,0,0,0,0,0,-0.0155071,-0.0790364,-0.0274257,0,0,0,-0.149482,0,0,0,0,0,0,0,-3.14159,-3.14159,-3.14159,0,0,0,0,0,0,0,0,0,0,0,0,0
0,0,0,0,0,0,0,0,0,0,0.00529156,0.0394384,0.0262783,0.00799376,-0.158898,0.0291144,0.00799376,-0.158898,0,0,0,0,0,0,0,0,0,0,0,0,0,0,0,0,0,0,0,0,0,0,0,0,0,0,0,0,0,0,0,0,-0.0155071,-0.0786232,-0.0273387,0,0,0,-0.150849,0,0,0,0,0,0,0,-3.14159,-3.14159,-3.14159,0,0,0,0,0,0,0,0,0,0,0,0,0
0,0,0,0,0,0,0,0,0,0,0.00540288,0.0388206,0.0266589,0.00790155,-0.159038,0.0293132,0.00790155,-0.159038,0,0,0,0,0,0,0,0,0,0,0,0,0,0,0,0,0,0,0,0,0,0,0,0,0,0,0,0,0,0,0,0,-0.0154419,-0.0787319,-0.0274909,0,0,0,-0.152223,0,0,0,0,0,0,0,-3.14159,-3.14159,-3.14159,0,0,0,0,0,0,0,0,0,0,0,0,0
0,0,0,0,0,0,0,0,0,0,0.00590689,0.0367687,0.0261237,0.00801085,-0.158865,0.0287637,0.00801085,-0.158865,0,0,0,0,0,0,0,0,0,0,0,0,0,0,0,0,0,0,0,0,0,0,0,0,0,0,0,0,0,0,0,0,-0.0155506,-0.0785144,-0.0273822,0,0,0,-0.153592,0,0,0,0,0,0,0,-3.14159,-3.14159,-3.14159,0,0,0,0,0,0,0,0,0,0,0,0,0
0,0,0,0,0,0,0,0,0,0,0.00445148,0.0385041,0.0254595,0.00834818,-0.15849,0.0268298,0.00834818,-0.15849,0,0,0,0,0,0,0,0,0,0,0,0,0,0,0,0,0,0,0,0,0,0,0,0,0,0,0,0,0,0,0,0,-0.0150939,-0.0783187,-0.0269254,0,0,0,-0.154939,0,0,0,0,0,0,0,-3.14159,-3.14159,-3.14159,0,0,0,0,0,0,0,0,0,0,0,0,0
0,0,0,0,0,0,0,0,0,0,0.00834741,0.0363245,0.0271438,0.00873863,-0.15852,0.025638,0.00873863,-0.15852,0,0,0,0,0,0,0,0,0,0,0,0,0,0,0,0,0,0,0,0,0,0,0,0,0,0,0,0,0,0,0,0,-0.0158116,-0.0781664,-0.0271212,0,0,0,-0.156295,0,0,0,0,0,0,0,-3.14159,-3.14159,-3.14159,0,0,0,0,0,0,0,0,0,0,0,0,0
0,0,0,0,0,0,0,0,0,0,0.00441102,0.0376719,0.0267387,0.00885612,-0.158935,0.0264082,0.00885612,-0.158935,0,0,0,0,0,0,0,0,0,0,0,0,0,0,0,0,0,0,0,0,0,0,0,0,0,0,0,0,0,0,0,0,-0.0157246,-0.0782534,-0.0271647,0,0,0,-0.157653,0,0,0,0,0,0,0,-3.14159,-3.14159,-3.14159,0,0,0,0,0,0,0,0,0,0,0,0,0
0,0,0,0,0,0,0,0,0,0,0.00412882,0.0374542,0.0252892,0.00887682,-0.159427,0.0273434,0.00887682,-0.159427,0,0,0,0,0,0,0,0,0,0,0,0,0,0,0,0,0,0,0,0,0,0,0,0,0,0,0,0,0,0,0,0,-0.0156811,-0.0784057,-0.0270124,0,0,0,-0.159004,0,0,0,0,0,0,0,-3.14159,-3.14159,-3.14159,0,0,0,0,0,0,0,0,0,0,0,0,0
0,0,0,0,0,0,0,0,0,0,0.00541381,0.0359304,0.0269717,0.00932432,-0.159998,0.0284973,0.00932432,-0.159998,0,0,0,0,0,0,0,0,0,0,0,0,0,0,0,0,0,0,0,0,0,0,0,0,0,0,0,0,0,0,0,0,-0.0158334,-0.0784057,-0.0270777,0,0,0,-0.160358,0,0,0,0,0,0,0,-3.14159,-3.14159,-3.14159,0,0,0,0,0,0,0,0,0,0,0,0,0
0,0,0,0,0,0,0,0,0,0,0.00591576,0.0346699,0.0278723,0.00999302,-0.160937,0.0307921,0.00999302,-0.160937,0,0,0,0,0,0,0,0,0,0,0,0,0,0,0,0,0,0,0,0,0,0,0,0,0,0,0,0,0,0,0,0,-0.0159856,-0.0785362,-0.0273822,0,0,0,-0.161727,0,0,0,0,0,0,0,-3.14159,-3.14159,-3.14159,0,0,0,0,0,0,0,0,0,0,0,0,0
0,0,0,0,0,0,0,0,0,0,0.00524099,0.0352406,0.0269437,0.0100916,-0.161774,0.0332539,0.0100916,-0.161774,0,0,0,0,0,0,0,0,0,0,0,0,0,0,0,0,0,0,0,0,0,0,0,0,0,0,0,0,0,0,0,0,-0.0162684,-0.0784709,-0.0276432,0,0,0,-0.163109,0,0,0,0,0,0,0,-3.14159,-3.14159,-3.14159,0,0,0,0,0,0,0,0,0,0,0,0,0
0,0,0,0,0,0,0,0,0,0,0.00456839,0.0338537,0.026278,0.00956768,-0.161525,0.0342047,0.00956768,-0.161525,0,0,0,0,0,0,0,0,0,0,0,0,0,0,0,0,0,0,0,0,0,0,0,0,0,0,0,0,0,0,0,0,-0.0157899,-0.0785362,-0.0275127,0,0,0,-0.164484,0,0,0,0,0,0,0,-3.14159,-3.14159,-3.14159,0,0,0,0,0,0,0,0,0,0,0,0,0
0,0,0,0,0,0,0,0,0,0,0.00494104,0.0344232,0.027308,0.00943385,-0.160973,0.0339284,0.00943385,-0.160973,0,0,0,0,0,0,0,0,0,0,0,0,0,0,0,0,0,0,0,0,0,0,0,0,0,0,0,0,0,0,0,0,-0.0160291,-0.0784709,-0.0276214,0,0,0,-0.165866,0,0,0,0,0,0,0,-3.14159,-3.14159,-3.14159,0,0,0,0,0,0,0,0,0,0,0,0,0
0,0,0,0,0,0,0,0,0,0,0.00400907,0.035645,0.0249445,0.00955298,-0.161278,0.0340868,0.00955298,-0.161278,0,0,0,0,0,0,0,0,0,0,0,0,0,0,0,0,0,0,0,0,0,0,0,0,0,0,0,0,0,0,0,0,-0.0161596,-0.0786449,-0.0275779,0,0,0,-0.167244,0,0,0,0,0,0,0,-3.14159,-3.14159,-3.14159,0,0,0,0,0,0,0,0,0,0,0,0,0
0,0,0,0,0,0,0,0,0,0,0.0038601,0.0319104,0.0264975,0.00925442,-0.161665,0.033462,0.00925442,-0.161665,0,0,0,0,0,0,0,0,0,0,0,0,0,0,0,0,0,0,0,0,0,0,0,0,0,0,0,0,0,0,0,0,-0.0160509,-0.0784492,-0.0275127,0,0,0,-0.16862,0,0,0,0,0,0,0,-3.14159,-3.14159,-3.14159,0,0,0,0,0,0,0,0,0,0,0,0,0
0,0,0,0,0,0,0,0,0,0,0.00462497,0.0340504,0.0249178,0.00850327,-0.160941,0.0320318,0.00850327,-0.160941,0,0,0,0,0,0,0,0,0,0,0,0,0,0,0,0,0,0,0,0,0,0,0,0,0,0,0,0,0,0,0,0,-0.0159856,-0.0788189,-0.0270342,0,0,0,-0.169972,0,0,0,0,0,0,0,-3.14159,-3.14159,-3.14159,0,0,0,0,0,0,0,0,0,0,0,0,0
0,0,0,0,0,0,0,0,0,0,0.00408483,0.0326678,0.0266011,0.00808684,-0.159705,0.0316714,0.00808684,-0.159705,0,0,0,0,0,0,0,0,0,0,0,0,0,0,0,0,0,0,0,0,0,0,0,0,0,0,0,0,0,0,0,0,-0.0159421,-0.0788624,-0.0269907,0,0,0,-0.171321,0,0,0,0,0,0,0,-3.14159,-3.14159,-3.14159,0,0,0,0,0,0,0,0,0,0,0,0,0
0,0,0,0,0,0,0,0,0,0,0.00406766,0.0349394,0.0267182,0.00806957,-0.159683,0.0318291,0.00806957,-0.159683,0,0,0,0,0,0,0,0,0,0,0,0,0,0,0,0,0,0,0,0,0,0,0,0,0,0,0,0,0,0,0,0,-0.0160074,-0.0795149,-0.0270777,0,0,0,-0.172675,0,0,0,0,0,0,0,-3.14159,-3.14159,-3.14159,0,0,0,0,0,0,0,0,0,0,0,0,0
0,0,0,0,0,0,0,0,0,0,0.00326448,0.0304299,0.0259205,0.00770259,-0.160042,0.0314232,0.00770259,-0.160042,0,0,0,0,0,0,0,0,0,0,0,0,0,0,0,0,0,0,0,0,0,0,0,0,0,0,0,0,0,0,0,0,-0.0158769,-0.0793191,-0.0268602,0,0,0,-0.174018,0,0,0,0,0,0,0,-3.14159,-3.14159,-3.14159,0,0,0,0,0,0,0,0,0,0,0,0,0
0,0,0,0,0,0,0,0,0,0,0.00441912,0.0320544,0.026689,0.00758864,-0.159578,0.0308993,0.00758864,-0.159578,0,0,0,0,0,0,0,0,0,0,0,0,0,0,0,0,0,0,0,0,0,0,0,0,0,0,0,0,0,0,0,0,-0.0160944,-0.0791887,-0.0271647,0,0,0,-0.175376,0,0,0,0,0,0,0,-3.14159,-3.14159,-3.14159,0,0,0,0,0,0,0,0,0,0,0,0,0
0,0,0,0,0,0,0,0,0,0,0.00453093,0.0310683,0.027327,0.00806081,-0.159516,0.0309982,0.00806081,-0.159516,0,0,0,0,0,0,0,0,0,0,0,0,0,0,0,0,0,0,0,0,0,0,0,0,0,0,0,0,0,0,0,0,-0.0163554,-0.0795149,-0.0273169,0,0,0,-0.176742,0,0,0,0,0,0,0,-3.14159,-3.14159,-3.14159,0,0,0,0,0,0,0,0,0,0,0,0,0
0,0,0,0,0,0,0,0,0,0,0.00346846,0.030738,0.0280953,0.00851878,-0.16059,0.0313511,0.00851878,-0.16059,0,0,0,0,0,0,0,0,0,0,0,0,0,0,0,0,0,0,0,0,0,0,0,0,0,0,0,0,0,0,0,0,-0.0163119,-0.0794279,-0.0278607,0,0,0,-0.178135,0,0,0,0,0,0,0,-3.14159,-3.14159,-3.14159,0,0,0,0,0,0,0,0,0,0,0,0,0
0,0,0,0,0,0,0,0,0,0,0.00462395,0.0305421,0.0263837,0.00858392,-0.161448,0.0312172,0.00858392,-0.161448,0,0,0,0,0,0,0,0,0,0,0,0,0,0,0,0,0,0,0,0,0,0,0,0,0,0,0,0,0,0,0,0,-0.0165511,-0.0795366,-0.0278389,0,0,0,-0.179527,0,0,0,0,0,0,0,-3.14159,-3.14159,-3.14159,0,0,0,0,0,0,0,0,0,0,0,0,0
0,0,0,0,0,0,0,0,0,0,0.00330109,0.0278664,0.0274128,0.00888531,-0.161001,0.031069,0.00888531,-0.161001,0,0,0,0,0,0,0,0,0,0,0,0,0,0,0,0,0,0,0,0,0,0,0,0,0,0,0,0,0,0,0,0,-0.0165729,-0.0788189,-0.0279694,0,0,0,-0.180926,0,0,0,0,0,0,0,-3.14159,-3.14159,-3.14159,0,0,0,0,0,0,0,0,0,0,0,0,0
0,0,0,0,0,0,0,0,0,0,0.00184585,0.0285851,0.0264844,0.00928334,-0.160678,0.0314135,0.00928334,-0.160678,0,0,0,0,0,0,0,0,0,0,0,0,0,0,0,0,0,0,0,0,0,0,0,0,0,0,0,0,0,0,0,0,-0.0164859,-0.0789712,-0.0280782,0,0,0,-0.18233,0,0,0,0,0,0,0,-3.14159,-3.14159,-3.14159,0,0,0,0,0,0,0,0,0,0,0,0,0
0,0,0,0,0,0,0,0,0,0,0.00443753,0.0280001,0.02699,0.00893934,-0.160725,0.0313512,0.00893934,-0.160725,0,0,0,0,0,0,0,0,0,0,0,0,0,0,0,0,0,0,0,0,0,0,0,0,0,0,0,0,0,0,0,0,-0.0166381,-0.0787537,-0.0281434,0,0,0,-0.183737,0,0,0,0,0,0,0,-3.14159,-3.14159,-3.14159,0,0,0,0,0,0,0,0,0,0,0,0,0
0,0,0,0,0,0,0,0,0,0,0.00233224,0.0289826,0.0264526,0.00840339,-0.160342,0.0309706,0.00840339,-0.160342,0,0,0,0,0,0,0,0,0,0,0,0,0,0,0,0,0,0,0,0,0,0,0,0,0,0,0,0,0,0,0,0,-0.0164206,-0.0788624,-0.0280129,0,0,0,-0.185137,0,0,0,0,0,0,0,-3.14159,-3.14159,-3.14159,0,0,0,0,0,0,0,0,0,0,0,0,0
0,0,0,0,0,0,0,0,0,0,0.0032281,0.0280105,0.0253942,0.00831627,-0.160188,0.0304259,0.00831627,-0.160188,0,0,0,0,0,0,0,0,0,0,0,0,0,0,0,0,0,0,0,0,0,0,0,0,0,0,0,0,0,0,0,0,-0.0165294,-0.0788624,-0.0275779,0,0,0,-0.186516,0,0,0,0,0,0,0,-3.14159,-3.14159,-3.14159,0,0,0,0,0,0,0,0,0,0,0,0,0
0,0,0,0,0,0,0,0,0,0,0.000730965,0.0266509,0.0245973,0.00823285,-0.160108,0.030082,0.00823285,-0.160108,0,0,0,0,0,0,0,0,0,0,0,0,0,0,0,0,0,0,0,0,0,0,0,0,0,0,0,0,0,0,0,0,-0.0160291,-0.0786667,-0.0272952,0,0,0,-0.187881,0,0,0,0,0,0,0,-3.14159,-3.14159,-3.14159,0,0,0,0,0,0,0,0,0,0,0,0,0
0,0,0,0,0,0,0,0,0,0,0.00280225,0.0280321,0.0269309,0.00757554,-0.159929,0.0303509,0.00757554,-0.159929,0,0,0,0,0,0,0,0,0,0,0,0,0,0,0,0,0,0,0,0,0,0,0,0,0,0,0,0,0,0,0,0,-0.0160944,-0.0791452,-0.0272299,0,0,0,-0.189243,0,0,0,0,0,0,0,-3.14159,-3.14159,-3.14159,0,0,0,0,0,0,0,0,0,0,0,0,0
0,0,0,0,0,0,0,0,0,0,0.00187204,0.0260215,0.0275685,0.0073268,-0.159973,0.0311406,0.0073268,-0.159973,0,0,0,0,0,0,0,0,0,0,0,0,0,0,0,0,0,0,0,0,0,0,0,0,0,0,0,0,0,0,0,0,-0.0162466,-0.0791669,-0.0274257,0,0,0,-0.190614,0,0,0,0,0,0,0,-3.14159,-3.14159,-3.14159,0,0,0,0,0,0,0,0,0,0,0,0,0
0,0,0,0,0,0,0,0,0,0,0.00133377,0.026884,0.0274229,0.00776109,-0.160003,0.0331697,0.00776109,-0.160003,0,0,0,0,0,0,0,0,0,0,0,0,0,0,0,0,0,0,0,0,0,0,0,0,0,0,0,0,0,0,0,0,-0.0158769,-0.0794279,-0.0275127,0,0,0,-0.19199,0,0,0,0,0,0,0,-3.14159,-3.14159,-3.14159,0,0,0,0,0,0,0,0,0,0,0,0,0
0,0,0,0,0,0,0,0,0,0,0.00118714,0.0274872,0.0254493,0.0080376,-0.159499,0.0347294,0.0080376,-0.159499,0,0,0,0,0,0,0,0,0,0,0,0,0,0,0,0,0,0,0,0,0,0,0,0,0,0,0,0,0,0,0,0,-0.0158334,-0.0796236,-0.0273604,0,0,0,-0.193358,0,0,0,0,0,0,0,-3.14159,-3.14159,-3.14159,0,0,0,0,0,0,0,0,0,0,0,0,0
0,0,0,0,0,0,0,0,0,0,0.00130243,0.0245681,0.0262163,0.00825537,-0.158558,0.0341475,0.00825537,-0.158558,0,0,0,0,0,0,0,0,0,0,0,0,0,0,0,0,0,0,0,0,0,0,0,0,0,0,0,0,0,0,0,0,-0.0156594,-0.0794931,-0.0275127,0,0,0,-0.194733,0,0,0,0,0,0,0,-3.14159,-3.14159,-3.14159,0,0,0,0,0,0,0,0,0,0,0,0,0
0,0,0,0,0,0,0,0,0,0,0.00232932,0.0242627,0.0259389,0.00844176,-0.158236,0.0325646,0.00844176,-0.158236,0,0,0,0,0,0,0,0,0,0,0,0,0,0,0,0,0,0,0,0,0,0,0,0,0,0,0,0,0,0,0,0,-0.0160726,-0.0795366,-0.0277519,0,0,0,-0.196121,0,0,0,0,0,0,0,-3.14159,-3.14159,-3.14159,0,0,0,0,0,0,0,0,0,0,0,0,0
0,0,0,0,0,0,0,0,0,0,-0.000426082,0.0242197,0.0256623,0.00831671,-0.158163,0.0311738,0.00831671,-0.158163,0,0,0,0,0,0,0,0,0,0,0,0,0,0,0,0,0,0,0,0,0,0,0,0,0,0,0,0,0,0,0,0,-0.0156811,-0.0793409,-0.0275562,0,0,0,-0.197499,0,0,0,0,0,0,0,-3.14159,-3.14159,-3.14159,0,0,0,0,0,0,0,0,0,0,0,0,0
0,0,0,0,0,0,0,0,0,0,0.000473351,0.0233955,0.0255167,0.00793399,-0.158072,0.0300424,0.00793399,-0.158072,0,0,0,0,0,0,0,0,0,0,0,0,0,0,0,0,0,0,0,0,0,0,0,0,0,0,0,0,0,0,0,0,-0.0155941,-0.0793409,-0.0272299,0,0,0,-0.19886,0,0,0,0,0,0,0,-3.14159,-3.14159,-3.14159,0,0,0,0,0,0,0,0,0,0,0,0,0
0,0,0,0,0,0,0,0,0,0,0.0009819,0.0233569,0.0262837,0.0082185,-0.159195,0.028878,0.0082185,-0.159195,0,0,0,0,0,0,0,0,0,0,0,0,0,0,0,0,0,0,0,0,0,0,0,0,0,0,0,0,0,0,0,0,-0.0156811,-0.0791887,-0.0270559,0,0,0,-0.200213,0,0,0,0,0,0,0,-3.14159,-3.14159,-3.14159,0,0,0,0,0,0,0,0,0,0,0,0,0
0,0,0,0,0,0,0,0,0,0,0.00070695,0.0235832,0.0266592,0.00886873,-0.160877,0.0289552,0.00886873,-0.160877,0,0,0,0,0,0,0,0,0,0,0,0,0,0,0,0,0,0,0,0,0,0,0,0,0,0,0,0,0,0,0,0,-0.0157464,-0.0789712,-0.0272734,0,0,0,-0.201577,0,0,0,0,0,0,0,-3.14159,-3.14159,-3.14159,0,0,0,0,0,0,0,0,0,0,0,0,0
0,0,0,0,0,0,0,0,0,0,0.000953904,0.0219855,0.0262514,0.00876146,-0.161561,0.0307918,0.00876146,-0.161561,0,0,0,0,0,0,0,0,0,0,0,0,0,0,0,0,0,0,0,0,0,0,0,0,0,0,0,0,0,0,0,0,-0.0158334,-0.0789712,-0.0272952,0,0,0,-0.202941,0,0,0,0,0,0,0,-3.14159,-3.14159,-3.14159,0,0,0,0,0,0,0,0,0,0,0,0,0
0,0,0,0,0,0,0,0,0,0,0.0013333,0.021563,0.0266271,0.00826993,-0.161945,0.0322985,0.00826993,-0.161945,0,0,0,0,0,0,0,0,0,0,0,0,0,0,0,0,0,0,0,0,0,0,0,0,0,0,0,0,0,0,0,0,-0.0158116,-0.0789494,-0.0274257,0,0,0,-0.204313,0,0,0,0,0,0,0,-3.14159,-3.14159,-3.14159,0,0,0,0,0,0,0,0,0,0,0,0,0
0,0,0,0,0,0,0,0,0,0,0.00106008,0.0214041,0.0264794,0.00776222,-0.163318,0.0321003,0.00776222,-0.163318,0,0,0,0,0,0,0,0,0,0,0,0,0,0,0,0,0,0,0,0,0,0,0,0,0,0,0,0,0,0,0,0,-0.0162031,-0.0789059,-0.0275779,0,0,0,-0.205691,0,0,0,0,0,0,0,-3.14159,-3.14159,-3.14159,0,0,0,0,0,0,0,0,0,0,0,0,0
0,0,0,0,0,0,0,0,0,0,0.00287794,0.0212469,0.0258111,0.00740812,-0.164509,0.0312864,0.00740812,-0.164509,0,0,0,0,0,0,0,0,0,0,0,0,0,0,0,0,0,0,0,0,0,0,0,0,0,0,0,0,0,0,0,0,-0.0167468,-0.0789712,-0.0276432,0,0,0,-0.207074,0,0,0,0,0,0,0,-3.14159,-3.14159,-3.14159,0,0,0,0,0,0,0,0,0,0,0,0,0
0,0,0,0,0,0,0,0,0,0,0.000518848,0.0197871,0.0259252,0.00711526,-0.164069,0.0305313,0.00711526,-0.164069,0,0,0,0,0,0,0,0,0,0,0,0,0,0,0,0,0,0,0,0,0,0,0,0,0,0,0,0,0,0,0,0,-0.0168121,-0.0787972,-0.0275997,0,0,0,-0.208454,0,0,0,0,0,0,0,-3.14159,-3.14159,-3.14159,0,0,0,0,0,0,0,0,0,0,0,0,0
0,0,0,0,0,0,0,0,0,0,-0.000798585,0.0214614,0.0266911,0.00647453,-0.16328,0.0291802,0.00647453,-0.16328,0,0,0,0,0,0,0,0,0,0,0,0,0,0,0,0,0,0,0,0,0,0,0,0,0,0,0,0,0,0,0,0,-0.0167033,-0.0788624,-0.0276214,0,0,0,-0.209835,0,0,0,0,0,0,0,-3.14159,-3.14159,-3.14159,0,0,0,0,0,0,0,0,0,0,0,0,0
0,0,0,0,0,0,0,0,0,0,0.000234127,0.019093,0.0269355,0.00579406,-0.163443,0.0279068,0.00579406,-0.163443,0,0,0,0,0,0,0,0,0,0,0,0,0,0,0,0,0,0,0,0,0,0,0,0,0,0,0,0,0,0,0,0,-0.0167251,-0.0787972,-0.0277519,0,0,0,-0.211222,0,0,0,0,0,0,0,-3.14159,-3.14159,-3.14159,0,0,0,0,0,0,0,0,0,0,0,0,0
0,0,0,0,0,0,0,0,0,0,9.47668e-05,0.0203816,0.026136,0.00567017,-0.163286,0.0277294,0.00567017,-0.163286,0,0,0,0,0,0,0,0,0,0,0,0,0,0,0,0,0,0,0,0,0,0,0,0,0,0,0,0,0,0,0,0,-0.0166598,-0.0790147,-0.0276867,0,0,0,-0.212607,0,0,0,0,0,0,0,-3.14159,-3.14159,-3.14159,0,0,0,0,0,0,0,0,0,0,0,0,0
0,0,0,0,0,0,0,0,0,0,-0.000305835,0.0203668,0.0261195,0.00645917,-0.161826,0.0283571,0.00645917,-0.161826,0,0,0,0,0,0,0,0,0,0,0,0,0,0,0,0,0,0,0,0,0,0,0,0,0,0,0,0,0,0,0,0,-0.0165729,-0.0792539,-0.0276432,0,0,0,-0.213989,0,0,0,0,0,0,0,-3.14159,-3.14159,-3.14159,0,0,0,0,0,0,0,0,0,0,0,0,0
0,0,0,0,0,0,0,0,0,0,-0.000838089,0.0200921,0.0249273,0.00756189,-0.160392,0.0287675,0.00756189,-0.160392,0,0,0,0,0,0,0,0,0,0,0,0,0,0,0,0,0,0,0,0,0,0,0,0,0,0,0,0,0,0,0,0,-0.0160944,-0.0794714,-0.0275127,0,0,0,-0.215364,0,0,0,0,0,0,0,-3.14159,-3.14159,-3.14159,0,0,0,0,0,0,0,0,0,0,0,0,0
0,0,0,0,0,0,0,0,0,0,6.48931e-05,0.0200811,0.0266065,0.0077188,-0.160175,0.0287183,0.0077188,-0.160175,0,0,0,0,0,0,0,0,0,0,0,0,0,0,0,0,0,0,0,0,0,0,0,0,0,0,0,0,0,0,0,0,-0.0161596,-0.0799281,-0.0276432,0,0,0,-0.216747,0,0,0,0,0,0,0,-3.14159,-3.14159,-3.14159,0,0,0,0,0,0,0,0,0,0,0,0,0
0,0,0,0,0,0,0,0,0,0,0.00149279,0.0190286,0.025155,0.0075296,-0.160275,0.0287356,0.0075296,-0.160275,0,0,0,0,0,0,0,0,0,0,0,0,0,0,0,0,0,0,0,0,0,0,0,0,0,0,0,0,0,0,0,0,-0.0166816,-0.0799281,-0.0274039,0,0,0,-0.218117,0,0,0,0,0,0,0,-3.14159,-3.14159,-3.14159,0,0,0,0,0,0,0,0,0,0,0,0,0
0,0,0,0,0,0,0,0,0,0,-0.0020385,0.0173273,0.0257892,0.00788265,-0.159844,0.0287732,0.00788265,-0.159844,0,0,0,0,0,0,0,0,0,0,0,0,0,0,0,0,0,0,0,0,0,0,0,0,0,0,0,0,0,0,0,0,-0.0164424,-0.0800369,-0.0272299,0,0,0,-0.219478,0,0,0,0,0,0,0,-3.14159,-3.14159,-3.14159,0,0,0,0,0,0,0,0,0,0,0,0,0
0,0,0,0,0,0,0,0,0,0,-0.000348843,0.0173244,0.0255102,0.00806126,-0.159856,0.028858,0.00806126,-0.159856,0,0,0,0,0,0,0,0,0,0,0,0,0,0,0,0,0,0,0,0,0,0,0,0,0,0,0,0,0,0,0,0,-0.0165076,-0.0799281,-0.0271429,0,0,0,-0.220835,0,0,0,0,0,0,0,-3.14159,-3.14159,-3.14159,0,0,0,0,0,0,0,0,0,0,0,0,0
0,0,0,0,0,0,0,0,0,0,-0.0015284,0.0188894,0.0256237,0.00785454,-0.160602,0.0290561,0.00785454,-0.160602,0,0,0,0,0,0,0,0,0,0,0,0,0,0,0,0,0,0,0,0,0,0,0,0,0,0,0,0,0,0,0,0,-0.0164424,-0.0800804,-0.0270777,0,0,0,-0.222189,0,0,0,0,0,0,0,-3.14159,-3.14159,-3.14159,0,0,0,0,0,0,0,0,0,0,0,0,0
0,0,0,0,0,0,0,0,0,0,-0.00270727,0.0186294,0.0262592,0.00770698,-0.161682,0.0290708,0.00770698,-0.161682,0,0,0,0,0,0,0,0,0,0,0,0,0,0,0,0,0,0,0,0,0,0,0,0,0,0,0,0,0,0,0,0,-0.0162684,-0.0802326,-0.0273169,0,0,0,-0.223555,0,0,0,0,0,0,0,-3.14159,-3.14159,-3.14159,0,0,0,0,0,0,0,0,0,0,0,0,0
0,0,0,0,0,0,0,0,0,0,-0.00323586,0.0140671,0.0250662,0.00812242,-0.162226,0.0285984,0.00812242,-0.162226,0,0,0,0,0,0,0,0,0,0,0,0,0,0,0,0,0,0,0,0,0,0,0,0,0,0,0,0,0,0,0,0,-0.0158551,-0.0796236,-0.0270777,0,0,0,-0.224909,0,0,0,0,0,0,0,-3.14159,-3.14159,-3.14159,0,0,0,0,0,0,0,0,0,0,0,0,0
0,0,0,0,0,0,0,0,0,0,-0.00193621,0.0136826,0.0264844,0.00873231,-0.161485,0.0283912,0.00873231,-0.161485,0,0,0,0,0,0,0,0,0,0,0,0,0,0,0,0,0,0,0,0,0,0,0,0,0,0,0,0,0,0,0,0,-0.0154201,-0.0791234,-0.0273169,0,0,0,-0.226275,0,0,0,0,0,0,0,-3.14159,-3.14159,-3.14159,0,0,0,0,0,0,0,0,0,0,0,0,0
0,0,0,0,0,0,0,0,0,0,-0.00102655,0.0166919,0.0268582,0.00889486,-0.160486,0.0284431,0.00889486,-0.160486,0,0,0,0,0,0,0,0,0,0,0,0,0,0,0,0,0,0,0,0,0,0,0,0,0,0,0,0,0,0,0,0,-0.0157246,-0.0794061,-0.0275127,0,0,0,-0.227651,0,0,0,0,0,0,0,-3.14159,-3.14159,-3.14159,0,0,0,0,0,0,0,0,0,0,0,0,0
0,0,0,0,0,0,0,0,0,0,-0.00233409,0.0143535,0.025666,0.00925788,-0.159882,0.0276894,0.00925788,-0.159882,0,0,0,0,0,0,0,0,0,0,0,0,0,0,0,0,0,0,0,0,0,0,0,0,0,0,0,0,0,0,0,0,-0.0155289,-0.0792974,-0.0275562,0,0,0,-0.229028,0,0,0,0,0,0,0,-3.14159,-3.14159,-3.14159,0,0,0,0,0,0,0,0,0,0,0,0,0
0,0,0,0,0,0,0,0,0,0,-0.0019448,0.014498,0.0269529,0.00972687,-0.159557,0.0270375,0.00972687,-0.159557,0,0,0,0,0,0,0,0,0,0,0,0,0,0,0,0,0,0,0,0,0,0,0,0,0,0,0,0,0,0,0,0,-0.0155941,-0.0789494,-0.0277954,0,0,0,-0.230418,0,0,0,0,0,0,0,-3.14159,-3.14159,-3.14159,0,0,0,0,0,0,0,0,0,0,0,0,0
0,0,0,0,0,0,0,0,0,0,-0.00168503,0.0147754,0.0265422,0.00963536,-0.159164,0.0267284,0.00963536,-0.159164,0,0,0,0,0,0,0,0,0,0,0,0,0,0,0,0,0,0,0,0,0,0,0,0,0,0,0,0,0,0,0,0,-0.0158986,-0.0786884,-0.0278607,0,0,0,-0.231811,0,0,0,0,0,0,0,-3.14159,-3.14159,-3.14159,0,0,0,0,0,0,0,0,0,0,0,0,0
0,0,0,0,0,0,0,0,0,0,-0.00168635,0.0153173,0.0262634,0.00911646,-0.158781,0.0260511,0.00911646,-0.158781,0,0,0,0,0,0,0,0,0,0,0,0,0,0,0,0,0,0,0,0,0,0,0,0,0,0,0,0,0,0,0,0,-0.0162901,-0.0792756,-0.0280782,0,0,0,-0.233215,0,0,0,0,0,0,0,-3.14159,-3.14159,-3.14159,0,0,0,0,0,0,0,0,0,0,0,0,0
0,0,0,0,0,0,0,0,0,0,-0.00273079,0.0149479,0.0259856,0.00889834,-0.159258,0.0250226,0.00889834,-0.159258,0,0,0,0,0,0,0,0,0,0,0,0,0,0,0,0,0,0,0,0,0,0,0,0,0,0,0,0,0,0,0,0,-0.0162901,-0.0798629,-0.0280129,0,0,0,-0.234616,0,0,0,0,0,0,0,-3.14159,-3.14159,-3.14159,0,0,0,0,0,0,0,0,0,0,0,0,0
0,0,0,0,0,0,0,0,0,0,-0.000771743,0.0130136,0.0262285,0.00957194,-0.160259,0.0247004,0.00957194,-0.160259,0,0,0,0,0,0,0,0,0,0,0,0,0,0,0,0,0,0,0,0,0,0,0,0,0,0,0,0,0,0,0,0,-0.0164641,-0.0796236,-0.0279259,0,0,0,-0.236012,0,0,0,0,0,0,0,-3.14159,-3.14159,-3.14159,0,0,0,0,0,0,0,0,0,0,0,0,0
0,0,0,0,0,0,0,0,0,0,-0.00351086,0.0139539,0.0262098,0.0102816,-0.160878,0.0258706,0.0102816,-0.160878,0,0,0,0,0,0,0,0,0,0,0,0,0,0,0,0,0,0,0,0,0,0,0,0,0,0,0,0,0,0,0,0,-0.0163989,-0.0799281,-0.0280347,0,0,0,-0.237414,0,0,0,0,0,0,0,-3.14159,-3.14159,-3.14159,0,0,0,0,0,0,0,0,0,0,0,0,0
0,0,0,0,0,0,0,0,0,0,-0.00376927,0.0117648,0.0257998,0.0103999,-0.16094,0.0267151,0.0103999,-0.16094,0,0,0,0,0,0,0,0,0,0,0,0,0,0,0,0,0,0,0,0,0,0,0,0,0,0,0,0,0,0,0,0,-0.0162249,-0.0798411,-0.0278607,0,0,0,-0.238807,0,0,0,0,0,0,0,-3.14159,-3.14159,-3.14159,0,0,0,0,0,0,0,0,0,0,0,0,0
0,0,0,0,0,0,0,0,0,0,-0.000894297,0.0107522,0.0257817,0.0102197,-0.160893,0.0270989,0.0102197,-0.160893,0,0,0,0,0,0,0,0,0,0,0,0,0,0,0,0,0,0,0,0,0,0,0,0,0,0,0,0,0,0,0,0,-0.0164859,-0.0795366,-0.0277519,0,0,0,-0.240194,0,0,0,0,0,0,0,-3.14159,-3.14159,-3.14159,0,0,0,0,0,0,0,0,0,0,0,0,0
0,0,0,0,0,0,0,0,0,0,-0.00402088,0.0131354,0.0262867,0.0101701,-0.161203,0.0287077,0.0101701,-0.161203,0,0,0,0,0,0,0,0,0,0,0,0,0,0,0,0,0,0,0,0,0,0,0,0,0,0,0,0,0,0,0,0,-0.0162249,-0.0795366,-0.0277737,0,0,0,-0.241583,0,0,0,0,0,0,0,-3.14159,-3.14159,-3.14159,0,0,0,0,0,0,0,0,0,0,0,0,0
0,0,0,0,0,0,0,0,0,0,-0.00218968,0.0116082,0.0247018,0.0102595,-0.161358,0.0303079,0.0102595,-0.161358,0,0,0,0,0,0,0,0,0,0,0,0,0,0,0,0,0,0,0,0,0,0,0,0,0,0,0,0,0,0,0,0,-0.0164424,-0.0793409,-0.0275779,0,0,0,-0.242962,0,0,0,0,0,0,0,-3.14159,-3.14159,-3.14159,0,0,0,0,0,0,0,0,0,0,0,0,0
0,0,0,0,0,0,0,0,0,0,-0.00283674,0.0109959,0.0248142,0.00982958,-0.161158,0.0300611,0.00982958,-0.161158,0,0,0,0,0,0,0,0,0,0,0,0,0,0,0,0,0,0,0,0,0,0,0,0,0,0,0,0,0,0,0,0,-0.0162249,-0.0793626,-0.0273604,0,0,0,-0.24433,0,0,0,0,0,0,0,-3.14159,-3.14159,-3.14159,0,0,0,0,0,0,0,0,0,0,0,0,0
0,0,0,0,0,0,0,0,0,0,-0.00322143,0.0114294,0.0268834,0.00917122,-0.160956,0.0294358,0.00917122,-0.160956,0,0,0,0,0,0,0,0,0,0,0,0,0,0,0,0,0,0,0,0,0,0,0,0,0,0,0,0,0,0,0,0,-0.0163989,-0.0792974,-0.0274909,0,0,0,-0.245704,0,0,0,0,0,0,0,-3.14159,-3.14159,-3.14159,0,0,0,0,0,0,0,0,0,0,0,0,0
0,0,0,0,0,0,0,0,0,0,-0.0043875,0.00938643,0.0266052,0.00886501,-0.160786,0.0302089,0.00886501,-0.160786,0,0,0,0,0,0,0,0,0,0,0,0,0,0,0,0,0,0,0,0,0,0,0,0,0,0,0,0,0,0,0,0,-0.0164206,-0.0792539,-0.0276432,0,0,0,-0.247087,0,0,0,0,0,0,0,-3.14159,-3.14159,-3.14159,0,0,0,0,0,0,0,0,0,0,0,0,0
0,0,0,0,0,0,0,0,0,0,-0.00176689,0.0106072,0.0260654,0.00897797,-0.160295,0.0314853,0.00897797,-0.160295,0,0,0,0,0,0,0,0,0,0,0,0,0,0,0,0,0,0,0,0,0,0,0,0,0,0,0,0,0,0,0,0,-0.0163989,-0.0795801,-0.0277084,0,0,0,-0.248472,0,0,0,0,0,0,0,-3.14159,-3.14159,-3.14159,0,0,0,0,0,0,0,0,0,0,0,0,0
0,0,0,0,0,0,0,0,0,0,-0.00423706,0.00883015,0.0240888,0.00932279,-0.159388,0.0315573,0.00932279,-0.159388,0,0,0,0,0,0,0,0,0,0,0,0,0,0,0,0,0,0,0,0,0,0,0,0,0,0,0,0,0,0,0,0,-0.0164859,-0.0792104,-0.0273604,0,0,0,-0.24984,0,0,0,0,0,0,0,-3.14159,-3.14159,-3.14159,0,0,0,0,0,0,0,0,0,0,0,0,0
0,0,0,0,0,0,0,0,0,0,-0.00396643,0.00992655,0.0268107,0.00915727,-0.158508,0.0311337,0.00915727,-0.158508,0,0,0,0,0,0,0,0,0,0,0,0,0,0,0,0,0,0,0,0,0,0,0,0,0,0,0,0,0,0,0,0,-0.0163119,-0.0792756,-0.0277302,0,0,0,-0.251227,0,0,0,0,0,0,0,-3.14159,-3.14159,-3.14159,0,0,0,0,0,0,0,0,0,0,0,0,0
0,0,0,0,0,0,0,0,0,0,-0.00460789,0.00789358,0.027054,0.00851354,-0.157933,0.0316182,0.00851354,-0.157933,0,0,0,0,0,0,0,0,0,0,0,0,0,0,0,0,0,0,0,0,0,0,0,0,0,0,0,0,0,0,0,0,-0.0161379,-0.0791017,-0.0281216,0,0,0,-0.252633,0,0,0,0,0,0,0,-3.14159,-3.14159,-3.14159,0,0,0,0,0,0,0,0,0,0,0,0,0
0,0,0,0,0,0,0,0,0,0,-0.00459237,0.00860231,0.0258614,0.00833734,-0.158259,0.0305217,0.00833734,-0.158259,0,0,0,0,0,0,0,0,0,0,0,0,0,0,0,0,0,0,0,0,0,0,0,0,0,0,0,0,0,0,0,0,-0.0160291,-0.0789712,-0.0279694,0,0,0,-0.254031,0,0,0,0,0,0,0,-3.14159,-3.14159,-3.14159,0,0,0,0,0,0,0,0,0,0,0,0,0
0,0,0,0,0,0,0,0,0,0,-0.00431648,0.00853272,0.0245376,0.00885698,-0.159615,0.0272235,0.00885698,-0.159615,0,0,0,0,0,0,0,0,0,0,0,0,0,0,0,0,0,0,0,0,0,0,0,0,0,0,0,0,0,0,0,0,-0.0161596,-0.0791669,-0.0276432,0,0,0,-0.255413,0,0,0,0,0,0,0,-3.14159,-3.14159,-3.14159,0,0,0,0,0,0,0,0,0,0,0,0,0
0,0,0,0,0,0,0,0,0,0,-0.0022147,0.00807566,0.0255629,0.0089749,-0.161166,0.0246349,0.0089749,-0.161166,0,0,0,0,0,0,0,0,0,0,0,0,0,0,0,0,0,0,0,0,0,0,0,0,0,0,0,0,0,0,0,0,-0.0162031,-0.0790799,-0.0275779,0,0,0,-0.256792,0,0,0,0,0,0,0,-3.14159,-3.14159,-3.14159,0,0,0,0,0,0,0,0,0,0,0,0,0
0,0,0,0,0,0,0,0,0,0,-0.00428804,0.00631696,0.024892,0.00815503,-0.161957,0.0239147,0.00815503,-0.161957,0,0,0,0,0,0,0,0,0,0,0,0,0,0,0,0,0,0,0,0,0,0,0,0,0,0,0,0,0,0,0,0,-0.0163119,-0.0789929,-0.0277302,0,0,0,-0.258179,0,0,0,0,0,0,0,-3.14159,-3.14159,-3.14159,0,0,0,0,0,0,0,0,0,0,0,0,0
0,0,0,0,0,0,0,0,0,0,-0.0047931,0.0091269,0.0259178,0.00781328,-0.162041,0.0242712,0.00781328,-0.162041,0,0,0,0,0,0,0,0,0,0,0,0,0,0,0,0,0,0,0,0,0,0,0,0,0,0,0,0,0,0,0,0,-0.0162901,-0.0791887,-0.0275997,0,0,0,-0.259559,0,0,0,0,0,0,0,-3.14159,-3.14159,-3.14159,0,0,0,0,0,0,0,0,0,0,0,0,0
0,0,0,0,0,0,0,0,0,0,-0.00542575,0.00762946,0.0252469,0.00877235,-0.162315,0.0245993,0.00877235,-0.162315,0,0,0,0,0,0,0,0,0,0,0,0,0,0,0,0,0,0,0,0,0,0,0,0,0,0,0,0,0,0,0,0,-0.0162684,-0.0794714,-0.0273169,0,0,0,-0.260925,0,0,0,0,0,0,0,-3.14159,-3.14159,-3.14159,0,0,0,0,0,0,0,0,0,0,0,0,0
0,0,0,0,0,0,0,0,0,0,-0.00423292,0.00626741,0.0232709,0.00941556,-0.16233,0.0257365,0.00941556,-0.16233,0,0,0,0,0,0,0,0,0,0,0,0,0,0,0,0,0,0,0,0,0,0,0,0,0,0,0,0,0,0,0,0,-0.0164424,-0.0794061,-0.0269037,0,0,0,-0.26227,0,0,0,0,0,0,0,-3.14159,-3.14159,-3.14159,0,0,0,0,0,0,0,0,0,0,0,0,0
0,0,0,0,0,0,0,0,0,0,-0.00616976,0.00595262,0.0258623,0.00875412,-0.161055,0.0277262,0.00875412,-0.161055,0,0,0,0,0,0,0,0,0,0,0,0,0,0,0,0,0,0,0,0,0,0,0,0,0,0,0,0,0,0,0,0,-0.0162466,-0.0792974,-0.0271429,0,0,0,-0.263627,0,0,0,0,0,0,0,-3.14159,-3.14159,-3.14159,0,0,0,0,0,0,0,0,0,0,0,0,0
0,0,0,0,0,0,0,0,0,0,-0.00549655,0.00590191,0.0257135,0.00805919,-0.159591,0.029314,0.00805919,-0.159591,0,0,0,0,0,0,0,0,0,0,0,0,0,0,0,0,0,0,0,0,0,0,0,0,0,0,0,0,0,0,0,0,-0.0158116,-0.0792539,-0.0271864,0,0,0,-0.264986,0,0,0,0,0,0,0,-3.14159,-3.14159,-3.14159,0,0,0,0,0,0,0,0,0,0,0,0,0
0,0,0,0,0,0,0,0,0,0,-0.00469083,0.00611439,0.0267401,0.00817268,-0.159664,0.0303756,0.00817268,-0.159664,0,0,0,0,0,0,0,0,0,0,0,0,0,0,0,0,0,0,0,0,0,0,0,0,0,0,0,0,0,0,0,0,-0.0158551,-0.0795366,-0.0275127,0,0,0,-0.266362,0,0,0,0,0,0,0,-3.14159,-3.14159,-3.14159,0,0,0,0,0,0,0,0,0,0,0,0,0
0,0,0,0,0,0,0,0,0,0,-0.00414605,0.00502662,0.0248947,0.00861342,-0.160266,0.0311554,0.00861342,-0.160266,0,0,0,0,0,0,0,0,0,0,0,0,0,0,0,0,0,0,0,0,0,0,0,0,0,0,0,0,0,0,0,0,-0.0160726,-0.0791669,-0.0273604,0,0,0,-0.26773,0,0,0,0,0,0,0,-3.14159,-3.14159,-3.14159,0,0,0,0,0,0,0,0,0,0,0,0,0
0,0,0,0,0,0,0,0,0,0,-0.00777581,0.00589691,0.0244852,0.00844781,-0.159786,0.031324,0.00844781,-0.159786,0,0,0,0,0,0,0,0,0,0,0,0,0,0,0,0,0,0,0,0,0,0,0,0,0,0,0,0,0,0,0,0,-0.0157899,-0.0791887,-0.0272517,0,0,0,-0.269092,0,0,0,0,0,0,0,-3.14159,-3.14159,-3.14159,0,0,0,0,0,0,0,0,0,0,0,0,0
0,0,0,0,0,0,0,0,0,0,-0.00487997,0.00468051,0.0247268,0.00813836,-0.159741,0.0308687,0.00813836,-0.159741,0,0,0,0,0,0,0,0,0,0,0,0,0,0,0,0,0,0,0,0,0,0,0,0,0,0,0,0,0,0,0,0,-0.0157899,-0.0792321,-0.0275127,0,0,0,-0.270468,0,0,0,0,0,0,0,-3.14159,-3.14159,-3.14159,0,0,0,0,0,0,0,0,0,0,0,0,0
0,0,0,0,0,0,0,0,0,0,-0.00407019,0.00542652,0.026405,0.00869289,-0.160934,0.0309275,0.00869289,-0.160934,0,0,0,0,0,0,0,0,0,0,0,0,0,0,0,0,0,0,0,0,0,0,0,0,0,0,0,0,0,0,0,0,-0.0162466,-0.0794496,-0.0276214,0,0,0,-0.271849,0,0,0,0,0,0,0,-3.14159,-3.14159,-3.14159,0,0,0,0,0,0,0,0,0,0,0,0,0
0,0,0,0,0,0,0,0,0,0,-0.00495759,0.00513305,0.0229922,0.00959361,-0.161029,0.0312979,0.00959361,-0.161029,0,0,0,0,0,0,0,0,0,0,0,0,0,0,0,0,0,0,0,0,0,0,0,0,0,0,0,0,0,0,0,0,-0.0164424,-0.0796236,-0.0271864,0,0,0,-0.273208,0,0,0,0,0,0,0,-3.14159,-3.14159,-3.14159,0,0,0,0,0,0,0,0,0,0,0,0,0
0,0,0,0,0,0,0,0,0,0,-0.00649682,0.0043175,0.0254517,0.0100246,-0.160211,0.0305279,0.0100246,-0.160211,0,0,0,0,0,0,0,0,0,0,0,0,0,0,0,0,0,0,0,0,0,0,0,0,0,0,0,0,0,0,0,0,-0.0162466,-0.0796236,-0.0269907,0,0,0,-0.274558,0,0,0,0,0,0,0,-3.14159,-3.14159,-3.14159,0,0,0,0,0,0,0,0,0,0,0,0,0
0,0,0,0,0,0,0,0,0,0,-0.00698778,0.00402459,0.0253026,0.00960699,-0.160399,0.028506,0.00960699,-0.160399,0,0,0,0,0,0,0,0,0,0,0,0,0,0,0,0,0,0,0,0,0,0,0,0,0,0,0,0,0,0,0,0,-0.0158769,-0.0797541,-0.0270777,0,0,0,-0.275912,0,0,0,0,0,0,0,-3.14159,-3.14159,-3.14159,0,0,0,0,0,0,0,0,0,0,0,0,0
0,0,0,0,0,0,0,0,0,0,-0.00434598,0.00334493,0.0252846,0.00926999,-0.160832,0.0270598,0.00926999,-0.160832,0,0,0,0,0,0,0,0,0,0,0,0,0,0,0,0,0,0,0,0,0,0,0,0,0,0,0,0,0,0,0,0,-0.0165511,-0.0796236,-0.0272299,0,0,0,-0.277273,0,0,0,0,0,0,0,-3.14159,-3.14159,-3.14159,0,0,0,0,0,0,0,0,0,0,0,0,0
0,0,0,0,0,0,0,0,0,0,-0.00561834,0.00488477,0.0257875,0.009517,-0.160039,0.0275528,0.009517,-0.160039,0,0,0,0,0,0,0,0,0,0,0,0,0,0,0,0,0,0,0,0,0,0,0,0,0,0,0,0,0,0,0,0,-0.0165294,-0.0799499,-0.0274257,0,0,0,-0.278645,0,0,0,0,0,0,0,-3.14159,-3.14159,-3.14159,0,0,0,0,0,0,0,0,0,0,0,0,0
0,0,0,0,0,0,0,0,0,0,-0.00610795,0.00251298,0.0248543,0.00907794,-0.158767,0.0285024,0.00907794,-0.158767,0,0,0,0,0,0,0,0,0,0,0,0,0,0,0,0,0,0,0,0,0,0,0,0,0,0,0,0,0,0,0,0,-0.0162901,-0.0797541,-0.0271864,0,0,0,-0.280004,0,0,0,0,0,0,0,-3.14159,-3.14159,-3.14159,0,0,0,0,0,0,0,0,0,0,0,0,0
0,0,0,0,0,0,0,0,0,0,-0.00515992,0.0027547,0.0252268,0.00772027,-0.158903,0.0287394,0.00772027,-0.158903,0,0,0,0,0,0,0,0,0,0,0,0,0,0,0,0,0,0,0,0,0,0,0,0,0,0,0,0,0,0,0,0,-0.0163554,-0.0796454,-0.0275779,0,0,0,-0.281383,0,0,0,0,0,0,0,-3.14159,-3.14159,-3.14159,0,0,0,0,0,0,0,0,0,0,0,0,0
0,0,0,0,0,0,0,0,0,0,-0.00669079,0.00365322,0.0259907,0.00686029,-0.159501,0.0292195,0.00686029,-0.159501,0,0,0,0,0,0,0,0,0,0,0,0,0,0,0,0,0,0,0,0,0,0,0,0,0,0,0,0,0,0,0,0,-0.0164206,-0.0798194,-0.0276867,0,0,0,-0.282767,0,0,0,0,0,0,0,-3.14159,-3.14159,-3.14159,0,0,0,0,0,0,0,0,0,0,0,0,0
0,0,0,0,0,0,0,0,0,0,-0.00587161,0.000508581,0.0266242,0.00721014,-0.159595,0.0303772,0.00721014,-0.159595,0,0,0,0,0,0,0,0,0,0,0,0,0,0,0,0,0,0,0,0,0,0,0,0,0,0,0,0,0,0,0,0,-0.0167033,-0.0795149,-0.0279259,0,0,0,-0.284164,0,0,0,0,0,0,0,-3.14159,-3.14159,-3.14159,0,0,0,0,0,0,0,0,0,0,0,0,0
0,0,0,0,0,0,0,0,0,0,-0.00674817,0.00206349,0.0239951,0.00738692,-0.160427,0.031084,0.00738692,-0.160427,0,0,0,0,0,0,0,0,0,0,0,0,0,0,0,0,0,0,0,0,0,0,0,0,0,0,0,0,0,0,0,0,-0.0163989,-0.0795801,-0.0277302,0,0,0,-0.28555,0,0,0,0,0,0,0,-3.14159,-3.14159,-3.14159,0,0,0,0,0,0,0,0,0,0,0,0,0
0,0,0,0,0,0,0,0,0,0,-0.00762381,0.00192539,0.0259326,0.00706384,-0.161668,0.0307977,0.00706384,-0.161668,0,0,0,0,0,0,0,0,0,0,0,0,0,0,0,0,0,0,0,0,0,0,0,0,0,0,0,0,0,0,0,0,-0.0161596,-0.0793626,-0.0277737,0,0,0,-0.286939,0,0,0,0,0,0,0,-3.14159,-3.14159,-3.14159,0,0,0,0,0,0,0,0,0,0,0,0,0
0,0,0,0,0,0,0,0,0,0,-0.0048451,0.00231324,0.0248684,0.00770577,-0.162402,0.030501,0.00770577,-0.162402,0,0,0,0,0,0,0,0,0,0,0,0,0,0,0,0,0,0,0,0,0,0,0,0,0,0,0,0,0,0,0,0,-0.0164641,-0.0796019,-0.0277954,0,0,0,-0.288328,0,0,0,0,0,0,0,-3.14159,-3.14159,-3.14159,0,0,0,0,0,0,0,0,0,0,0,0,0
0,0,0,0,0,0,0,0,0,0,-0.00676441,0.000876262,0.0249784,0.00916417,-0.162248,0.0305794,0.00916417,-0.162248,0,0,0,0,0,0,0,0,0,0,0,0,0,0,0,0,0,0,0,0,0,0,0,0,0,0,0,0,0,0,0,0,-0.0162901,-0.0795584,-0.0277737,0,0,0,-0.289717,0,0,0,0,0,0,0,-3.14159,-3.14159,-3.14159,0,0,0,0,0,0,0,0,0,0,0,0,0
0,0,0,0,0,0,0,0,0,0,-0.00711562,-0.00042956,0.0258718,0.0100186,-0.161713,0.0315656,0.0100186,-0.161713,0,0,0,0,0,0,0,0,0,0,0,0,0,0,0,0,0,0,0,0,0,0,0,0,0,0,0,0,0,0,0,0,-0.0163119,-0.0791452,-0.0277737,0,0,0,-0.291106,0,0,0,0,0,0,0,-3.14159,-3.14159,-3.14159,0,0,0,0,0,0,0,0,0,0,0,0,0
0,0,0,0,0,0,0,0,0,0,-0.00629056,0.00126963,0.0242876,0.00991449,-0.161564,0.033072,0.00991449,-0.161564,0,0,0,0,0,0,0,0,0,0,0,0,0,0,0,0,0,0,0,0,0,0,0,0,0,0,0,0,0,0,0,0,-0.0163336,-0.0795366,-0.0274039,0,0,0,-0.292476,0,0,0,0,0,0,0,-3.14159,-3.14159,-3.14159,0,0,0,0,0,0,0,0,0,0,0,0,0
0,0,0,0,0,0,0,0,0,0,-0.00716059,-0.00133396,0.0257042,0.0100602,-0.161129,0.0339258,0.0100602,-0.161129,0,0,0,0,0,0,0,0,0,0,0,0,0,0,0,0,0,0,0,0,0,0,0,0,0,0,0,0,0,0,0,0,-0.0163554,-0.0792321,-0.0277084,0,0,0,-0.293861,0,0,0,0,0,0,0,-3.14159,-3.14159,-3.14159,0,0,0,0,0,0,0,0,0,0,0,0,0
