0,0,0,0,0,0,0,0,0,0,0,0,0,0,0,0,0,0,0,0,0,0,0,0,0,0,0,0,0,0,0,0,0,0,0,0,0,0,0,0,0,0,0,0,0,0,0,0,0,0,0,0,0,0,0,0,0,0,0,0,0,0,0,0,0,0,0,0,0,0,0,0,0,0,0,0,0,0,0,0
0,0,0,0,0,0,0,0,0,0,0.0165729,0.0793409,0.0264905,0.000146143,-0.00824245,9.33317,0.000146143,-0.00824245,0,0,0,0,0,0,0,0,0,0,0,0,0,0,0,0,0,0,0,0,0,0,0,0,0,0,0,0,0,0,0,0,-0.00276214,-0.0132235,-0.00441508,0,0,0,-0.000220754,0,0,0,0,0,0,0,0,0,0,0,0,0,0,0,0,0,0,0,0,0,0,0
0,0,0,0,0,0,0,0,0,0,0.0163171,0.0801193,0.026621,0.00099377,-0.0321806,7.90225,0.00099377,-0.0321806,0,0,0,0,0,0,0,0,0,0,0,0,0,0,0,0,0,0,0,0,0,0,0,0,0,0,0,0,0,0,0,0,-0.00548079,-0.0265775,-0.0088519,0,0,0,-0.000663349,0,0,0,0,0,0,0,-3.14159,-3.14159,-3.14159,0,0,0,0,0,0,0,0,0,0,0,0,0
0,0,0,0,0,0,0,0,0,0,0.0152795,0.0794365,0.0277959,0.00260549,-0.0614856,6.07553,0.00260549,-0.0614856,0,0,0,0,0,0,0,0,0,0,0,0,0,0,0,0,0,0,0,0,0,0,0,0,0,0,0,0,0,0,0,0,-0.00802544,-0.0398227,-0.0134845,0,0,0,-0.00133757,0,0,0,0,0,0,0,-3.14159,-3.14159,-3.14159,0,0,0,0,0,0,0,0,0,0,0,0,0
0,0,0,0,0,0,0,0,0,0,0.0143673,0.0793893,0.0274051,0.00392149,-0.0879223,4.41177,0.00392149,-0.0879223,0,0,0,0,0,0,0,0,0,0,0,0,0,0,0,0,0,0,0,0,0,0,0,0,0,0,0,0,0,0,0,0,-0.0104178,-0.0530679,-0.0180518,0,0,0,-0.00224016,0,0,0,0,0,0,0,-3.14159,-3.14159,-3.14159,0,0,0,0,0,0,0,0,0,0,0,0,0
0,0,0,0,0,0,0,0,0,0,0.0165892,0.0802553,0.0293638,0.00452182,-0.114315,2.81498,0.00452182,-0.114315,0,0,0,0,0,0,0,0,0,0,0,0,0,0,0,0,0,0,0,0,0,0,0,0,0,0,0,0,0,0,0,0,-0.01318,-0.0664654,-0.0229454,0,0,0,-0.00338743,0,0,0,0,0,0,0,-3.14159,-3.14159,-3.14159,0,0,0,0,0,0,0,0,0,0,0,0,0
0,0,0,0,0,0,0,0,0,0,0.0169835,0.0765503,0.0267545,0.00537749,-0.14158,1.19003,0.00537749,-0.14158,0,0,0,0,0,0,0,0,0,0,0,0,0,0,0,0,0,0,0,0,0,0,0,0,0,0,0,0,0,0,0,0,-0.0160074,-0.0792539,-0.0274039,0,0,0,-0.00475763,0,0,0,0,0,0,0,-3.14159,-3.14159,-3.14159,0,0,0,0,0,0,0,0,0,0,0,0,0
0,0,0,0,0,0,0,0,0,0,0.0146334,0.0788376,0.0292347,0.00650209,-0.160668,0.0316815,0.00650209,-0.160668,0,0,0,0,0,0,0,0,0,0,0,0,0,0,0,0,0,0,0,0,0,0,0,0,0,0,0,0,0,0,0,0,-0.0156811,-0.0792104,-0.0278607,0,0,0,-0.00615066,0,0,0,0,0,0,0,-3.14159,-3.14159,-3.14159,0,0,0,0,0,0,0,0,0,0,0,0,0
0,0,0,0,0,0,0,0,0,0,0.0175002,0.0788964,0.0279302,0.00661833,-0.163824,-0.166794,0.00661833,-0.163824,0,0,0,0,0,0,0,0,0,0,0,0,0,0,0,0,0,0,0,0,0,0,0,0,0,0,0,0,0,0,0,0,-0.0158769,-0.0790582,-0.0280782,0,0,0,-0.00755457,0,0,0,0,0,0,0,-3.14159,-3.14159,-3.14159,0,0,0,0,0,0,0,0,0,0,0,0,0
0,0,0,0,0,0,0,0,0,0,0.0152755,0.0790774,0.0267566,0.00587004,-0.161162,0.0324153,0.00587004,-0.161162,0,0,0,0,0,0,0,0,0,0,0,0,0,0,0,0,0,0,0,0,0,0,0,0,0,0,0,0,0,0,0,0,-0.0158769,-0.0790582,-0.0279042,0,0,0,-0.00894977,0,0,0,0,0,0,0,-3.14159,-3.14159,-3.14159,0,0,0,0,0,0,0,0,0,0,0,0,0
0,0,0,0,0,0,0,0,0,0,0.0176176,0.076899,0.0281936,0.00552858,-0.161264,0.0675497,0.00552858,-0.161264,0,0,0,0,0,0,0,0,0,0,0,0,0,0,0,0,0,0,0,0,0,0,0,0,0,0,0,0,0,0,0,0,-0.0164206,-0.0787102,-0.0280347,0,0,0,-0.0103515,0,0,0,0,0,0,0,-3.14159,-3.14159,-3.14159,0,0,0,0,0,0,0,0,0,0,0,0,0
0,0,0,0,0,0,0,0,0,0,0.0144743,0.0764092,0.0276728,0.00592002,-0.161633,0.0347738,0.00592002,-0.161633,0,0,0,0,0,0,0,0,0,0,0,0,0,0,0,0,0,0,0,0,0,0,0,0,0,0,0,0,0,0,0,0,-0.0160726,-0.0781447,-0.0277519,0,0,0,-0.0117391,0,0,0,0,0,0,0,-3.14159,-3.14159,-3.14159,0,0,0,0,0,0,0,0,0,0,0,0,0
0,0,0,0,0,0,0,0,0,0,0.0162898,0.0783898,0.0283263,0.00609552,-0.161031,0.0299733,0.00609552,-0.161031,0,0,0,0,0,0,0,0,0,0,0,0,0,0,0,0,0,0,0,0,0,0,0,0,0,0,0,0,0,0,0,0,-0.0159639,-0.0785362,-0.0280129,0,0,0,-0.0131397,0,0,0,0,0,0,0,-3.14159,-3.14159,-3.14159,0,0,0,0,0,0,0,0,0,0,0,0,0
0,0,0,0,0,0,0,0,0,0,0.0140583,0.0767072,0.0287177,0.00564839,-0.160383,0.0354798,0.00564839,-0.160383,0,0,0,0,0,0,0,0,0,0,0,0,0,0,0,0,0,0,0,0,0,0,0,0,0,0,0,0,0,0,0,0,-0.0158769,-0.0782752,-0.0279259,0,0,0,-0.014536,0,0,0,0,0,0,0,-3.14159,-3.14159,-3.14159,0,0,0,0,0,0,0,0,0,0,0,0,0
0,0,0,0,0,0,0,0,0,0,0.0161297,0.0772355,0.0283258,0.00526754,-0.16034,0.0349005,0.00526754,-0.16034,0,0,0,0,0,0,0,0,0,0,0,0,0,0,0,0,0,0,0,0,0,0,0,0,0,0,0,0,0,0,0,0,-0.0156594,-0.0781012,-0.0279912,0,0,0,-0.0159356,0,0,0,0,0,0,0,-3.14159,-3.14159,-3.14159,0,0,0,0,0,0,0,0,0,0,0,0,0
0,0,0,0,0,0,0,0,0,0,0.015981,0.0789304,0.0274112,0.00534425,-0.160364,0.0325235,0.00534425,-0.160364,0,0,0,0,0,0,0,0,0,0,0,0,0,0,0,0,0,0,0,0,0,0,0,0,0,0,0,0,0,0,0,0,-0.0157899,-0.0781882,-0.0280999,0,0,0,-0.0173406,0,0,0,0,0,0,0,-3.14159,-3.14159,-3.14159,0,0,0,0,0,0,0,0,0,0,0,0,0
0,0,0,0,0,0,0,0,0,0,0.0162211,0.0757872,0.027019,0.0060234,-0.159611,0.0315415,0.0060234,-0.159611,0,0,0,0,0,0,0,0,0,0,0,0,0,0,0,0,0,0,0,0,0,0,0,0,0,0,0,0,0,0,0,0,-0.0155724,-0.0781229,-0.0279042,0,0,0,-0.0187358,0,0,0,0,0,0,0,-3.14159,-3.14159,-3.14159,0,0,0,0,0,0,0,0,0,0,0,0,0
0,0,0,0,0,0,0,0,0,0,0.0171107,0.0788975,0.0289771,0.00685786,-0.15911,0.0313647,0.00685786,-0.15911,0,0,0,0,0,0,0,0,0,0,0,0,0,0,0,0,0,0,0,0,0,0,0,0,0,0,0,0,0,0,0,0,-0.0160291,-0.0786667,-0.0281216,0,0,0,-0.0201419,0,0,0,0,0,0,0,-3.14159,-3.14159,-3.14159,0,0,0,0,0,0,0,0,0,0,0,0,0
0,0,0,0,0,0,0,0,0,0,0.0159097,0.0780861,0.0281943,0.00723823,-0.159385,0.0312994,0.00723823,-0.159385,0,0,0,0,0,0,0,0,0,0,0,0,0,0,0,0,0,0,0,0,0,0,0,0,0,0,0,0,0,0,0,0,-0.0159856,-0.0787537,-0.0280999,0,0,0,-0.0215469,0,0,0,0,0,0,0,-3.14159,-3.14159,-3.14159,0,0,0,0,0,0,0,0,0,0,0,0,0
0,0,0,0,0,0,0,0,0,0,0.0171882,0.0789636,0.0270202,0.00738734,-0.159501,0.0313882,0.00738734,-0.159501,0,0,0,0,0,0,0,0,0,0,0,0,0,0,0,0,0,0,0,0,0,0,0,0,0,0,0,0,0,0,0,0,-0.0165294,-0.0792756,-0.0278172,0,0,0,-0.0229377,0,0,0,0,0,0,0,-3.14159,-3.14159,-3.14159,0,0,0,0,0,0,0,0,0,0,0,0,0
0,0,0,0,0,0,0,0,0,0,0.0148138,0.0781344,0.0285859,0.00776051,-0.159716,0.0313409,0.00776051,-0.159716,0,0,0,0,0,0,0,0,0,0,0,0,0,0,0,0,0,0,0,0,0,0,0,0,0,0,0,0,0,0,0,0,-0.0163336,-0.0795801,-0.0278607,0,0,0,-0.0243308,0,0,0,0,0,0,0,-3.14159,-3.14159,-3.14159,0,0,0,0,0,0,0,0,0,0,0,0,0
0,0,0,0,0,0,0,0,0,0,0.0164796,0.0771686,0.0271495,0.00793952,-0.160603,0.0306534,0.00793952,-0.160603,0,0,0,0,0,0,0,0,0,0,0,0,0,0,0,0,0,0,0,0,0,0,0,0,0,0,0,0,0,0,0,0,-0.0164424,-0.0794496,-0.0278172,0,0,0,-0.0257216,0,0,0,0,0,0,0,-3.14159,-3.14159,-3.14159,0,0,0,0,0,0,0,0,0,0,0,0,0
0,0,0,0,0,0,0,0,0,0,0.0168372,0.0769782,0.0283223,0.00743707,-0.161676,0.0302816,0.00743707,-0.161676,0,0,0,0,0,0,0,0,0,0,0,0,0,0,0,0,0,0,0,0,0,0,0,0,0,0,0,0,0,0,0,0,-0.0165729,-0.0798194,-0.0280347,0,0,0,-0.0271234,0,0,0,0,0,0,0,-3.14159,-3.14159,-3.14159,0,0,0,0,0,0,0,0,0,0,0,0,0
0,0,0,0,0,0,0,0,0,0,0.0171933,0.0776914,0.0271473,0.00661718,-0.16205,0.031101,0.00661718,-0.16205,0,0,0,0,0,0,0,0,0,0,0,0,0,0,0,0,0,0,0,0,0,0,0,0,0,0,0,0,0,0,0,0,-0.0166163,-0.0797976,-0.0277302,0,0,0,-0.0285099,0,0,0,0,0,0,0,-3.14159,-3.14159,-3.14159,0,0,0,0,0,0,0,0,0,0,0,0,0
0,0,0,0,0,0,0,0,0,0,0.0144147,0.077092,0.0270164,0.00620651,-0.161895,0.0325678,0.00620651,-0.161895,0,0,0,0,0,0,0,0,0,0,0,0,0,0,0,0,0,0,0,0,0,0,0,0,0,0,0,0,0,0,0,0,-0.0163989,-0.0798194,-0.0275344,0,0,0,-0.0298866,0,0,0,0,0,0,0,-3.14159,-3.14159,-3.14159,0,0,0,0,0,0,0,0,0,0,0,0,0
