0,0,0,0,0,0,0,0,0,0,0,0,0,0,0,0,0,0,0,0,0,0,0,0,0,0,0,0,0,0,0,0,0,0,0,0,0,0,0,0,0,0,0,0,0,0,0,0,0,0,0,0,0,0,0,0,0,0,0,0,0,0,0,0,0,0,0,0,0,0,0,0,0,0,0,0,0,0,0,0
0,0,0,0,0,0,0,0,0,0,0.0157899,0.076992,0.0276649,0.000263057,-0.00809631,9.33319,0.000263057,-0.00809631,0,0,0,0,0,0,0,0,0,0,0,0,0,0,0,0,0,0,0,0,0,0,0,0,0,0,0,0,0,0,0,0,-0.00263165,-0.012832,-0.00461082,0,0,0,-0.000230541,0,0,0,0,0,0,0,0,0,0,0,0,0,0,0,0,0,0,0,0,0,0,0
0,0,0,0,0,0,0,0,0,0,0.0156652,0.0786835,0.0279259,0.00111068,-0.0322391,7.90219,0.00111068,-0.0322391,0,0,0,0,0,0,0,0,0,0,0,0,0,0,0,0,0,0,0,0,0,0,0,0,0,0,0,0,0,0,0,0,-0.00524154,-0.0259467,-0.00926514,0,0,0,-0.000693798,0,0,0,0,0,0,0,-3.14159,-3.14159,-3.14159,0,0,0,0,0,0,0,0,0,0,0,0,0
0,0,0,0,0,0,0,0,0,0,0.0151499,0.0777417,0.0289681,0.00258544,-0.0625629,6.07526,0.00258544,-0.0625629,0,0,0,0,0,0,0,0,0,0,0,0,0,0,0,0,0,0,0,0,0,0,0,0,0,0,0,0,0,0,0,0,-0.00776445,-0.0389092,-0.0140934,0,0,0,-0.00139847,0,0,0,0,0,0,0,-3.14159,-3.14159,-3.14159,0,0,0,0,0,0,0,0,0,0,0,0,0
0,0,0,0,0,0,0,0,0,0,0.0175041,0.0780885,0.0266185,0.00439832,-0.0893153,4.41195,0.00439832,-0.0893153,0,0,0,0,0,0,0,0,0,0,0,0,0,0,0,0,0,0,0,0,0,0,0,0,0,0,0,0,0,0,0,0,-0.0106788,-0.051937,-0.0185303,0,0,0,-0.00232498,0,0,0,0,0,0,0,-3.14159,-3.14159,-3.14159,0,0,0,0,0,0,0,0,0,0,0,0,0
0,0,0,0,0,0,0,0,0,0,0.0167229,0.0788257,0.0276625,0.00598669,-0.114744,2.8164,0.00598669,-0.114744,0,0,0,0,0,0,0,0,0,0,0,0,0,0,0,0,0,0,0,0,0,0,0,0,0,0,0,0,0,0,0,0,-0.0134627,-0.0650952,-0.0231411,0,0,0,-0.00348204,0,0,0,0,0,0,0,-3.14159,-3.14159,-3.14159,0,0,0,0,0,0,0,0,0,0,0,0,0
0,0,0,0,0,0,0,0,0,0,0.0168562,0.0778593,0.0259647,0.00742936,-0.141166,1.19199,0.00742936,-0.141166,0,0,0,0,0,0,0,0,0,0,0,0,0,0,0,0,0,0,0,0,0,0,0,0,0,0,0,0,0,0,0,0,-0.0162684,-0.0781012,-0.0274692,0,0,0,-0.0048555,0,0,0,0,0,0,0,-3.14159,-3.14159,-3.14159,0,0,0,0,0,0,0,0,0,0,0,0,0
0,0,0,0,0,0,0,0,0,0,0.0159407,0.0787113,0.0266158,0.00896901,-0.159747,0.0324025,0.00896901,-0.159747,0,0,0,0,0,0,0,0,0,0,0,0,0,0,0,0,0,0,0,0,0,0,0,0,0,0,0,0,0,0,0,0,-0.0162901,-0.0784274,-0.0272952,0,0,0,-0.00622026,0,0,0,0,0,0,0,-3.14159,-3.14159,-3.14159,0,0,0,0,0,0,0,0,0,0,0,0,0
0,0,0,0,0,0,0,0,0,0,0.0146315,0.0779873,0.0279207,0.00997831,-0.161907,-0.167831,0.00997831,-0.161907,0,0,0,0,0,0,0,0,0,0,0,0,0,0,0,0,0,0,0,0,0,0,0,0,0,0,0,0,0,0,0,0,-0.0161161,-0.0783622,-0.0272952,0,0,0,-0.00758502,0,0,0,0,0,0,0,-3.14159,-3.14159,-3.14159,0,0,0,0,0,0,0,0,0,0,0,0,0
0,0,0,0,0,0,0,0,0,0,0.0159306,0.0776456,0.028051,0.0100064,-0.157988,0.0308886,0.0100064,-0.157988,0,0,0,0,0,0,0,0,0,0,0,0,0,0,0,0,0,0,0,0,0,0,0,0,0,0,0,0,0,0,0,0,-0.0162466,-0.0784057,-0.0271429,0,0,0,-0.00894216,0,0,0,0,0,0,0,-3.14159,-3.14159,-3.14159,0,0,0,0,0,0,0,0,0,0,0,0,0
0,0,0,0,0,0,0,0,0,0,0.0157929,0.0767738,0.0276586,0.00959944,-0.157881,0.0655647,0.00959944,-0.157881,0,0,0,0,0,0,0,0,0,0,0,0,0,0,0,0,0,0,0,0,0,0,0,0,0,0,0,0,0,0,0,0,-0.0159639,-0.0782534,-0.0273169,0,0,0,-0.010308,0,0,0,0,0,0,0,-3.14159,-3.14159,-3.14159,0,0,0,0,0,0,0,0,0,0,0,0,0
0,0,0,0,0,0,0,0,0,0,0.0147402,0.0781119,0.0266141,0.00936078,-0.158992,0.0310607,0.00936078,-0.158992,0,0,0,0,0,0,0,0,0,0,0,0,0,0,0,0,0,0,0,0,0,0,0,0,0,0,0,0,0,0,0,0,-0.0156376,-0.0782099,-0.0271429,0,0,0,-0.0116652,0,0,0,0,0,0,0,-3.14159,-3.14159,-3.14159,0,0,0,0,0,0,0,0,0,0,0,0,0
0,0,0,0,0,0,0,0,0,0,0.0165566,0.0783965,0.0279177,0.00913833,-0.159244,0.0254327,0.00913833,-0.159244,0,0,0,0,0,0,0,0,0,0,0,0,0,0,0,0,0,0,0,0,0,0,0,0,0,0,0,0,0,0,0,0,-0.0155941,-0.0783839,-0.0274692,0,0,0,-0.0130386,0,0,0,0,0,0,0,-3.14159,-3.14159,-3.14159,0,0,0,0,0,0,0,0,0,0,0,0,0
0,0,0,0,0,0,0,0,0,0,0.0157615,0.0777592,0.0271322,0.00868239,-0.15955,0.0328725,0.00868239,-0.15955,0,0,0,0,0,0,0,0,0,0,0,0,0,0,0,0,0,0,0,0,0,0,0,0,0,0,0,0,0,0,0,0,-0.0155724,-0.0783187,-0.0275562,0,0,0,-0.0144164,0,0,0,0,0,0,0,-3.14159,-3.14159,-3.14159,0,0,0,0,0,0,0,0,0,0,0,0,0
0,0,0,0,0,0,0,0,0,0,0.0167894,0.0794635,0.0269981,0.00813599,-0.159799,0.0346565,0.00813599,-0.159799,0,0,0,0,0,0,0,0,0,0,0,0,0,0,0,0,0,0,0,0,0,0,0,0,0,0,0,0,0,0,0,0,-0.0159421,-0.0786667,-0.0274039,0,0,0,-0.0157866,0,0,0,0,0,0,0,-3.14159,-3.14159,-3.14159,0,0,0,0,0,0,0,0,0,0,0,0,0
0,0,0,0,0,0,0,0,0,0,0.0191229,0.0778941,0.0266053,0.00760041,-0.159454,0.0327078,0.00760041,-0.159454,0,0,0,0,0,0,0,0,0,0,0,0,0,0,0,0,0,0,0,0,0,0,0,0,0,0,0,0,0,0,0,0,-0.0164859,-0.0788189,-0.0271647,0,0,0,-0.0171449,0,0,0,0,0,0,0,-3.14159,-3.14159,-3.14159,0,0,0,0,0,0,0,0,0,0,0,0,0
0,0,0,0,0,0,0,0,0,0,0.0145359,0.0778823,0.0267349,0.00713882,-0.158944,0.0314664,0.00713882,-0.158944,0,0,0,0,0,0,0,0,0,0,0,0,0,0,0,0,0,0,0,0,0,0,0,0,0,0,0,0,0,0,0,0,-0.0162901,-0.0791234,-0.0270124,0,0,0,-0.0184955,0,0,0,0,0,0,0,-3.14159,-3.14159,-3.14159,0,0,0,0,0,0,0,0,0,0,0,0,0
0,0,0,0,0,0,0,0,0,0,0.0160801,0.0766881,0.0273869,0.00725994,-0.158185,0.0316546,0.00725994,-0.158185,0,0,0,0,0,0,0,0,0,0,0,0,0,0,0,0,0,0,0,0,0,0,0,0,0,0,0,0,0,0,0,0,-0.0165294,-0.0790147,-0.0271429,0,0,0,-0.0198526,0,0,0,0,0,0,0,-3.14159,-3.14159,-3.14159,0,0,0,0,0,0,0,0,0,0,0,0,0
0,0,0,0,0,0,0,0,0,0,0.015011,0.0773118,0.0263414,0.00801139,-0.156986,0.0319845,0.00801139,-0.156986,0,0,0,0,0,0,0,0,0,0,0,0,0,0,0,0,0,0,0,0,0,0,0,0,0,0,0,0,0,0,0,0,-0.0162901,-0.0789712,-0.0268819,0,0,0,-0.0211967,0,0,0,0,0,0,0,-3.14159,-3.14159,-3.14159,0,0,0,0,0,0,0,0,0,0,0,0,0
0,0,0,0,0,0,0,0,0,0,0.0151127,0.0771442,0.0275129,0.00839981,-0.156152,0.0304616,0.00839981,-0.156152,0,0,0,0,0,0,0,0,0,0,0,0,0,0,0,0,0,0,0,0,0,0,0,0,0,0,0,0,0,0,0,0,-0.0162031,-0.0790147,-0.0269472,0,0,0,-0.0225441,0,0,0,0,0,0,0,-3.14159,-3.14159,-3.14159,0,0,0,0,0,0,0,0,0,0,0,0,0
0,0,0,0,0,0,0,0,0,0,0.0161283,0.0752727,0.0272495,0.00830011,-0.156358,0.0287682,0.00830011,-0.156358,0,0,0,0,0,0,0,0,0,0,0,0,0,0,0,0,0,0,0,0,0,0,0,0,0,0,0,0,0,0,0,0,-0.0161161,-0.0784709,-0.0269907,0,0,0,-0.0238936,0,0,0,0,0,0,0,-3.14159,-3.14159,-3.14159,0,0,0,0,0,0,0,0,0,0,0,0,0
0,0,0,0,0,0,0,0,0,0,0.0166207,0.078092,0.0271162,0.00817501,-0.157407,0.0292925,0.00817501,-0.157407,0,0,0,0,0,0,0,0,0,0,0,0,0,0,0,0,0,0,0,0,0,0,0,0,0,0,0,0,0,0,0,0,-0.0157246,-0.0786667,-0.0270777,0,0,0,-0.0252475,0,0,0,0,0,0,0,-3.14159,-3.14159,-3.14159,0,0,0,0,0,0,0,0,0,0,0,0,0
0,0,0,0,0,0,0,0,0,0,0.0155449,0.0764673,0.0267215,0.00801675,-0.158775,0.0308107,0.00801675,-0.158775,0,0,0,0,0,0,0,0,0,0,0,0,0,0,0,0,0,0,0,0,0,0,0,0,0,0,0,0,0,0,0,0,-0.0159204,-0.0786014,-0.0270777,0,0,0,-0.0266014,0,0,0,0,0,0,0,-3.14159,-3.14159,-3.14159,0,0,0,0,0,0,0,0,0,0,0,0,0
0,0,0,0,0,0,0,0,0,0,0.0149897,0.0769228,0.0275023,0.00762901,-0.160114,0.032036,0.00762901,-0.160114,0,0,0,0,0,0,0,0,0,0,0,0,0,0,0,0,0,0,0,0,0,0,0,0,0,0,0,0,0,0,0,0,-0.0157681,-0.0788189,-0.0270994,0,0,0,-0.0279564,0,0,0,0,0,0,0,-3.14159,-3.14159,-3.14159,0,0,0,0,0,0,0,0,0,0,0,0,0
0,0,0,0,0,0,0,0,0,0,0.0139113,0.0758025,0.0268476,0.00680854,-0.160961,0.0324185,0.00680854,-0.160961,0,0,0,0,0,0,0,0,0,0,0,0,0,0,0,0,0,0,0,0,0,0,0,0,0,0,0,0,0,0,0,0,-0.0156159,-0.0787537,-0.0271864,0,0,0,-0.0293157,0,0,0,0,0,0,0,-3.14159,-3.14159,-3.14159,0,0,0,0,0,0,0,0,0,0,0,0,0
0,0,0,0,0,0,0,0,0,0,0.0158296,0.074935,0.0281499,0.0059982,-0.160497,0.0332313,0.0059982,-0.160497,0,0,0,0,0,0,0,0,0,0,0,0,0,0,0,0,0,0,0,0,0,0,0,0,0,0,0,0,0,0,0,0,-0.0157681,-0.0785797,-0.0272952,0,0,0,-0.0306804,0,0,0,0,0,0,0,-3.14159,-3.14159,-3.14159,0,0,0,0,0,0,0,0,0,0,0,0,0
0,0,0,0,0,0,0,0,0,0,0.0159216,0.0744493,0.0272346,0.00564209,-0.159534,0.0348902,0.00564209,-0.159534,0,0,0,0,0,0,0,0,0,0,0,0,0,0,0,0,0,0,0,0,0,0,0,0,0,0,0,0,0,0,0,0,-0.0157681,-0.0786449,-0.0272952,0,0,0,-0.0320452,0,0,0,0,0,0,0,-3.14159,-3.14159,-3.14159,0,0,0,0,0,0,0,0,0,0,0,0,0
0,0,0,0,0,0,0,0,0,0,0.0139239,0.0740874,0.0261876,0.00575189,-0.158912,0.0355691,0.00575189,-0.158912,0,0,0,0,0,0,0,0,0,0,0,0,0,0,0,0,0,0,0,0,0,0,0,0,0,0,0,0,0,0,0,0,-0.0153549,-0.0781882,-0.0271429,0,0,0,-0.0334023,0,0,0,0,0,0,0,-3.14159,-3.14159,-3.14159,0,0,0,0,0,0,0,0,0,0,0,0,0
0,0,0,0,0,0,0,0,0,0,0.015188,0.0756766,0.0269683,0.00595913,-0.158171,0.0344953,0.00595913,-0.158171,0,0,0,0,0,0,0,0,0,0,0,0,0,0,0,0,0,0,0,0,0,0,0,0,0,0,0,0,0,0,0,0,-0.0153331,-0.0782752,-0.0271864,0,0,0,-0.0347617,0,0,0,0,0,0,0,-3.14159,-3.14159,-3.14159,0,0,0,0,0,0,0,0,0,0,0,0,0
0,0,0,0,0,0,0,0,0,0,0.0147502,0.075172,0.0259213,0.00591107,-0.157722,0.0325667,0.00591107,-0.157722,0,0,0,0,0,0,0,0,0,0,0,0,0,0,0,0,0,0,0,0,0,0,0,0,0,0,0,0,0,0,0,0,-0.0153331,-0.0782099,-0.0269254,0,0,0,-0.0361079,0,0,0,0,0,0,0,-3.14159,-3.14159,-3.14159,0,0,0,0,0,0,0,0,0,0,0,0,0
0,0,0,0,0,0,0,0,0,0,0.0153541,0.0758339,0.0282666,0.00561245,-0.157703,0.0314941,0.00561245,-0.157703,0,0,0,0,0,0,0,0,0,0,0,0,0,0,0,0,0,0,0,0,0,0,0,0,0,0,0,0,0,0,0,0,-0.0156159,-0.0784492,-0.0271647,0,0,0,-0.0374662,0,0,0,0,0,0,0,-3.14159,-3.14159,-3.14159,0,0,0,0,0,0,0,0,0,0,0,0,0
0,0,0,0,0,0,0,0,0,0,0.016217,0.0753135,0.0272189,0.00553301,-0.158365,0.0313281,0.00553301,-0.158365,0,0,0,0,0,0,0,0,0,0,0,0,0,0,0,0,0,0,0,0,0,0,0,0,0,0,0,0,0,0,0,0,-0.0157246,-0.0787537,-0.0270124,0,0,0,-0.0388168,0,0,0,0,0,0,0,-3.14159,-3.14159,-3.14159,0,0,0,0,0,0,0,0,0,0,0,0,0
0,0,0,0,0,0,0,0,0,0,0.0136859,0.0756995,0.0274764,0.00616882,-0.15945,0.0312198,0.00616882,-0.15945,0,0,0,0,0,0,0,0,0,0,0,0,0,0,0,0,0,0,0,0,0,0,0,0,0,0,0,0,0,0,0,0,-0.0153984,-0.0792104,-0.0270559,0,0,0,-0.0401696,0,0,0,0,0,0,0,-3.14159,-3.14159,-3.14159,0,0,0,0,0,0,0,0,0,0,0,0,0
0,0,0,0,0,0,0,0,0,0,0.0146757,0.0752961,0.0274733,0.00714699,-0.16033,0.0310729,0.00714699,-0.16033,0,0,0,0,0,0,0,0,0,0,0,0,0,0,0,0,0,0,0,0,0,0,0,0,0,0,0,0,0,0,0,0,-0.0155724,-0.0796671,-0.0272734,0,0,0,-0.0415333,0,0,0,0,0,0,0,-3.14159,-3.14159,-3.14159,0,0,0,0,0,0,0,0,0,0,0,0,0
0,0,0,0,0,0,0,0,0,0,0.0163156,0.0730595,0.0275992,0.00773939,-0.16067,0.03115,0.00773939,-0.16067,0,0,0,0,0,0,0,0,0,0,0,0,0,0,0,0,0,0,0,0,0,0,0,0,0,0,0,0,0,0,0,0,-0.0158116,-0.0794931,-0.0273822,0,0,0,-0.0429024,0,0,0,0,0,0,0,-3.14159,-3.14159,-3.14159,0,0,0,0,0,0,0,0,0,0,0,0,0
0,0,0,0,0,0,0,0,0,0,0.0145605,0.0738171,0.0277244,0.00809767,-0.159759,0.0320813,0.00809767,-0.159759,0,0,0,0,0,0,0,0,0,0,0,0,0,0,0,0,0,0,0,0,0,0,0,0,0,0,0,0,0,0,0,0,-0.0158334,-0.0795366,-0.0276867,0,0,0,-0.0442867,0,0,0,0,0,0,0,-3.14159,-3.14159,-3.14159,0,0,0,0,0,0,0,0,0,0,0,0,0
0,0,0,0,0,0,0,0,0,0,0.0163265,0.0736519,0.0279811,0.00878521,-0.158532,0.033851,0.00878521,-0.158532,0,0,0,0,0,0,0,0,0,0,0,0,0,0,0,0,0,0,0,0,0,0,0,0,0,0,0,0,0,0,0,0,-0.0160509,-0.0794496,-0.0276432,0,0,0,-0.0456689,0,0,0,0,0,0,0,-3.14159,-3.14159,-3.14159,0,0,0,0,0,0,0,0,0,0,0,0,0
0,0,0,0,0,0,0,0,0,0,0.013914,0.0726969,0.0278467,0.00913293,-0.157577,0.0356787,0.00913293,-0.157577,0,0,0,0,0,0,0,0,0,0,0,0,0,0,0,0,0,0,0,0,0,0,0,0,0,0,0,0,0,0,0,0,-0.0157246,-0.0792974,-0.0277519,0,0,0,-0.0470565,0,0,0,0,0,0,0,-3.14159,-3.14159,-3.14159,0,0,0,0,0,0,0,0,0,0,0,0,0
0,0,0,0,0,0,0,0,0,0,0.0168522,0.0733021,0.0271893,0.00869346,-0.156385,0.0366612,0.00869346,-0.156385,0,0,0,0,0,0,0,0,0,0,0,0,0,0,0,0,0,0,0,0,0,0,0,0,0,0,0,0,0,0,0,0,-0.0163119,-0.0791887,-0.0277084,0,0,0,-0.0484419,0,0,0,0,0,0,0,-3.14159,-3.14159,-3.14159,0,0,0,0,0,0,0,0,0,0,0,0,0
0,0,0,0,0,0,0,0,0,0,0.0161343,0.0710305,0.027446,0.00816614,-0.155146,0.0360845,0.00816614,-0.155146,0,0,0,0,0,0,0,0,0,0,0,0,0,0,0,0,0,0,0,0,0,0,0,0,0,0,0,0,0,0,0,0,-0.0166163,-0.0787754,-0.0277084,0,0,0,-0.0498273,0,0,0,0,0,0,0,-3.14159,-3.14159,-3.14159,0,0,0,0,0,0,0,0,0,0,0,0,0
0,0,0,0,0,0,0,0,0,0,0.0135865,0.0707106,0.0270486,0.0076862,-0.154649,0.0359452,0.0076862,-0.154649,0,0,0,0,0,0,0,0,0,0,0,0,0,0,0,0,0,0,0,0,0,0,0,0,0,0,0,0,0,0,0,0,-0.0162249,-0.0786884,-0.0276214,0,0,0,-0.0512084,0,0,0,0,0,0,0,-3.14159,-3.14159,-3.14159,0,0,0,0,0,0,0,0,0,0,0,0,0
0,0,0,0,0,0,0,0,0,0,0.0128636,0.0716912,0.0282183,0.00701673,-0.155738,0.0376809,0.00701673,-0.155738,0,0,0,0,0,0,0,0,0,0,0,0,0,0,0,0,0,0,0,0,0,0,0,0,0,0,0,0,0,0,0,0,-0.0160074,-0.0786449,-0.0277084,0,0,0,-0.0525938,0,0,0,0,0,0,0,-3.14159,-3.14159,-3.14159,0,0,0,0,0,0,0,0,0,0,0,0,0
0,0,0,0,0,0,0,0,0,0,0.0140978,0.0696649,0.0278213,0.00642682,-0.157314,0.0383186,0.00642682,-0.157314,0,0,0,0,0,0,0,0,0,0,0,0,0,0,0,0,0,0,0,0,0,0,0,0,0,0,0,0,0,0,0,0,-0.0157029,-0.0782969,-0.0276867,0,0,0,-0.0539781,0,0,0,0,0,0,0,-3.14159,-3.14159,-3.14159,0,0,0,0,0,0,0,0,0,0,0,0,0
0,0,0,0,0,0,0,0,0,0,0.0145472,0.0703721,0.0276862,0.00639554,-0.15777,0.0369978,0.00639554,-0.15777,0,0,0,0,0,0,0,0,0,0,0,0,0,0,0,0,0,0,0,0,0,0,0,0,0,0,0,0,0,0,0,0,-0.0158769,-0.0782317,-0.0276649,0,0,0,-0.0553614,0,0,0,0,0,0,0,-3.14159,-3.14159,-3.14159,0,0,0,0,0,0,0,0,0,0,0,0,0
0,0,0,0,0,0,0,0,0,0,0.0155147,0.0731601,0.0284644,0.00652598,-0.157967,0.0362161,0.00652598,-0.157967,0,0,0,0,0,0,0,0,0,0,0,0,0,0,0,0,0,0,0,0,0,0,0,0,0,0,0,0,0,0,0,0,-0.0157246,-0.0785362,-0.0278824,0,0,0,-0.0567555,0,0,0,0,0,0,0,-3.14159,-3.14159,-3.14159,0,0,0,0,0,0,0,0,0,0,0,0,0
0,0,0,0,0,0,0,0,0,0,0.0129596,0.0701998,0.0267638,0.00620983,-0.158357,0.0365304,0.00620983,-0.158357,0,0,0,0,0,0,0,0,0,0,0,0,0,0,0,0,0,0,0,0,0,0,0,0,0,0,0,0,0,0,0,0,-0.0152679,-0.0787319,-0.0277737,0,0,0,-0.0581442,0,0,0,0,0,0,0,-3.14159,-3.14159,-3.14159,0,0,0,0,0,0,0,0,0,0,0,0,0
0,0,0,0,0,0,0,0,0,0,0.0139261,0.0704981,0.0280636,0.00624591,-0.158118,0.0357877,0.00624591,-0.158118,0,0,0,0,0,0,0,0,0,0,0,0,0,0,0,0,0,0,0,0,0,0,0,0,0,0,0,0,0,0,0,0,-0.0153984,-0.0790364,-0.0279477,0,0,0,-0.0595416,0,0,0,0,0,0,0,-3.14159,-3.14159,-3.14159,0,0,0,0,0,0,0,0,0,0,0,0,0
0,0,0,0,0,0,0,0,0,0,0.0151501,0.0698772,0.0283198,0.00688472,-0.157116,0.0336878,0.00688472,-0.157116,0,0,0,0,0,0,0,0,0,0,0,0,0,0,0,0,0,0,0,0,0,0,0,0,0,0,0,0,0,0,0,0,-0.0158551,-0.0790799,-0.0279694,0,0,0,-0.06094,0,0,0,0,0,0,0,-3.14159,-3.14159,-3.14159,0,0,0,0,0,0,0,0,0,0,0,0,0
0,0,0,0,0,0,0,0,0,0,0.0127179,0.0684671,0.0277929,0.00752156,-0.156251,0.0334352,0.00752156,-0.156251,0,0,0,0,0,0,0,0,0,0,0,0,0,0,0,0,0,0,0,0,0,0,0,0,0,0,0,0,0,0,0,0,-0.0157029,-0.0792321,-0.0279694,0,0,0,-0.0623385,0,0,0,0,0,0,0,-3.14159,-3.14159,-3.14159,0,0,0,0,0,0,0,0,0,0,0,0,0
0,0,0,0,0,0,0,0,0,0,0.0134177,0.0695312,0.0272645,0.00779193,-0.157037,0.0350524,0.00779193,-0.157037,0,0,0,0,0,0,0,0,0,0,0,0,0,0,0,0,0,0,0,0,0,0,0,0,0,0,0,0,0,0,0,0,-0.0155941,-0.0794496,-0.0279042,0,0,0,-0.0637337,0,0,0,0,0,0,0,-3.14159,-3.14159,-3.14159,0,0,0,0,0,0,0,0,0,0,0,0,0
0,0,0,0,0,0,0,0,0,0,0.0138562,0.0668072,0.0267359,0.00803341,-0.158442,0.036411,0.00803341,-0.158442,0,0,0,0,0,0,0,0,0,0,0,0,0,0,0,0,0,0,0,0,0,0,0,0,0,0,0,0,0,0,0,0,-0.0153984,-0.0787537,-0.0276214,0,0,0,-0.0651148,0,0,0,0,0,0,0,-3.14159,-3.14159,-3.14159,0,0,0,0,0,0,0,0,0,0,0,0,0
0,0,0,0,0,0,0,0,0,0,0.0148137,0.0690387,0.0263375,0.00903925,-0.158483,0.037858,0.00903925,-0.158483,0,0,0,0,0,0,0,0,0,0,0,0,0,0,0,0,0,0,0,0,0,0,0,0,0,0,0,0,0,0,0,0,-0.0157899,-0.0789277,-0.0275562,0,0,0,-0.0664926,0,0,0,0,0,0,0,-3.14159,-3.14159,-3.14159,0,0,0,0,0,0,0,0,0,0,0,0,0
0,0,0,0,0,0,0,0,0,0,0.0142035,0.0682611,0.0260692,0.010167,-0.157862,0.0393202,0.010167,-0.157862,0,0,0,0,0,0,0,0,0,0,0,0,0,0,0,0,0,0,0,0,0,0,0,0,0,0,0,0,0,0,0,0,-0.0159204,-0.0789277,-0.0272299,0,0,0,-0.0678541,0,0,0,0,0,0,0,-3.14159,-3.14159,-3.14159,0,0,0,0,0,0,0,0,0,0,0,0,0
0,0,0,0,0,0,0,0,0,0,0.0130685,0.0649982,0.0267154,0.0107543,-0.158556,0.0403579,0.0107543,-0.158556,0,0,0,0,0,0,0,0,0,0,0,0,0,0,0,0,0,0,0,0,0,0,0,0,0,0,0,0,0,0,0,0,-0.0156594,-0.0784927,-0.0269689,0,0,0,-0.0692025,0,0,0,0,0,0,0,-3.14159,-3.14159,-3.14159,0,0,0,0,0,0,0,0,0,0,0,0,0
0,0,0,0,0,0,0,0,0,0,0.014673,0.0659093,0.0280159,0.0107362,-0.160124,0.0404286,0.0107362,-0.160124,0,0,0,0,0,0,0,0,0,0,0,0,0,0,0,0,0,0,0,0,0,0,0,0,0,0,0,0,0,0,0,0,-0.0160726,-0.0784492,-0.0270124,0,0,0,-0.0705532,0,0,0,0,0,0,0,-3.14159,-3.14159,-3.14159,0,0,0,0,0,0,0,0,0,0,0,0,0
0,0,0,0,0,0,0,0,0,0,0.0143184,0.066035,0.0264435,0.0106354,-0.160326,0.0390814,0.0106354,-0.160326,0,0,0,0,0,0,0,0,0,0,0,0,0,0,0,0,0,0,0,0,0,0,0,0,0,0,0,0,0,0,0,0,-0.0163119,-0.0782534,-0.0268819,0,0,0,-0.0718972,0,0,0,0,0,0,0,-3.14159,-3.14159,-3.14159,0,0,0,0,0,0,0,0,0,0,0,0,0
0,0,0,0,0,0,0,0,0,0,0.015007,0.0649796,0.0281338,0.0107847,-0.159853,0.0376955,0.0107847,-0.159853,0,0,0,0,0,0,0,0,0,0,0,0,0,0,0,0,0,0,0,0,0,0,0,0,0,0,0,0,0,0,0,0,-0.0165946,-0.0783404,-0.0271212,0,0,0,-0.0732533,0,0,0,0,0,0,0,-3.14159,-3.14159,-3.14159,0,0,0,0,0,0,0,0,0,0,0,0,0
0,0,0,0,0,0,0,0,0,0,0.0119093,0.0670517,0.0277364,0.0102174,-0.160607,0.0372252,0.0102174,-0.160607,0,0,0,0,0,0,0,0,0,0,0,0,0,0,0,0,0,0,0,0,0,0,0,0,0,0,0,0,0,0,0,0,-0.0162031,-0.0784057,-0.0273604,0,0,0,-0.0746213,0,0,0,0,0,0,0,-3.14159,-3.14159,-3.14159,0,0,0,0,0,0,0,0,0,0,0,0,0
0,0,0,0,0,0,0,0,0,0,0.0145511,0.0658593,0.0282499,0.00905189,-0.161682,0.0369369,0.00905189,-0.161682,0,0,0,0,0,0,0,0,0,0,0,0,0,0,0,0,0,0,0,0,0,0,0,0,0,0,0,0,0,0,0,0,-0.0163554,-0.0784057,-0.0277302,0,0,0,-0.0760078,0,0,0,0,0,0,0,-3.14159,-3.14159,-3.14159,0,0,0,0,0,0,0,0,0,0,0,0,0
0,0,0,0,0,0,0,0,0,0,0.0114503,0.0637477,0.027067,0.00827236,-0.161261,0.0361699,0.00827236,-0.161261,0,0,0,0,0,0,0,0,0,0,0,0,0,0,0,0,0,0,0,0,0,0,0,0,0,0,0,0,0,0,0,0,-0.0161814,-0.0786014,-0.0277954,0,0,0,-0.0773976,0,0,0,0,0,0,0,-3.14159,-3.14159,-3.14159,0,0,0,0,0,0,0,0,0,0,0,0,0
0,0,0,0,0,0,0,0,0,0,0.0148725,0.0642407,0.0271898,0.00794622,-0.160053,0.0353718,0.00794622,-0.160053,0,0,0,0,0,0,0,0,0,0,0,0,0,0,0,0,0,0,0,0,0,0,0,0,0,0,0,0,0,0,0,0,-0.0163119,-0.0787319,-0.0276649,0,0,0,-0.0787809,0,0,0,0,0,0,0,-3.14159,-3.14159,-3.14159,0,0,0,0,0,0,0,0,0,0,0,0,0
0,0,0,0,0,0,0,0,0,0,0.0152924,0.0631645,0.0274436,0.00746616,-0.159629,0.0347726,0.00746616,-0.159629,0,0,0,0,0,0,0,0,0,0,0,0,0,0,0,0,0,0,0,0,0,0,0,0,0,0,0,0,0,0,0,0,-0.0165729,-0.0786667,-0.0278389,0,0,0,-0.0801728,0,0,0,0,0,0,0,-3.14159,-3.14159,-3.14159,0,0,0,0,0,0,0,0,0,0,0,0,0
0,0,0,0,0,0,0,0,0,0,0.0132304,0.0639129,0.0262615,0.00682064,-0.159602,0.0338281,0.00682064,-0.159602,0,0,0,0,0,0,0,0,0,0,0,0,0,0,0,0,0,0,0,0,0,0,0,0,0,0,0,0,0,0,0,0,-0.0163771,-0.0789059,-0.0275344,0,0,0,-0.0815495,0,0,0,0,0,0,0,-3.14159,-3.14159,-3.14159,0,0,0,0,0,0,0,0,0,0,0,0,0
0,0,0,0,0,0,0,0,0,0,0.0149545,0.0638731,0.0259944,0.00672763,-0.159382,0.0327618,0.00672763,-0.159382,0,0,0,0,0,0,0,0,0,0,0,0,0,0,0,0,0,0,0,0,0,0,0,0,0,0,0,0,0,0,0,0,-0.0169861,-0.0787972,-0.0272517,0,0,0,-0.0829121,0,0,0,0,0,0,0,-3.14159,-3.14159,-3.14159,0,0,0,0,0,0,0,0,0,0,0,0,0
0,0,0,0,0,0,0,0,0,0,0.0111924,0.0613528,0.0271603,0.00713067,-0.159475,0.0321931,0.00713067,-0.159475,0,0,0,0,0,0,0,0,0,0,0,0,0,0,0,0,0,0,0,0,0,0,0,0,0,0,0,0,0,0,0,0,-0.0165294,-0.0784709,-0.0270777,0,0,0,-0.084266,0,0,0,0,0,0,0,-3.14159,-3.14159,-3.14159,0,0,0,0,0,0,0,0,0,0,0,0,0
0,0,0,0,0,0,0,0,0,0,0.0127806,0.0630038,0.02676,0.00726354,-0.159834,0.0323761,0.00726354,-0.159834,0,0,0,0,0,0,0,0,0,0,0,0,0,0,0,0,0,0,0,0,0,0,0,0,0,0,0,0,0,0,0,0,-0.0168556,-0.0787754,-0.0270342,0,0,0,-0.0856177,0,0,0,0,0,0,0,-3.14159,-3.14159,-3.14159,0,0,0,0,0,0,0,0,0,0,0,0,0
0,0,0,0,0,0,0,0,0,0,0.0118897,0.0606046,0.0281868,0.00736976,-0.159643,0.033409,0.00736976,-0.159643,0,0,0,0,0,0,0,0,0,0,0,0,0,0,0,0,0,0,0,0,0,0,0,0,0,0,0,0,0,0,0,0,-0.0164641,-0.0786014,-0.0272082,0,0,0,-0.0869781,0,0,0,0,0,0,0,-3.14159,-3.14159,-3.14159,0,0,0,0,0,0,0,0,0,0,0,0,0
0,0,0,0,0,0,0,0,0,0,0.0103429,0.0617269,0.0268725,0.00810691,-0.158938,0.0348098,0.00810691,-0.158938,0,0,0,0,0,0,0,0,0,0,0,0,0,0,0,0,0,0,0,0,0,0,0,0,0,0,0,0,0,0,0,0,-0.0157464,-0.0787972,-0.0271212,0,0,0,-0.0883342,0,0,0,0,0,0,0,-3.14159,-3.14159,-3.14159,0,0,0,0,0,0,0,0,0,0,0,0,0
0,0,0,0,0,0,0,0,0,0,0.012839,0.0615412,0.0273837,0.00934551,-0.158357,0.0360647,0.00934551,-0.158357,0,0,0,0,0,0,0,0,0,0,0,0,0,0,0,0,0,0,0,0,0,0,0,0,0,0,0,0,0,0,0,0,-0.0157899,-0.0788407,-0.0273169,0,0,0,-0.0897,0,0,0,0,0,0,0,-3.14159,-3.14159,-3.14159,0,0,0,0,0,0,0,0,0,0,0,0,0
0,0,0,0,0,0,0,0,0,0,0.0110262,0.0603094,0.0265894,0.0103589,-0.157776,0.0369351,0.0103589,-0.157776,0,0,0,0,0,0,0,0,0,0,0,0,0,0,0,0,0,0,0,0,0,0,0,0,0,0,0,0,0,0,0,0,-0.0152462,-0.0786884,-0.0274257,0,0,0,-0.0910713,0,0,0,0,0,0,0,-3.14159,-3.14159,-3.14159,0,0,0,0,0,0,0,0,0,0,0,0,0
0,0,0,0,0,0,0,0,0,0,0.012474,0.060642,0.0271027,0.0104095,-0.157204,0.0376843,0.0104095,-0.157204,0,0,0,0,0,0,0,0,0,0,0,0,0,0,0,0,0,0,0,0,0,0,0,0,0,0,0,0,0,0,0,0,-0.0155724,-0.0790147,-0.0274257,0,0,0,-0.0924426,0,0,0,0,0,0,0,-3.14159,-3.14159,-3.14159,0,0,0,0,0,0,0,0,0,0,0,0,0
0,0,0,0,0,0,0,0,0,0,0.00883486,0.0601872,0.026441,0.0101187,-0.157274,0.0378565,0.0101187,-0.157274,0,0,0,0,0,0,0,0,0,0,0,0,0,0,0,0,0,0,0,0,0,0,0,0,0,0,0,0,0,0,0,0,-0.0150287,-0.0789929,-0.0273822,0,0,0,-0.0938117,0,0,0,0,0,0,0,-3.14159,-3.14159,-3.14159,0,0,0,0,0,0,0,0,0,0,0,0,0
0,0,0,0,0,0,0,0,0,0,0.0143299,0.0594693,0.0273459,0.0104023,-0.157489,0.0360327,0.0104023,-0.157489,0,0,0,0,0,0,0,0,0,0,0,0,0,0,0,0,0,0,0,0,0,0,0,0,0,0,0,0,0,0,0,0,-0.0155506,-0.0792539,-0.0272517,0,0,0,-0.0951743,0,0,0,0,0,0,0,-3.14159,-3.14159,-3.14159,0,0,0,0,0,0,0,0,0,0,0,0,0
0,0,0,0,0,0,0,0,0,0,0.0110782,0.0601834,0.0265541,0.0107153,-0.157243,0.0334603,0.0107153,-0.157243,0,0,0,0,0,0,0,0,0,0,0,0,0,0,0,0,0,0,0,0,0,0,0,0,0,0,0,0,0,0,0,0,-0.0157899,-0.0794496,-0.0272082,0,0,0,-0.0965347,0,0,0,0,0,0,0,-3.14159,-3.14159,-3.14159,0,0,0,0,0,0,0,0,0,0,0,0,0
0,0,0,0,0,0,0,0,0,0,0.0114794,0.0588051,0.0285024,0.00999435,-0.15744,0.0317272,0.00999435,-0.15744,0,0,0,0,0,0,0,0,0,0,0,0,0,0,0,0,0,0,0,0,0,0,0,0,0,0,0,0,0,0,0,0,-0.0156811,-0.0794496,-0.0274039,0,0,0,-0.0979049,0,0,0,0,0,0,0,-3.14159,-3.14159,-3.14159,0,0,0,0,0,0,0,0,0,0,0,0,0
0,0,0,0,0,0,0,0,0,0,0.0124025,0.0578186,0.0261442,0.00882997,-0.158389,0.0306487,0.00882997,-0.158389,0,0,0,0,0,0,0,0,0,0,0,0,0,0,0,0,0,0,0,0,0,0,0,0,0,0,0,0,0,0,0,0,-0.0160291,-0.0794931,-0.0273387,0,0,0,-0.0992718,0,0,0,0,0,0,0,-3.14159,-3.14159,-3.14159,0,0,0,0,0,0,0,0,0,0,0,0,0
0,0,0,0,0,0,0,0,0,0,0.0120207,0.059572,0.0275699,0.00886597,-0.158939,0.0300984,0.00886597,-0.158939,0,0,0,0,0,0,0,0,0,0,0,0,0,0,0,0,0,0,0,0,0,0,0,0,0,0,0,0,0,0,0,0,-0.0160726,-0.0797759,-0.0274257,0,0,0,-0.100643,0,0,0,0,0,0,0,-3.14159,-3.14159,-3.14159,0,0,0,0,0,0,0,0,0,0,0,0,0
0,0,0,0,0,0,0,0,0,0,0.0113771,0.0574058,0.0282133,0.00973801,-0.158572,0.0297281,0.00973801,-0.158572,0,0,0,0,0,0,0,0,0,0,0,0,0,0,0,0,0,0,0,0,0,0,0,0,0,0,0,0,0,0,0,0,-0.0166163,-0.0797759,-0.0277302,0,0,0,-0.10203,0,0,0,0,0,0,0,-3.14159,-3.14159,-3.14159,0,0,0,0,0,0,0,0,0,0,0,0,0
