0,0,0,0,0,0,0,0,0,0,0,0,0,0,0,0,0,0,0,0,0,0,0,0,0,0,0,0,0,0,0,0,0,0,0,0,0,0,0,0,0,0,0,0,0,0,0,0,0,0,0,0,0,0,0,0,0,0,0,0,0,0,0,0,0,0,0,0,0,0,0,0,0,0,0,0,0,0,0,0
0,0,0,0,0,0,0,0,0,0,0.0159204,0.0797324,0.0272734,0.000496885,-0.00797939,9.33287,0.000496885,-0.00797939,0,0,0,0,0,0,0,0,0,0,0,0,0,0,0,0,0,0,0,0,0,0,0,0,0,0,0,0,0,0,0,0,-0.0026534,-0.0132887,-0.00454557,0,0,0,-0.000227279,0,0,0,0,0,0,0,0,0,0,0,0,0,0,0,0,0,0,0,0,0,0,0
0,0,0,0,0,0,0,0,0,0,0.0156647,0.0780312,0.0283174,0.00201677,-0.0316545,7.90065,0.00201677,-0.0316545,0,0,0,0,0,0,0,0,0,0,0,0,0,0,0,0,0,0,0,0,0,0,0,0,0,0,0,0,0,0,0,0,-0.00526329,-0.0262947,-0.00926514,0,0,0,-0.000690535,0,0,0,0,0,0,0,-3.14159,-3.14159,-3.14159,0,0,0,0,0,0,0,0,0,0,0,0,0
0,0,0,0,0,0,0,0,0,0,0.0163262,0.0798283,0.028187,0.00397752,-0.0617646,6.07172,0.00397752,-0.0617646,0,0,0,0,0,0,0,0,0,0,0,0,0,0,0,0,0,0,0,0,0,0,0,0,0,0,0,0,0,0,0,0,-0.00798194,-0.0396052,-0.013963,0,0,0,-0.00138868,0,0,0,0,0,0,0,-3.14159,-3.14159,-3.14159,0,0,0,0,0,0,0,0,0,0,0,0,0
0,0,0,0,0,0,0,0,0,0,0.015286,0.0791321,0.0277971,0.00590888,-0.0889771,4.40661,0.00590888,-0.0889771,0,0,0,0,0,0,0,0,0,0,0,0,0,0,0,0,0,0,0,0,0,0,0,0,0,0,0,0,0,0,0,0,-0.0105266,-0.0528069,-0.0185955,0,0,0,-0.00231846,0,0,0,0,0,0,0,-3.14159,-3.14159,-3.14159,0,0,0,0,0,0,0,0,0,0,0,0,0
0,0,0,0,0,0,0,0,0,0,0.0158125,0.0820885,0.027277,0.00773539,-0.11453,2.81017,0.00773539,-0.11453,0,0,0,0,0,0,0,0,0,0,0,0,0,0,0,0,0,0,0,0,0,0,0,0,0,0,0,0,0,0,0,0,-0.0131582,-0.0665089,-0.0231411,0,0,0,-0.00347551,0,0,0,0,0,0,0,-3.14159,-3.14159,-3.14159,0,0,0,0,0,0,0,0,0,0,0,0,0
0,0,0,0,0,0,0,0,0,0,0.0154237,0.0785124,0.0283221,0.00921618,-0.147858,1.18528,0.00921618,-0.147858,0,0,0,0,0,0,0,0,0,0,0,0,0,0,0,0,0,0,0,0,0,0,0,0,0,0,0,0,0,0,0,0,-0.0157246,-0.0796236,-0.0278607,0,0,0,-0.00486855,0,0,0,0,0,0,0,-3.14159,-3.14159,-3.14159,0,0,0,0,0,0,0,0,0,0,0,0,0
0,0,0,0,0,0,0,0,0,0,0.0142512,0.0779426,0.0278003,0.0106565,-0.180624,0.0254924,0.0106565,-0.180624,0,0,0,0,0,0,0,0,0,0,0,0,0,0,0,0,0,0,0,0,0,0,0,0,0,0,0,0,0,0,0,0,-0.0154419,-0.0793626,-0.0279477,0,0,0,-0.00626593,0,0,0,0,0,0,0,-3.14159,-3.14159,-3.14159,0,0,0,0,0,0,0,0,0,0,0,0,0
0,0,0,0,0,0,0,0,0,0,0.0164682,0.0777666,0.0288427,0.0114547,-0.188994,-0.17387,0.0114547,-0.188994,0,0,0,0,0,0,0,0,0,0,0,0,0,0,0,0,0,0,0,0,0,0,0,0,0,0,0,0,0,0,0,0,-0.0155724,-0.0793626,-0.0280347,0,0,0,-0.00766766,0,0,0,0,0,0,0,-3.14159,-3.14159,-3.14159,0,0,0,0,0,0,0,0,0,0,0,0,0
0,0,0,0,0,0,0,0,0,0,0.0159418,0.0774277,0.0267558,0.0109445,-0.182787,0.0261993,0.0109445,-0.182787,0,0,0,0,0,0,0,0,0,0,0,0,0,0,0,0,0,0,0,0,0,0,0,0,0,0,0,0,0,0,0,0,-0.0155071,-0.0790147,-0.0277954,0,0,0,-0.00905743,0,0,0,0,0,0,0,-3.14159,-3.14159,-3.14159,0,0,0,0,0,0,0,0,0,0,0,0,0
0,0,0,0,0,0,0,0,0,0,0.0165886,0.0760228,0.0280606,0.0101938,-0.181088,0.0627134,0.0101938,-0.181088,0,0,0,0,0,0,0,0,0,0,0,0,0,0,0,0,0,0,0,0,0,0,0,0,0,0,0,0,0,0,0,0,-0.0157246,-0.0785579,-0.0278389,0,0,0,-0.0104494,0,0,0,0,0,0,0,-3.14159,-3.14159,-3.14159,0,0,0,0,0,0,0,0,0,0,0,0,0
0,0,0,0,0,0,0,0,0,0,0.0150149,0.0789247,0.0287131,0.0101059,-0.182592,0.0301407,0.0101059,-0.182592,0,0,0,0,0,0,0,0,0,0,0,0,0,0,0,0,0,0,0,0,0,0,0,0,0,0,0,0,0,0,0,0,-0.0155941,-0.0781012,-0.0280782,0,0,0,-0.0118533,0,0,0,0,0,0,0,-3.14159,-3.14159,-3.14159,0,0,0,0,0,0,0,0,0,0,0,0,0
0,0,0,0,0,0,0,0,0,0,0.0170934,0.0777753,0.0274085,0.0104978,-0.175927,0.0244897,0.0104978,-0.175927,0,0,0,0,0,0,0,0,0,0,0,0,0,0,0,0,0,0,0,0,0,0,0,0,0,0,0,0,0,0,0,0,-0.0158769,-0.0780577,-0.0279259,0,0,0,-0.0132496,0,0,0,0,0,0,0,-3.14159,-3.14159,-3.14159,0,0,0,0,0,0,0,0,0,0,0,0,0
0,0,0,0,0,0,0,0,0,0,0.0170803,0.0785733,0.0275393,0.0101913,-0.161025,0.0309259,0.0101913,-0.161025,0,0,0,0,0,0,0,0,0,0,0,0,0,0,0,0,0,0,0,0,0,0,0,0,0,0,0,0,0,0,0,0,-0.0163554,-0.0782534,-0.0278824,0,0,0,-0.0146437,0,0,0,0,0,0,0,-3.14159,-3.14159,-3.14159,0,0,0,0,0,0,0,0,0,0,0,0,0
0,0,0,0,0,0,0,0,0,0,0.0156304,0.0779253,0.0275395,0.00924725,-0.154482,0.03362,0.00924725,-0.154482,0,0,0,0,0,0,0,0,0,0,0,0,0,0,0,0,0,0,0,0,0,0,0,0,0,0,0,0,0,0,0,0,-0.0162249,-0.0783839,-0.0276649,0,0,0,-0.0160269,0,0,0,0,0,0,0,-3.14159,-3.14159,-3.14159,0,0,0,0,0,0,0,0,0,0,0,0,0
0,0,0,0,0,0,0,0,0,0,0.0163973,0.0779212,0.0284536,0.00915369,-0.156366,0.0333049,0.00915369,-0.156366,0,0,0,0,0,0,0,0,0,0,0,0,0,0,0,0,0,0,0,0,0,0,0,0,0,0,0,0,0,0,0,0,-0.0163119,-0.0785797,-0.0279477,0,0,0,-0.0174243,0,0,0,0,0,0,0,-3.14159,-3.14159,-3.14159,0,0,0,0,0,0,0,0,0,0,0,0,0
0,0,0,0,0,0,0,0,0,0,0.0145509,0.0785623,0.0278005,0.00952027,-0.156729,0.0320827,0.00952027,-0.156729,0,0,0,0,0,0,0,0,0,0,0,0,0,0,0,0,0,0,0,0,0,0,0,0,0,0,0,0,0,0,0,0,-0.0159856,-0.0791234,-0.0279042,0,0,0,-0.0188195,0,0,0,0,0,0,0,-3.14159,-3.14159,-3.14159,0,0,0,0,0,0,0,0,0,0,0,0,0
0,0,0,0,0,0,0,0,0,0,0.0155745,0.0782806,0.0280614,0.00939018,-0.155616,0.0322244,0.00939018,-0.155616,0,0,0,0,0,0,0,0,0,0,0,0,0,0,0,0,0,0,0,0,0,0,0,0,0,0,0,0,0,0,0,0,-0.0160944,-0.0791452,-0.0277954,0,0,0,-0.0202093,0,0,0,0,0,0,0,-3.14159,-3.14159,-3.14159,0,0,0,0,0,0,0,0,0,0,0,0,0
0,0,0,0,0,0,0,0,0,0,0.015811,0.0776002,0.0276688,0.00912268,-0.15535,0.0338371,0.00912268,-0.15535,0,0,0,0,0,0,0,0,0,0,0,0,0,0,0,0,0,0,0,0,0,0,0,0,0,0,0,0,0,0,0,0,-0.0158986,-0.0792539,-0.0278389,0,0,0,-0.0216013,0,0,0,0,0,0,0,-3.14159,-3.14159,-3.14159,0,0,0,0,0,0,0,0,0,0,0,0,0
0,0,0,0,0,0,0,0,0,0,0.014742,0.0763896,0.0276675,0.00940806,-0.155628,0.0341927,0.00940806,-0.155628,0,0,0,0,0,0,0,0,0,0,0,0,0,0,0,0,0,0,0,0,0,0,0,0,0,0,0,0,0,0,0,0,-0.0155289,-0.0790364,-0.0278607,0,0,0,-0.0229943,0,0,0,0,0,0,0,-3.14159,-3.14159,-3.14159,0,0,0,0,0,0,0,0,0,0,0,0,0
0,0,0,0,0,0,0,0,0,0,0.0144541,0.0775184,0.026623,0.00995084,-0.15582,0.0331853,0.00995084,-0.15582,0,0,0,0,0,0,0,0,0,0,0,0,0,0,0,0,0,0,0,0,0,0,0,0,0,0,0,0,0,0,0,0,-0.0153549,-0.0791234,-0.0277084,0,0,0,-0.0243797,0,0,0,0,0,0,0,-3.14159,-3.14159,-3.14159,0,0,0,0,0,0,0,0,0,0,0,0,0
0,0,0,0,0,0,0,0,0,0,0.0148168,0.0756368,0.0277961,0.00981419,-0.156766,0.0331828,0.00981419,-0.156766,0,0,0,0,0,0,0,0,0,0,0,0,0,0,0,0,0,0,0,0,0,0,0,0,0,0,0,0,0,0,0,0,-0.0151157,-0.0789059,-0.0275997,0,0,0,-0.0257597,0,0,0,0,0,0,0,-3.14159,-3.14159,-3.14159,0,0,0,0,0,0,0,0,0,0,0,0,0
0,0,0,0,0,0,0,0,0,0,0.0154409,0.0772729,0.0260977,0.00913649,-0.158574,0.0334141,0.00913649,-0.158574,0,0,0,0,0,0,0,0,0,0,0,0,0,0,0,0,0,0,0,0,0,0,0,0,0,0,0,0,0,0,0,0,-0.0152897,-0.0788624,-0.0273169,0,0,0,-0.0271255,0,0,0,0,0,0,0,-3.14159,-3.14159,-3.14159,0,0,0,0,0,0,0,0,0,0,0,0,0
0,0,0,0,0,0,0,0,0,0,0.0173675,0.0764233,0.0271394,0.00854614,-0.159727,0.0326254,0.00854614,-0.159727,0,0,0,0,0,0,0,0,0,0,0,0,0,0,0,0,0,0,0,0,0,0,0,0,0,0,0,0,0,0,0,0,-0.0156159,-0.0787319,-0.0271647,0,0,0,-0.0284838,0,0,0,0,0,0,0,-3.14159,-3.14159,-3.14159,0,0,0,0,0,0,0,0,0,0,0,0,0
0,0,0,0,0,0,0,0,0,0,0.0153738,0.0766091,0.0280521,0.00819476,-0.160089,0.0329364,0.00819476,-0.160089,0,0,0,0,0,0,0,0,0,0,0,0,0,0,0,0,0,0,0,0,0,0,0,0,0,0,0,0,0,0,0,0,-0.0155724,-0.0787537,-0.0272299,0,0,0,-0.0298453,0,0,0,0,0,0,0,-3.14159,-3.14159,-3.14159,0,0,0,0,0,0,0,0,0,0,0,0,0
0,0,0,0,0,0,0,0,0,0,0.0163808,0.0753503,0.0284414,0.0079453,-0.160739,0.0343286,0.0079453,-0.160739,0,0,0,0,0,0,0,0,0,0,0,0,0,0,0,0,0,0,0,0,0,0,0,0,0,0,0,0,0,0,0,0,-0.0158769,-0.0787754,-0.0273604,0,0,0,-0.0312133,0,0,0,0,0,0,0,-3.14159,-3.14159,-3.14159,0,0,0,0,0,0,0,0,0,0,0,0,0
0,0,0,0,0,0,0,0,0,0,0.01621,0.0738233,0.0271343,0.00812251,-0.161554,0.034129,0.00812251,-0.161554,0,0,0,0,0,0,0,0,0,0,0,0,0,0,0,0,0,0,0,0,0,0,0,0,0,0,0,0,0,0,0,0,-0.0162031,-0.0783622,-0.0274474,0,0,0,-0.0325857,0,0,0,0,0,0,0,-3.14159,-3.14159,-3.14159,0,0,0,0,0,0,0,0,0,0,0,0,0
0,0,0,0,0,0,0,0,0,0,0.0157753,0.076464,0.0268705,0.0089837,-0.161618,0.0330426,0.0089837,-0.161618,0,0,0,0,0,0,0,0,0,0,0,0,0,0,0,0,0,0,0,0,0,0,0,0,0,0,0,0,0,0,0,0,-0.0163989,-0.0787102,-0.0272952,0,0,0,-0.0339504,0,0,0,0,0,0,0,-3.14159,-3.14159,-3.14159,0,0,0,0,0,0,0,0,0,0,0,0,0
0,0,0,0,0,0,0,0,0,0,0.0141652,0.0751825,0.0264775,0.00974247,-0.160718,0.0333983,0.00974247,-0.160718,0,0,0,0,0,0,0,0,0,0,0,0,0,0,0,0,0,0,0,0,0,0,0,0,0,0,0,0,0,0,0,0,-0.0162249,-0.0785797,-0.0273604,0,0,0,-0.0353184,0,0,0,0,0,0,0,-3.14159,-3.14159,-3.14159,0,0,0,0,0,0,0,0,0,0,0,0,0
0,0,0,0,0,0,0,0,0,0,0.015817,0.0748072,0.0249089,0.0104716,-0.159567,0.0341985,0.0104716,-0.159567,0,0,0,0,0,0,0,0,0,0,0,0,0,0,0,0,0,0,0,0,0,0,0,0,0,0,0,0,0,0,0,0,-0.0160074,-0.0785362,-0.0269907,0,0,0,-0.036668,0,0,0,0,0,0,0,-3.14159,-3.14159,-3.14159,0,0,0,0,0,0,0,0,0,0,0,0,0
0,0,0,0,0,0,0,0,0,0,0.0149858,0.0757282,0.0258199,0.011569,-0.15902,0.0338744,0.011569,-0.15902,0,0,0,0,0,0,0,0,0,0,0,0,0,0,0,0,0,0,0,0,0,0,0,0,0,0,0,0,0,0,0,0,-0.0159856,-0.0786232,-0.026621,0,0,0,-0.037999,0,0,0,0,0,0,0,-3.14159,-3.14159,-3.14159,0,0,0,0,0,0,0,0,0,0,0,0,0
0,0,0,0,0,0,0,0,0,0,0.0161089,0.0742939,0.02634,0.0118823,-0.159101,0.0337956,0.0118823,-0.159101,0,0,0,0,0,0,0,0,0,0,0,0,0,0,0,0,0,0,0,0,0,0,0,0,0,0,0,0,0,0,0,0,-0.0159856,-0.0786884,-0.026273,0,0,0,-0.0393127,0,0,0,0,0,0,0,-3.14159,-3.14159,-3.14159,0,0,0,0,0,0,0,0,0,0,0,0,0
0,0,0,0,0,0,0,0,0,0,0.0137068,0.0763778,0.0259467,0.0107879,-0.159048,0.0352249,0.0107879,-0.159048,0,0,0,0,0,0,0,0,0,0,0,0,0,0,0,0,0,0,0,0,0,0,0,0,0,0,0,0,0,0,0,0,-0.0156159,-0.0793626,-0.0260772,0,0,0,-0.0406165,0,0,0,0,0,0,0,-3.14159,-3.14159,-3.14159,0,0,0,0,0,0,0,0,0,0,0,0,0
0,0,0,0,0,0,0,0,0,0,0.0161333,0.0732333,0.0263359,0.00979888,-0.158567,0.0366122,0.00979888,-0.158567,0,0,0,0,0,0,0,0,0,0,0,0,0,0,0,0,0,0,0,0,0,0,0,0,0,0,0,0,0,0,0,0,-0.0157246,-0.0790799,-0.0259902,0,0,0,-0.041916,0,0,0,0,0,0,0,-3.14159,-3.14159,-3.14159,0,0,0,0,0,0,0,0,0,0,0,0,0
0,0,0,0,0,0,0,0,0,0,0.0129472,0.0734739,0.0271162,0.010162,-0.158401,0.0372146,0.010162,-0.158401,0,0,0,0,0,0,0,0,0,0,0,0,0,0,0,0,0,0,0,0,0,0,0,0,0,0,0,0,0,0,0,0,-0.0155724,-0.0790582,-0.026099,0,0,0,-0.043221,0,0,0,0,0,0,0,-3.14159,-3.14159,-3.14159,0,0,0,0,0,0,0,0,0,0,0,0,0
0,0,0,0,0,0,0,0,0,0,0.015631,0.0748825,0.0271125,0.010244,-0.159038,0.0379703,0.010244,-0.159038,0,0,0,0,0,0,0,0,0,0,0,0,0,0,0,0,0,0,0,0,0,0,0,0,0,0,0,0,0,0,0,0,-0.0155941,-0.0793409,-0.0264687,0,0,0,-0.0445444,0,0,0,0,0,0,0,-3.14159,-3.14159,-3.14159,0,0,0,0,0,0,0,0,0,0,0,0,0
0,0,0,0,0,0,0,0,0,0,0.0147878,0.0740669,0.02698,0.00895412,-0.159125,0.03851,0.00895412,-0.159125,0,0,0,0,0,0,0,0,0,0,0,0,0,0,0,0,0,0,0,0,0,0,0,0,0,0,0,0,0,0,0,0,-0.0156159,-0.0793409,-0.0266645,0,0,0,-0.0458777,0,0,0,0,0,0,0,-3.14159,-3.14159,-3.14159,0,0,0,0,0,0,0,0,0,0,0,0,0
0,0,0,0,0,0,0,0,0,0,0.0138166,0.072068,0.026585,0.00818011,-0.158402,0.0386726,0.00818011,-0.158402,0,0,0,0,0,0,0,0,0,0,0,0,0,0,0,0,0,0,0,0,0,0,0,0,0,0,0,0,0,0,0,0,-0.0152897,-0.0792539,-0.026708,0,0,0,-0.0472131,0,0,0,0,0,0,0,-3.14159,-3.14159,-3.14159,0,0,0,0,0,0,0,0,0,0,0,0,0
0,0,0,0,0,0,0,0,0,0,0.0132324,0.0720209,0.0277567,0.00866448,-0.158066,0.0388723,0.00866448,-0.158066,0,0,0,0,0,0,0,0,0,0,0,0,0,0,0,0,0,0,0,0,0,0,0,0,0,0,0,0,0,0,0,0,-0.0152679,-0.0788189,-0.0270124,0,0,0,-0.0485637,0,0,0,0,0,0,0,-3.14159,-3.14159,-3.14159,0,0,0,0,0,0,0,0,0,0,0,0,0
0,0,0,0,0,0,0,0,0,0,0.0155162,0.07249,0.0276221,0.00906033,-0.158336,0.0393121,0.00906033,-0.158336,0,0,0,0,0,0,0,0,0,0,0,0,0,0,0,0,0,0,0,0,0,0,0,0,0,0,0,0,0,0,0,0,-0.0152244,-0.0789929,-0.0272299,0,0,0,-0.0499252,0,0,0,0,0,0,0,-3.14159,-3.14159,-3.14159,0,0,0,0,0,0,0,0,0,0,0,0,0
0,0,0,0,0,0,0,0,0,0,0.0146653,0.0728239,0.0267056,0.0087434,-0.159008,0.0392194,0.0087434,-0.159008,0,0,0,0,0,0,0,0,0,0,0,0,0,0,0,0,0,0,0,0,0,0,0,0,0,0,0,0,0,0,0,0,-0.0155724,-0.0791887,-0.0271647,0,0,0,-0.0512834,0,0,0,0,0,0,0,-3.14159,-3.14159,-3.14159,0,0,0,0,0,0,0,0,0,0,0,0,0
0,0,0,0,0,0,0,0,0,0,0.0139466,0.0724983,0.0285282,0.0085878,-0.159633,0.0388516,0.0085878,-0.159633,0,0,0,0,0,0,0,0,0,0,0,0,0,0,0,0,0,0,0,0,0,0,0,0,0,0,0,0,0,0,0,0,-0.0153549,-0.0791017,-0.0274039,0,0,0,-0.0526536,0,0,0,0,0,0,0,-3.14159,-3.14159,-3.14159,0,0,0,0,0,0,0,0,0,0,0,0,0
0,0,0,0,0,0,0,0,0,0,0.0138776,0.0699482,0.0270902,0.00905137,-0.159986,0.0391306,0.00905137,-0.159986,0,0,0,0,0,0,0,0,0,0,0,0,0,0,0,0,0,0,0,0,0,0,0,0,0,0,0,0,0,0,0,0,-0.0152679,-0.0787319,-0.0274257,0,0,0,-0.0540249,0,0,0,0,0,0,0,-3.14159,-3.14159,-3.14159,0,0,0,0,0,0,0,0,0,0,0,0,0
0,0,0,0,0,0,0,0,0,0,0.0148513,0.0702621,0.0278694,0.00899038,-0.160931,0.0392522,0.00899038,-0.160931,0,0,0,0,0,0,0,0,0,0,0,0,0,0,0,0,0,0,0,0,0,0,0,0,0,0,0,0,0,0,0,0,-0.0155071,-0.0787537,-0.0276432,0,0,0,-0.055407,0,0,0,0,0,0,0,-3.14159,-3.14159,-3.14159,0,0,0,0,0,0,0,0,0,0,0,0,0
0,0,0,0,0,0,0,0,0,0,0.014912,0.0691351,0.0281272,0.00812168,-0.162419,0.0387366,0.00812168,-0.162419,0,0,0,0,0,0,0,0,0,0,0,0,0,0,0,0,0,0,0,0,0,0,0,0,0,0,0,0,0,0,0,0,-0.0158551,-0.0786014,-0.0277084,0,0,0,-0.0567925,0,0,0,0,0,0,0,-3.14159,-3.14159,-3.14159,0,0,0,0,0,0,0,0,0,0,0,0,0
0,0,0,0,0,0,0,0,0,0,0.0154918,0.0704837,0.0283846,0.00754757,-0.162725,0.0376928,0.00754757,-0.162725,0,0,0,0,0,0,0,0,0,0,0,0,0,0,0,0,0,0,0,0,0,0,0,0,0,0,0,0,0,0,0,0,-0.0159204,-0.0786014,-0.0278389,0,0,0,-0.0581844,0,0,0,0,0,0,0,-3.14159,-3.14159,-3.14159,0,0,0,0,0,0,0,0,0,0,0,0,0
0,0,0,0,0,0,0,0,0,0,0.0133277,0.0710422,0.0262927,0.00749202,-0.162206,0.0373428,0.00749202,-0.162206,0,0,0,0,0,0,0,0,0,0,0,0,0,0,0,0,0,0,0,0,0,0,0,0,0,0,0,0,0,0,0,0,-0.0157681,-0.0786449,-0.0277737,0,0,0,-0.0595731,0,0,0,0,0,0,0,-3.14159,-3.14159,-3.14159,0,0,0,0,0,0,0,0,0,0,0,0,0
0,0,0,0,0,0,0,0,0,0,0.0110305,0.0685937,0.0258963,0.00753206,-0.1623,0.0375804,0.00753206,-0.1623,0,0,0,0,0,0,0,0,0,0,0,0,0,0,0,0,0,0,0,0,0,0,0,0,0,0,0,0,0,0,0,0,-0.0153549,-0.0783404,-0.0273387,0,0,0,-0.06094,0,0,0,0,0,0,0,-3.14159,-3.14159,-3.14159,0,0,0,0,0,0,0,0,0,0,0,0,0
0,0,0,0,0,0,0,0,0,0,0.0123846,0.0712317,0.0262823,0.00724931,-0.162564,0.0378158,0.00724931,-0.162564,0,0,0,0,0,0,0,0,0,0,0,0,0,0,0,0,0,0,0,0,0,0,0,0,0,0,0,0,0,0,0,0,-0.0151809,-0.0789059,-0.0272082,0,0,0,-0.0623004,0,0,0,0,0,0,0,-3.14159,-3.14159,-3.14159,0,0,0,0,0,0,0,0,0,0,0,0,0
0,0,0,0,0,0,0,0,0,0,0.0126959,0.071383,0.0271913,0.00712552,-0.161788,0.0385642,0.00712552,-0.161788,0,0,0,0,0,0,0,0,0,0,0,0,0,0,0,0,0,0,0,0,0,0,0,0,0,0,0,0,0,0,0,0,-0.0148982,-0.0794496,-0.0270994,0,0,0,-0.0636554,0,0,0,0,0,0,0,-3.14159,-3.14159,-3.14159,0,0,0,0,0,0,0,0,0,0,0,0,0
0,0,0,0,0,0,0,0,0,0,0.012875,0.06944,0.0275778,0.00772938,-0.160428,0.0391084,0.00772938,-0.160428,0,0,0,0,0,0,0,0,0,0,0,0,0,0,0,0,0,0,0,0,0,0,0,0,0,0,0,0,0,0,0,0,-0.0146372,-0.0798629,-0.0270124,0,0,0,-0.065006,0,0,0,0,0,0,0,-3.14159,-3.14159,-3.14159,0,0,0,0,0,0,0,0,0,0,0,0,0
0,0,0,0,0,0,0,0,0,0,0.0129215,0.0695799,0.0275728,0.0080429,-0.159889,0.0399153,0.0080429,-0.159889,0,0,0,0,0,0,0,0,0,0,0,0,0,0,0,0,0,0,0,0,0,0,0,0,0,0,0,0,0,0,0,0,-0.0142892,-0.0800804,-0.0268819,0,0,0,-0.0663501,0,0,0,0,0,0,0,-3.14159,-3.14159,-3.14159,0,0,0,0,0,0,0,0,0,0,0,0,0
0,0,0,0,0,0,0,0,0,0,0.0137458,0.069456,0.0269149,0.00750087,-0.159099,0.0413126,0.00750087,-0.159099,0,0,0,0,0,0,0,0,0,0,0,0,0,0,0,0,0,0,0,0,0,0,0,0,0,0,0,0,0,0,0,0,-0.0144414,-0.0801891,-0.0269907,0,0,0,-0.0676997,0,0,0,0,0,0,0,-3.14159,-3.14159,-3.14159,0,0,0,0,0,0,0,0,0,0,0,0,0
0,0,0,0,0,0,0,0,0,0,0.0148341,0.0678892,0.0283453,0.00683328,-0.158052,0.0409987,0.00683328,-0.158052,0,0,0,0,0,0,0,0,0,0,0,0,0,0,0,0,0,0,0,0,0,0,0,0,0,0,0,0,0,0,0,0,-0.0151592,-0.0804501,-0.0274039,0,0,0,-0.0690699,0,0,0,0,0,0,0,-3.14159,-3.14159,-3.14159,0,0,0,0,0,0,0,0,0,0,0,0,0
0,0,0,0,0,0,0,0,0,0,0.0156587,0.0691894,0.0258605,0.00672167,-0.158275,0.0386838,0.00672167,-0.158275,0,0,0,0,0,0,0,0,0,0,0,0,0,0,0,0,0,0,0,0,0,0,0,0,0,0,0,0,0,0,0,0,-0.0157899,-0.0804936,-0.0273387,0,0,0,-0.0704368,0,0,0,0,0,0,0,-3.14159,-3.14159,-3.14159,0,0,0,0,0,0,0,0,0,0,0,0,0
0,0,0,0,0,0,0,0,0,0,0.0132166,0.0681382,0.0280716,0.00686544,-0.158805,0.0365747,0.00686544,-0.158805,0,0,0,0,0,0,0,0,0,0,0,0,0,0,0,0,0,0,0,0,0,0,0,0,0,0,0,0,0,0,0,0,-0.0159639,-0.0803414,-0.0274909,0,0,0,-0.0718113,0,0,0,0,0,0,0,-3.14159,-3.14159,-3.14159,0,0,0,0,0,0,0,0,0,0,0,0,0
0,0,0,0,0,0,0,0,0,0,0.0142969,0.0644715,0.0280644,0.00711842,-0.159147,0.036095,0.00711842,-0.159147,0,0,0,0,0,0,0,0,0,0,0,0,0,0,0,0,0,0,0,0,0,0,0,0,0,0,0,0,0,0,0,0,-0.0162901,-0.0799064,-0.0275779,0,0,0,-0.0731902,0,0,0,0,0,0,0,-3.14159,-3.14159,-3.14159,0,0,0,0,0,0,0,0,0,0,0,0,0
0,0,0,0,0,0,0,0,0,0,0.0130276,0.0657588,0.0285815,0.00759064,-0.159962,0.0368369,0.00759064,-0.159962,0,0,0,0,0,0,0,0,0,0,0,0,0,0,0,0,0,0,0,0,0,0,0,0,0,0,0,0,0,0,0,0,-0.0163989,-0.0796671,-0.0277519,0,0,0,-0.0745778,0,0,0,0,0,0,0,-3.14159,-3.14159,-3.14159,0,0,0,0,0,0,0,0,0,0,0,0,0
0,0,0,0,0,0,0,0,0,0,0.0133226,0.0641726,0.02714,0.00792721,-0.161686,0.0365977,0.00792721,-0.161686,0,0,0,0,0,0,0,0,0,0,0,0,0,0,0,0,0,0,0,0,0,0,0,0,0,0,0,0,0,0,0,0,-0.0164206,-0.0791887,-0.0277954,0,0,0,-0.0759676,0,0,0,0,0,0,0,-3.14159,-3.14159,-3.14159,0,0,0,0,0,0,0,0,0,0,0,0,0
0,0,0,0,0,0,0,0,0,0,0.0120504,0.0655851,0.0266128,0.00808001,-0.162891,0.035272,0.00808001,-0.162891,0,0,0,0,0,0,0,0,0,0,0,0,0,0,0,0,0,0,0,0,0,0,0,0,0,0,0,0,0,0,0,0,-0.0160509,-0.0792104,-0.0275127,0,0,0,-0.0773432,0,0,0,0,0,0,0,-3.14159,-3.14159,-3.14159,0,0,0,0,0,0,0,0,0,0,0,0,0
0,0,0,0,0,0,0,0,0,0,0.0133864,0.0639906,0.0275189,0.00802227,-0.161426,0.0349915,0.00802227,-0.161426,0,0,0,0,0,0,0,0,0,0,0,0,0,0,0,0,0,0,0,0,0,0,0,0,0,0,0,0,0,0,0,0,-0.0157681,-0.0787537,-0.0277954,0,0,0,-0.078733,0,0,0,0,0,0,0,-3.14159,-3.14159,-3.14159,0,0,0,0,0,0,0,0,0,0,0,0,0
0,0,0,0,0,0,0,0,0,0,0.0131551,0.0631714,0.0256841,0.00799605,-0.159495,0.036242,0.00799605,-0.159495,0,0,0,0,0,0,0,0,0,0,0,0,0,0,0,0,0,0,0,0,0,0,0,0,0,0,0,0,0,0,0,0,-0.0158551,-0.0783404,-0.0274039,0,0,0,-0.0801032,0,0,0,0,0,0,0,-3.14159,-3.14159,-3.14159,0,0,0,0,0,0,0,0,0,0,0,0,0
0,0,0,0,0,0,0,0,0,0,0.0122715,0.0644361,0.0280257,0.00803519,-0.159045,0.0366993,0.00803519,-0.159045,0,0,0,0,0,0,0,0,0,0,0,0,0,0,0,0,0,0,0,0,0,0,0,0,0,0,0,0,0,0,0,0,-0.0156159,-0.0787537,-0.0274039,0,0,0,-0.0814734,0,0,0,0,0,0,0,-3.14159,-3.14159,-3.14159,0,0,0,0,0,0,0,0,0,0,0,0,0
0,0,0,0,0,0,0,0,0,0,0.0122975,0.0633524,0.0278878,0.00798123,-0.15923,0.0354325,0.00798123,-0.15923,0,0,0,0,0,0,0,0,0,0,0,0,0,0,0,0,0,0,0,0,0,0,0,0,0,0,0,0,0,0,0,0,-0.0155941,-0.0787754,-0.0272952,0,0,0,-0.0828382,0,0,0,0,0,0,0,-3.14159,-3.14159,-3.14159,0,0,0,0,0,0,0,0,0,0,0,0,0
0,0,0,0,0,0,0,0,0,0,0.0131051,0.0623974,0.0276192,0.00832526,-0.159512,0.0347403,0.00832526,-0.159512,0,0,0,0,0,0,0,0,0,0,0,0,0,0,0,0,0,0,0,0,0,0,0,0,0,0,0,0,0,0,0,0,-0.0156594,-0.0789059,-0.0273822,0,0,0,-0.0842073,0,0,0,0,0,0,0,-3.14159,-3.14159,-3.14159,0,0,0,0,0,0,0,0,0,0,0,0,0
0,0,0,0,0,0,0,0,0,0,0.0116902,0.0627463,0.0270909,0.00894831,-0.159597,0.0356591,0.00894831,-0.159597,0,0,0,0,0,0,0,0,0,0,0,0,0,0,0,0,0,0,0,0,0,0,0,0,0,0,0,0,0,0,0,0,-0.0157029,-0.0788624,-0.0274692,0,0,0,-0.0855807,0,0,0,0,0,0,0,-3.14159,-3.14159,-3.14159,0,0,0,0,0,0,0,0,0,0,0,0,0
0,0,0,0,0,0,0,0,0,0,0.0119735,0.0634802,0.0274761,0.00915234,-0.160279,0.0364209,0.00915234,-0.160279,0,0,0,0,0,0,0,0,0,0,0,0,0,0,0,0,0,0,0,0,0,0,0,0,0,0,0,0,0,0,0,0,-0.0155724,-0.0792104,-0.0274692,0,0,0,-0.0869542,0,0,0,0,0,0,0,-3.14159,-3.14159,-3.14159,0,0,0,0,0,0,0,0,0,0,0,0,0
0,0,0,0,0,0,0,0,0,0,0.0127779,0.0636863,0.0277301,0.00866547,-0.161492,0.0350941,0.00866547,-0.161492,0,0,0,0,0,0,0,0,0,0,0,0,0,0,0,0,0,0,0,0,0,0,0,0,0,0,0,0,0,0,0,0,-0.0156159,-0.0797324,-0.0278172,0,0,0,-0.088345,0,0,0,0,0,0,0,-3.14159,-3.14159,-3.14159,0,0,0,0,0,0,0,0,0,0,0,0,0
0,0,0,0,0,0,0,0,0,0,0.0118866,0.0608874,0.0272017,0.00757824,-0.161814,0.0340281,0.00757824,-0.161814,0,0,0,0,0,0,0,0,0,0,0,0,0,0,0,0,0,0,0,0,0,0,0,0,0,0,0,0,0,0,0,0,-0.0156594,-0.0795801,-0.0276867,0,0,0,-0.0897294,0,0,0,0,0,0,0,-3.14159,-3.14159,-3.14159,0,0,0,0,0,0,0,0,0,0,0,0,0
0,0,0,0,0,0,0,0,0,0,0.0126889,0.0608284,0.0279784,0.0064634,-0.160758,0.0348695,0.0064634,-0.160758,0,0,0,0,0,0,0,0,0,0,0,0,0,0,0,0,0,0,0,0,0,0,0,0,0,0,0,0,0,0,0,0,-0.0158334,-0.0796019,-0.0277084,0,0,0,-0.0911148,0,0,0,0,0,0,0,-3.14159,-3.14159,-3.14159,0,0,0,0,0,0,0,0,0,0,0,0,0
0,0,0,0,0,0,0,0,0,0,0.0111412,0.0597223,0.0265363,0.0056854,-0.159358,0.0353155,0.0056854,-0.159358,0,0,0,0,0,0,0,0,0,0,0,0,0,0,0,0,0,0,0,0,0,0,0,0,0,0,0,0,0,0,0,0,-0.0156159,-0.0796019,-0.0275344,0,0,0,-0.0924915,0,0,0,0,0,0,0,-3.14159,-3.14159,-3.14159,0,0,0,0,0,0,0,0,0,0,0,0,0
0,0,0,0,0,0,0,0,0,0,0.0118114,0.0603097,0.0274423,0.00514596,-0.159276,0.0358141,0.00514596,-0.159276,0,0,0,0,0,0,0,0,0,0,0,0,0,0,0,0,0,0,0,0,0,0,0,0,0,0,0,0,0,0,0,0,-0.0157464,-0.0796454,-0.0275997,0,0,0,-0.0938715,0,0,0,0,0,0,0,-3.14159,-3.14159,-3.14159,0,0,0,0,0,0,0,0,0,0,0,0,0
0,0,0,0,0,0,0,0,0,0,0.0114328,0.058549,0.0271731,0.00519176,-0.16051,0.0368483,0.00519176,-0.16051,0,0,0,0,0,0,0,0,0,0,0,0,0,0,0,0,0,0,0,0,0,0,0,0,0,0,0,0,0,0,0,0,-0.0157681,-0.0792756,-0.0275562,0,0,0,-0.0952493,0,0,0,0,0,0,0,-3.14159,-3.14159,-3.14159,0,0,0,0,0,0,0,0,0,0,0,0,0
0,0,0,0,0,0,0,0,0,0,0.0100102,0.0604387,0.0261206,0.0059858,-0.16143,0.0370258,0.0059858,-0.16143,0,0,0,0,0,0,0,0,0,0,0,0,0,0,0,0,0,0,0,0,0,0,0,0,0,0,0,0,0,0,0,0,-0.0154201,-0.0791887,-0.0272952,0,0,0,-0.0966141,0,0,0,0,0,0,0,-3.14159,-3.14159,-3.14159,0,0,0,0,0,0,0,0,0,0,0,0,0
0,0,0,0,0,0,0,0,0,0,0.0111961,0.0580178,0.0272869,0.00697171,-0.162096,0.0362638,0.00697171,-0.162096,0,0,0,0,0,0,0,0,0,0,0,0,0,0,0,0,0,0,0,0,0,0,0,0,0,0,0,0,0,0,0,0,-0.0154201,-0.0791669,-0.0273169,0,0,0,-0.0979799,0,0,0,0,0,0,0,-3.14159,-3.14159,-3.14159,0,0,0,0,0,0,0,0,0,0,0,0,0
0,0,0,0,0,0,0,0,0,0,0.0114682,0.0587266,0.0267557,0.00797539,-0.163633,0.0357949,0.00797539,-0.163633,0,0,0,0,0,0,0,0,0,0,0,0,0,0,0,0,0,0,0,0,0,0,0,0,0,0,0,0,0,0,0,0,-0.0153331,-0.0792756,-0.0271212,0,0,0,-0.099336,0,0,0,0,0,0,0,-3.14159,-3.14159,-3.14159,0,0,0,0,0,0,0,0,0,0,0,0,0
0,0,0,0,0,0,0,0,0,0,0.00991259,0.0579998,0.0268769,0.00912152,-0.164454,0.0357211,0.00912152,-0.164454,0,0,0,0,0,0,0,0,0,0,0,0,0,0,0,0,0,0,0,0,0,0,0,0,0,0,0,0,0,0,0,0,-0.0152462,-0.0794496,-0.0271864,0,0,0,-0.100695,0,0,0,0,0,0,0,-3.14159,-3.14159,-3.14159,0,0,0,0,0,0,0,0,0,0,0,0,0
0,0,0,0,0,0,0,0,0,0,0.0116167,0.0568786,0.0279118,0.0102354,-0.163606,0.0336971,0.0102354,-0.163606,0,0,0,0,0,0,0,0,0,0,0,0,0,0,0,0,0,0,0,0,0,0,0,0,0,0,0,0,0,0,0,0,-0.0153331,-0.0793409,-0.0272734,0,0,0,-0.102059,0,0,0,0,0,0,0,-3.14159,-3.14159,-3.14159,0,0,0,0,0,0,0,0,0,0,0,0,0
0,0,0,0,0,0,0,0,0,0,0.0105789,0.056144,0.0267279,0.0107402,-0.163231,0.0307577,0.0107402,-0.163231,0,0,0,0,0,0,0,0,0,0,0,0,0,0,0,0,0,0,0,0,0,0,0,0,0,0,0,0,0,0,0,0,-0.0153114,-0.0794061,-0.0272082,0,0,0,-0.103419,0,0,0,0,0,0,0,-3.14159,-3.14159,-3.14159,0,0,0,0,0,0,0,0,0,0,0,0,0
0,0,0,0,0,0,0,0,0,0,0.0104563,0.0551475,0.0282865,0.0104614,-0.163581,0.0306957,0.0104614,-0.163581,0,0,0,0,0,0,0,0,0,0,0,0,0,0,0,0,0,0,0,0,0,0,0,0,0,0,0,0,0,0,0,0,-0.0155071,-0.0789929,-0.0275779,0,0,0,-0.104798,0,0,0,0,0,0,0,-3.14159,-3.14159,-3.14159,0,0,0,0,0,0,0,0,0,0,0,0,0
0,0,0,0,0,0,0,0,0,0,0.00915931,0.056369,0.0276251,0.010141,-0.162418,0.0322815,0.010141,-0.162418,0,0,0,0,0,0,0,0,0,0,0,0,0,0,0,0,0,0,0,0,0,0,0,0,0,0,0,0,0,0,0,0,-0.0152897,-0.0791887,-0.0276432,0,0,0,-0.10618,0,0,0,0,0,0,0,-3.14159,-3.14159,-3.14159,0,0,0,0,0,0,0,0,0,0,0,0,0
0,0,0,0,0,0,0,0,0,0,0.0121681,0.0561502,0.0289201,0.00986729,-0.159961,0.0322629,0.00986729,-0.159961,0,0,0,0,0,0,0,0,0,0,0,0,0,0,0,0,0,0,0,0,0,0,0,0,0,0,0,0,0,0,0,0,-0.0155289,-0.0792321,-0.0280129,0,0,0,-0.107581,0,0,0,0,0,0,0,-3.14159,-3.14159,-3.14159,0,0,0,0,0,0,0,0,0,0,0,0,0
0,0,0,0,0,0,0,0,0,0,0.012303,0.0547553,0.0270835,0.0091331,-0.158728,0.0320493,0.0091331,-0.158728,0,0,0,0,0,0,0,0,0,0,0,0,0,0,0,0,0,0,0,0,0,0,0,0,0,0,0,0,0,0,0,0,-0.0160509,-0.0791669,-0.0280564,0,0,0,-0.108984,0,0,0,0,0,0,0,-3.14159,-3.14159,-3.14159,0,0,0,0,0,0,0,0,0,0,0,0,0
0,0,0,0,0,0,0,0,0,0,0.0104791,0.0536223,0.0260282,0.00821552,-0.15839,0.0336016,0.00821552,-0.15839,0,0,0,0,0,0,0,0,0,0,0,0,0,0,0,0,0,0,0,0,0,0,0,0,0,0,0,0,0,0,0,0,-0.0159856,-0.0791017,-0.0277519,0,0,0,-0.110371,0,0,0,0,0,0,0,-3.14159,-3.14159,-3.14159,0,0,0,0,0,0,0,0,0,0,0,0,0
0,0,0,0,0,0,0,0,0,0,0.0117864,0.0539229,0.0283681,0.00810765,-0.156672,0.0350412,0.00810765,-0.156672,0,0,0,0,0,0,0,0,0,0,0,0,0,0,0,0,0,0,0,0,0,0,0,0,0,0,0,0,0,0,0,0,-0.0163119,-0.0792104,-0.0280347,0,0,0,-0.111773,0,0,0,0,0,0,0,-3.14159,-3.14159,-3.14159,0,0,0,0,0,0,0,0,0,0,0,0,0
0,0,0,0,0,0,0,0,0,0,0.0111335,0.054351,0.0267925,0.00855737,-0.154655,0.0351256,0.00855737,-0.154655,0,0,0,0,0,0,0,0,0,0,0,0,0,0,0,0,0,0,0,0,0,0,0,0,0,0,0,0,0,0,0,0,-0.0165511,-0.0795584,-0.0277954,0,0,0,-0.113163,0,0,0,0,0,0,0,-3.14159,-3.14159,-3.14159,0,0,0,0,0,0,0,0,0,0,0,0,0
0,0,0,0,0,0,0,0,0,0,0.0103486,0.05243,0.0275653,0.00875125,-0.155096,0.0351124,0.00875125,-0.155096,0,0,0,0,0,0,0,0,0,0,0,0,0,0,0,0,0,0,0,0,0,0,0,0,0,0,0,0,0,0,0,0,-0.0168773,-0.0793844,-0.0277954,0,0,0,-0.114553,0,0,0,0,0,0,0,-3.14159,-3.14159,-3.14159,0,0,0,0,0,0,0,0,0,0,0,0,0
0,0,0,0,0,0,0,0,0,0,0.0103483,0.0509012,0.0275563,0.00922943,-0.156319,0.0346011,0.00922943,-0.156319,0,0,0,0,0,0,0,0,0,0,0,0,0,0,0,0,0,0,0,0,0,0,0,0,0,0,0,0,0,0,0,0,-0.0167033,-0.0789929,-0.0275779,0,0,0,-0.115932,0,0,0,0,0,0,0,-3.14159,-3.14159,-3.14159,0,0,0,0,0,0,0,0,0,0,0,0,0
0,0,0,0,0,0,0,0,0,0,0.00760523,0.0521116,0.027024,0.00998534,-0.155922,0.0330834,0.00998534,-0.155922,0,0,0,0,0,0,0,0,0,0,0,0,0,0,0,0,0,0,0,0,0,0,0,0,0,0,0,0,0,0,0,0,-0.0160509,-0.0790364,-0.0275779,0,0,0,-0.117311,0,0,0,0,0,0,0,-3.14159,-3.14159,-3.14159,0,0,0,0,0,0,0,0,0,0,0,0,0
0,0,0,0,0,0,0,0,0,0,0.0090368,0.0505783,0.0279269,0.0101664,-0.155624,0.032382,0.0101664,-0.155624,0,0,0,0,0,0,0,0,0,0,0,0,0,0,0,0,0,0,0,0,0,0,0,0,0,0,0,0,0,0,0,0,-0.0159421,-0.0790147,-0.0279042,0,0,0,-0.118706,0,0,0,0,0,0,0,-3.14159,-3.14159,-3.14159,0,0,0,0,0,0,0,0,0,0,0,0,0
0,0,0,0,0,0,0,0,0,0,0.0092962,0.0511323,0.0267428,0.0100367,-0.156423,0.033227,0.0100367,-0.156423,0,0,0,0,0,0,0,0,0,0,0,0,0,0,0,0,0,0,0,0,0,0,0,0,0,0,0,0,0,0,0,0,-0.0156594,-0.0790364,-0.0276432,0,0,0,-0.120088,0,0,0,0,0,0,0,-3.14159,-3.14159,-3.14159,0,0,0,0,0,0,0,0,0,0,0,0,0
0,0,0,0,0,0,0,0,0,0,0.0105973,0.0503822,0.0256892,0.0105025,-0.157176,0.0335811,0.0105025,-0.157176,0,0,0,0,0,0,0,0,0,0,0,0,0,0,0,0,0,0,0,0,0,0,0,0,0,0,0,0,0,0,0,0,-0.0157029,-0.0788624,-0.0274692,0,0,0,-0.121461,0,0,0,0,0,0,0,-3.14159,-3.14159,-3.14159,0,0,0,0,0,0,0,0,0,0,0,0,0
0,0,0,0,0,0,0,0,0,0,0.00915571,0.0495006,0.0276364,0.0109924,-0.157243,0.0324716,0.0109924,-0.157243,0,0,0,0,0,0,0,0,0,0,0,0,0,0,0,0,0,0,0,0,0,0,0,0,0,0,0,0,0,0,0,0,-0.0156376,-0.0788624,-0.0274909,0,0,0,-0.122836,0,0,0,0,0,0,0,-3.14159,-3.14159,-3.14159,0,0,0,0,0,0,0,0,0,0,0,0,0
0,0,0,0,0,0,0,0,0,0,0.0101933,0.0453568,0.027888,0.0105617,-0.157143,0.0314463,0.0105617,-0.157143,0,0,0,0,0,0,0,0,0,0,0,0,0,0,0,0,0,0,0,0,0,0,0,0,0,0,0,0,0,0,0,0,-0.0157464,-0.0784274,-0.0275562,0,0,0,-0.124214,0,0,0,0,0,0,0,-3.14159,-3.14159,-3.14159,0,0,0,0,0,0,0,0,0,0,0,0,0
0,0,0,0,0,0,0,0,0,0,0.0112325,0.0486498,0.0268341,0.00998079,-0.157249,0.0309937,0.00998079,-0.157249,0,0,0,0,0,0,0,0,0,0,0,0,0,0,0,0,0,0,0,0,0,0,0,0,0,0,0,0,0,0,0,0,-0.0164859,-0.0783404,-0.0275344,0,0,0,-0.12559,0,0,0,0,0,0,0,-3.14159,-3.14159,-3.14159,0,0,0,0,0,0,0,0,0,0,0,0,0
0,0,0,0,0,0,0,0,0,0,0.00965776,0.0485498,0.0276078,0.0100839,-0.157295,0.0305265,0.0100839,-0.157295,0,0,0,0,0,0,0,0,0,0,0,0,0,0,0,0,0,0,0,0,0,0,0,0,0,0,0,0,0,0,0,0,-0.0167251,-0.0784927,-0.0274909,0,0,0,-0.126965,0,0,0,0,0,0,0,-3.14159,-3.14159,-3.14159,0,0,0,0,0,0,0,0,0,0,0,0,0
0,0,0,0,0,0,0,0,0,0,0.00664831,0.0466221,0.0262935,0.0103005,-0.157657,0.0303704,0.0103005,-0.157657,0,0,0,0,0,0,0,0,0,0,0,0,0,0,0,0,0,0,0,0,0,0,0,0,0,0,0,0,0,0,0,0,-0.0164206,-0.0782317,-0.0274257,0,0,0,-0.128336,0,0,0,0,0,0,0,-3.14159,-3.14159,-3.14159,0,0,0,0,0,0,0,0,0,0,0,0,0
0,0,0,0,0,0,0,0,0,0,0.00846646,0.046001,0.0264127,0.00993206,-0.158175,0.0312981,0.00993206,-0.158175,0,0,0,0,0,0,0,0,0,0,0,0,0,0,0,0,0,0,0,0,0,0,0,0,0,0,0,0,0,0,0,0,-0.0162031,-0.0779924,-0.0275562,0,0,0,-0.129714,0,0,0,0,0,0,0,-3.14159,-3.14159,-3.14159,0,0,0,0,0,0,0,0,0,0,0,0,0
0,0,0,0,0,0,0,0,0,0,0.00754339,0.0456414,0.0270556,0.00919342,-0.158259,0.0326987,0.00919342,-0.158259,0,0,0,0,0,0,0,0,0,0,0,0,0,0,0,0,0,0,0,0,0,0,0,0,0,0,0,0,0,0,0,0,-0.0160726,-0.0778402,-0.0274692,0,0,0,-0.131088,0,0,0,0,0,0,0,-3.14159,-3.14159,-3.14159,0,0,0,0,0,0,0,0,0,0,0,0,0
