0,0,0,0,0,0,0,0,0,0,0,0,0,0,0,0,0,0,0,0,0,0,0,0,0,0,0,0,0,0,0,0,0,0,0,0,0,0,0,0,0,0,0,0,0,0,0,0,0,0,0,0,0,0,0,0,0,0,0,0,0,0,0,0,0,0,0,0,0,0,0,0,0,0,0,0,0,0,0,0,0,0,0,0
0,0,0,0,0,0,0,0,0,0,0,0,0,0,0,0,0,0,0,0,0,0,0,0,0,0,0,0,0,0,0,0,0,0,0,0,0,0,0,0,0,0,0,0,0,0,0,0,0,0,0,0,0,0,0,0,0,0,0,0,0,0,0,0,0,0,0,0,0,0,0,0,0,0,0,0,0,0,0,0,0,0,0,0
0,0,0,0,0,0,0,0,0,0,0,0,0,0,0,0,0,0,0,0,0,0,0,0,0,0,0,0,0,0,0,0,0,0,0,0,0,0,0,0,0,0,0,0,0,0,0,0,0,0,0,0,0,0,0,0,0,0,0,0,0,0,0,0,0,0,0,0,0,0,0,0,0,0,0,0,0,0,0,0,0,0,0,0
0,0,0,0,0,0,0,0,0,0,0,0,0,0,0,0,0,0,0,0,0,0,0,0,0,0,0,0,0,0,0,0,0,0,0,0,0,0,0,0,0,0,0,0,0,0,0,0,0,0,0,0,0,0,0,0,0,0,0,0,0,0,0,0,0,0,0,0,0,0,0,0,0,0,0,0,0,0,0,0,0,0,0,0
0,0,0,0,0,0,0,0,0,0,0,0,0,0,0,0,0,0,0,0,0,0,0,0,0,0,0,0,0,0,0,0,0,0,0,0,0,0,0,0,0,0,0,0,0,0,0,0,0,0,0,0,0,0,0,0,0,0,0,0,0,0,0,0,0,0,0,0,0,0,0,0,0,0,0,0,0,0,0,0,0,0,0,0
0,0,0,0,0,0,0,0,0,0,0,0,0,0,0,0,0,0,0,0,0,0,0,0,0,0,0,0,0,0,0,0,0,0,0,0,0,0,0,0,0,0,0,0,0,0,0,0,0,0,0,0,0,0,0,0,0,0,0,0,0,0,0,0,0,0,0,0,0,0,0,0,0,0,0,0,0,0,0,0,0,0,0,0
0,0,0,0,0,0,0,0,0,0,0,0,0,0,0,0,0,0,0,0,0,0,0,0,0,0,0,0,0,0,0,0,0,0,0,0,0,0,0,0,0,0,0,0,0,0,0,0,0,0,0,0,0,0,0,0,0,0,0,0,0,0,0,0,0,0,0,0,0,0,0,0,0,0,0,0,0,0,0,0,0,0,0,0
0,0,0,0,0,0,0,0,0,0,0,0,0,0,0,0,0,0,0,0,0,0,0,0,0,0,0,0,0,0,0,0,0,0,0,0,0,0,0,0,0,0,0,0,0,0,0,0,0,0,0,0,0,0,0,0,0,0,0,0,0,0,0,0,0,0,0,0,0,0,0,0,0,0,0,0,0,0,0,0,0,0,0,0
0,0,0,0,0,0,0,0,0,0,0,0,0,0,0,0,0,0,0,0,0,0,0,0,0,0,0,0,0,0,0,0,0,0,0,0,0,0,0,0,0,0,0,0,0,0,0,0,0,0,0,0,0,0,0,0,0,0,0,0,0,0,0,0,0,0,0,0,0,0,0,0,0,0,0,0,0,0,0,0,0,0,0,0
0,0,0,0,0,0,0,0,0,0,0,0,0,0,0,0,0,0,0,0,0,0,0,0,0,0,0,0,0,0,0,0,0,0,0,0,0,0,0,0,0,0,0,0,0,0,0,0,0,0,0,0,0,0,0,0,0,0,0,0,0,0,0,0,0,0,0,0,0,0,0,0,0,0,0,0,0,0,0,0,0,0,0,0
0,0,0,0,0,0,0,0,0,0,0,0,0,0,0,0,0,0,0,0,0,0,0,0,0,0,0,0,0,0,0,0,0,0,0,0,0,0,0,0,0,0,0,0,0,0,0,0,0,0,0,0,0,0,0,0,0,0,0,0,0,0,0,0,0,0,0,0,0,0,0,0,0,0,0,0,0,0,0,0,0,0,0,0
0,0,0,0,0,0,0,0,0,0,0,0,0,0,0,0,0,0,0,0,0,0,0,0,0,0,0,0,0,0,0,0,0,0,0,0,0,0,0,0,0,0,0,0,0,0,0,0,0,0,0,0,0,0,0,0,0,0,0,0,0,0,0,0,0,0,0,0,0,0,0,0,0,0,0,0,0,0,0,0,0,0,0,0
0,0,0,0,0,0,0,0,0,0,0,0,0,0,0,0,0,0,0,0,0,0,0,0,0,0,0,0,0,0,0,0,0,0,0,0,0,0,0,0,0,0,0,0,0,0,0,0,0,0,0,0,0,0,0,0,0,0,0,0,0,0,0,0,0,0,0,0,0,0,0,0,0,0,0,0,0,0,0,0,0,0,0,0
0,0,0,0,0,0,0,0,0,0,0,0,0,0,0,0,0,0,0,0,0,0,0,0,0,0,0,0,0,0,0,0,0,0,0,0,0,0,0,0,0,0,0,0,0,0,0,0,0,0,0,0,0,0,0,0,0,0,0,0,0,0,0,0,0,0,0,0,0,0,0,0,0,0,0,0,0,0,0,0,0,0,0,0
0,0,0,0,0,0,0,0,0,0,0,0,0,0,0,0,0,0,0,0,0,0,0,0,0,0,0,0,0,0,0,0,0,0,0,0,0,0,0,0,0,0,0,0,0,0,0,0,0,0,0,0,0,0,0,0,0,0,0,0,0,0,0,0,0,0,0,0,0,0,0,0,0,0,0,0,0,0,0,0,0,0,0,0
0,0,0,0,0,0,0,0,0,0,0,0,0,0,0,0,0,0,0,0,0,0,0,0,0,0,0,0,0,0,0,0,0,0,0,0,0,0,0,0,0,0,0,0,0,0,0,0,0,0,0,0,0,0,0,0,0,0,0,0,0,0,0,0,0,0,0,0,0,0,0,0,0,0,0,0,0,0,0,0,0,0,0,0
0,0,0,0,0,0,0,0,0,0,0,0,0,0,0,0,0,0,0,0,0,0,0,0,0,0,0,0,0,0,0,0,0,0,0,0,0,0,0,0,0,0,0,0,0,0,0,0,0,0,0,0,0,0,0,0,0,0,0,0,0,0,0,0,0,0,0,0,0,0,0,0,0,0,0,0,0,0,0,0,0,0,0,0
0,0,0,0,0,0,0,0,0,0,0,0,0,0,0,0,0,0,0,0,0,0,0,0,0,0,0,0,0,0,0,0,0,0,0,0,0,0,0,0,0,0,0,0,0,0,0,0,0,0,0,0,0,0,0,0,0,0,0,0,0,0,0,0,0,0,0,0,0,0,0,0,0,0,0,0,0,0,0,0,0,0,0,0
0,0,0,0,0,0,0,0,0,0,0,0,0,0,0,0,0,0,0,0,0,0,0,0,0,0,0,0,0,0,0,0,0,0,0,0,0,0,0,0,0,0,0,0,0,0,0,0,0,0,0,0,0,0,0,0,0,0,0,0,0,0,0,0,0,0,0,0,0,0,0,0,0,0,0,0,0,0,0,0,0,0,0,0
0,0,0,0,0,0,0,0,0,0,0,0,0,0,0,0,0,0,0,0,0,0,0,0,0,0,0,0,0,0,0,0,0,0,0,0,0,0,0,0,0,0,0,0,0,0,0,0,0,0,0,0,0,0,0,0,0,0,0,0,0,0,0,0,0,0,0,0,0,0,0,0,0,0,0,0,0,0,0,0,0,0,0,0
0,0,0,0,0,0,0,0,0,0,0,0,0,0,0,0,0,0,0,0,0,0,0,0,0,0,0,0,0,0,0,0,0,0,0,0,0,0,0,0,0,0,0,0,0,0,0,0,0,0,0,0,0,0,0,0,0,0,0,0,0,0,0,0,0,0,0,0,0,0,0,0,0,0,0,0,0,0,0,0,0,0,0,0
0,0,0,0,0,0,0,0,0,0,0,0,0,0,0,0,0,0,0,0,0,0,0,0,0,0,0,0,0,0,0,0,0,0,0,0,0,0,0,0,0,0,0,0,0,0,0,0,0,0,0,0,0,0,0,0,0,0,0,0,0,0,0,0,0,0,0,0,0,0,0,0,0,0,0,0,0,0,0,0,0,0,0,0
0,0,0,0,0,0,0,0,0,0,0,0,0,0,0,0,0,0,0,0,0,0,0,0,0,0,0,0,0,0,0,0,0,0,0,0,0,0,0,0,0,0,0,0,0,0,0,0,0,0,0,0,0,0,0,0,0,0,0,0,0,0,0,0,0,0,0,0,0,0,0,0,0,0,0,0,0,0,0,0,0,0,0,0
0,0,0,0,0,0,0,0,0,0,0,0,0,0,0,0,0,0,0,0,0,0,0,0,0,0,0,0,0,0,0,0,0,0,0,0,0,0,0,0,0,0,0,0,0,0,0,0,0,0,0,0,0,0,0,0,0,0,0,0,0,0,0,0,0,0,0,0,0,0,0,0,0,0,0,0,0,0,0,0,0,0,0,0
0,0,0,0,0,0,0,0,0,0,0,0,0,0,0,0,0,0,0,0,0,0,0,0,0,0,0,0,0,0,0,0,0,0,0,0,0,0,0,0,0,0,0,0,0,0,0,0,0,0,0,0,0,0,0,0,0,0,0,0,0,0,0,0,0,0,0,0,0,0,0,0,0,0,0,0,0,0,0,0,0,0,0,0
0,0,0,0,0,0,0,0,0,0,0,0,0,0,0,0,0,0,0,0,0,0,0,0,0,0,0,0,0,0,0,0,0,0,0,0,0,0,0,0,0,0,0,0,0,0,0,0,0,0,0,0,0,0,0,0,0,0,0,0,0,0,0,0,0,0,0,0,0,0,0,0,0,0,0,0,0,0,0,0,0,0,0,0
0,0,0,0,0,0,0,0,0,0,0,0,0,0,0,0,0,0,0,0,0,0,0,0,0,0,0,0,0,0,0,0,0,0,0,0,0,0,0,0,0,0,0,0,0,0,0,0,0,0,0,0,0,0,0,0,0,0,0,0,0,0,0,0,0,0,0,0,0,0,0,0,0,0,0,0,0,0,0,0,0,0,0,0
0,0,0,0,0,0,0,0,0,0,0,0,0,0,0,0,0,0,0,0,0,0,0,0,0,0,0,0,0,0,0,0,0,0,0,0,0,0,0,0,0,0,0,0,0,0,0,0,0,0,0,0,0,0,0,0,0,0,0,0,0,0,0,0,0,0,0,0,0,0,0,0,0,0,0,0,0,0,0,0,0,0,0,0
0,0,0,0,0,0,0,0,0,0,0,0,0,0,0,0,0,0,0,0,0,0,0,0,0,0,0,0,0,0,0,0,0,0,0,0,0,0,0,0,0,0,0,0,0,0,0,0,0,0,0,0,0,0,0,0,0,0,0,0,0,0,0,0,0,0,0,0,0,0,0,0,0,0,0,0,0,0,0,0,0,0,0,0
0,0,0,0,0,0,0,0,0,0,0,0,0,0,0,0,0,0,0,0,0,0,0,0,0,0,0,0,0,0,0,0,0,0,0,0,0,0,0,0,0,0,0,0,0,0,0,0,0,0,0,0,0,0,0,0,0,0,0,0,0,0,0,0,0,0,0,0,0,0,0,0,0,0,0,0,0,0,0,0,0,0,0,0
0,0,0,0,0,0,0,0,0,0,0,0,0,0,0,0,0,0,0,0,0,0,0,0,0,0,0,0,0,0,0,0,0,0,0,0,0,0,0,0,0,0,0,0,0,0,0,0,0,0,0,0,0,0,0,0,0,0,0,0,0,0,0,0,0,0,0,0,0,0,0,0,0,0,0,0,0,0,0,0,0,0,0,0
0,0,0,0,0,0,0,0,0,0,0,0,0,0,0,0,0,0,0,0,0,0,0,0,0,0,0,0,0,0,0,0,0,0,0,0,0,0,0,0,0,0,0,0,0,0,0,0,0,0,0,0,0,0,0,0,0,0,0,0,0,0,0,0,0,0,0,0,0,0,0,0,0,0,0,0,0,0,0,0,0,0,0,0
0,0,0,0,0,0,0,0,0,0,0,0,0,0,0,0,0,0,0,0,0,0,0,0,0,0,0,0,0,0,0,0,0,0,0,0,0,0,0,0,0,0,0,0,0,0,0,0,0,0,0,0,0,0,0,0,0,0,0,0,0,0,0,0,0,0,0,0,0,0,0,0,0,0,0,0,0,0,0,0,0,0,0,0
0,0,0,0,0,0,0,0,0,0,0,0,0,0,0,0,0,0,0,0,0,0,0,0,0,0,0,0,0,0,0,0,0,0,0,0,0,0,0,0,0,0,0,0,0,0,0,0,0,0,0,0,0,0,0,0,0,0,0,0,0,0,0,0,0,0,0,0,0,0,0,0,0,0,0,0,0,0,0,0,0,0,0,0
0,0,0,0,0,0,0,0,0,0,0,0,0,0,0,0,0,0,0,0,0,0,0,0,0,0,0,0,0,0,0,0,0,0,0,0,0,0,0,0,0,0,0,0,0,0,0,0,0,0,0,0,0,0,0,0,0,0,0,0,0,0,0,0,0,0,0,0,0,0,0,0,0,0,0,0,0,0,0,0,0,0,0,0
0,0,0,0,0,0,0,0,0,0,0,0,0,0,0,0,0,0,0,0,0,0,0,0,0,0,0,0,0,0,0,0,0,0,0,0,0,0,0,0,0,0,0,0,0,0,0,0,0,0,0,0,0,0,0,0,0,0,0,0,0,0,0,0,0,0,0,0,0,0,0,0,0,0,0,0,0,0,0,0,0,0,0,0
0,0,0,0,0,0,0,0,0,0,0,0,0,0,0,0,0,0,0,0,0,0,0,0,0,0,0,0,0,0,0,0,0,0,0,0,0,0,0,0,0,0,0,0,0,0,0,0,0,0,0,0,0,0,0,0,0,0,0,0,0,0,0,0,0,0,0,0,0,0,0,0,0,0,0,0,0,0,0,0,0,0,0,0
0,0,0,0,0,0,0,0,0,0,0,0,0,0,0,0,0,0,0,0,0,0,0,0,0,0,0,0,0,0,0,0,0,0,0,0,0,0,0,0,0,0,0,0,0,0,0,0,0,0,0,0,0,0,0,0,0,0,0,0,0,0,0,0,0,0,0,0,0,0,0,0,0,0,0,0,0,0,0,0,0,0,0,0
0,0,0,0,0,0,0,0,0,0,0,0,0,0,0,0,0,0,0,0,0,0,0,0,0,0,0,0,0,0,0,0,0,0,0,0,0,0,0,0,0,0,0,0,0,0,0,0,0,0,0,0,0,0,0,0,0,0,0,0,0,0,0,0,0,0,0,0,0,0,0,0,0,0,0,0,0,0,0,0,0,0,0,0
0,0,0,0,0,0,0,0,0,0,0,0,0,0,0,0,0,0,0,0,0,0,0,0,0,0,0,0,0,0,0,0,0,0,0,0,0,0,0,0,0,0,0,0,0,0,0,0,0,0,0,0,0,0,0,0,0,0,0,0,0,0,0,0,0,0,0,0,0,0,0,0,0,0,0,0,0,0,0,0,0,0,0,0
0,0,0,0,0,0,0,0,0,0,0,0,0,0,0,0,0,0,0,0,0,0,0,0,0,0,0,0,0,0,0,0,0,0,0,0,0,0,0,0,0,0,0,0,0,0,0,0,0,0,0,0,0,0,0,0,0,0,0,0,0,0,0,0,0,0,0,0,0,0,0,0,0,0,0,0,0,0,0,0,0,0,0,0
0,0,0,0,0,0,0,0,0,0,0,0,0,0,0,0,0,0,0,0,0,0,0,0,0,0,0,0,0,0,0,0,0,0,0,0,0,0,0,0,0,0,0,0,0,0,0,0,0,0,0,0,0,0,0,0,0,0,0,0,0,0,0,0,0,0,0,0,0,0,0,0,0,0,0,0,0,0,0,0,0,0,0,0
0,0,0,0,0,0,0,0,0,0,0,0,0,0,0,0,0,0,0,0,0,0,0,0,0,0,0,0,0,0,0,0,0,0,0,0,0,0,0,0,0,0,0,0,0,0,0,0,0,0,0,0,0,0,0,0,0,0,0,0,0,0,0,0,0,0,0,0,0,0,0,0,0,0,0,0,0,0,0,0,0,0,0,0
0,0,0,0,0,0,0,0,0,0,0,0,0,0,0,0,0,0,0,0,0,0,0,0,0,0,0,0,0,0,0,0,0,0,0,0,0,0,0,0,0,0,0,0,0,0,0,0,0,0,0,0,0,0,0,0,0,0,0,0,0,0,0,0,0,0,0,0,0,0,0,0,0,0,0,0,0,0,0,0,0,0,0,0
0,0,0,0,0,0,0,0,0,0,0,0,0,0,0,0,0,0,0,0,0,0,0,0,0,0,0,0,0,0,0,0,0,0,0,0,0,0,0,0,0,0,0,0,0,0,0,0,0,0,0,0,0,0,0,0,0,0,0,0,0,0,0,0,0,0,0,0,0,0,0,0,0,0,0,0,0,0,0,0,0,0,0,0
0,0,0,0,0,0,0,0,0,0,0,0,0,0,0,0,0,0,0,0,0,0,0,0,0,0,0,0,0,0,0,0,0,0,0,0,0,0,0,0,0,0,0,0,0,0,0,0,0,0,0,0,0,0,0,0,0,0,0,0,0,0,0,0,0,0,0,0,0,0,0,0,0,0,0,0,0,0,0,0,0,0,0,0
0,0,0,0,0,0,0,0,0,0,0,0,0,0,0,0,0,0,0,0,0,0,0,0,0,0,0,0,0,0,0,0,0,0,0,0,0,0,0,0,0,0,0,0,0,0,0,0,0,0,0,0,0,0,0,0,0,0,0,0,0,0,0,0,0,0,0,0,0,0,0,0,0,0,0,0,0,0,0,0,0,0,0,0
0,0,0,0,0,0,0,0,0,0,0,0,0,0,0,0,0,0,0,0,0,0,0,0,0,0,0,0,0,0,0,0,0,0,0,0,0,0,0,0,0,0,0,0,0,0,0,0,0,0,0,0,0,0,0,0,0,0,0,0,0,0,0,0,0,0,0,0,0,0,0,0,0,0,0,0,0,0,0,0,0,0,0,0
0,0,0,0,0,0,0,0,0,0,0,0,0,0,0,0,0,0,0,0,0,0,0,0,0,0,0,0,0,0,0,0,0,0,0,0,0,0,0,0,0,0,0,0,0,0,0,0,0,0,0,0,0,0,0,0,0,0,0,0,0,0,0,0,0,0,0,0,0,0,0,0,0,0,0,0,0,0,0,0,0,0,0,0
0,0,0,0,0,0,0,0,0,0,0,0,0,0,0,0,0,0,0,0,0,0,0,0,0,0,0,0,0,0,0,0,0,0,0,0,0,0,0,0,0,0,0,0,0,0,0,0,0,0,0,0,0,0,0,0,0,0,0,0,0,0,0,0,0,0,0,0,0,0,0,0,0,0,0,0,0,0,0,0,0,0,0,0
0,0,0,0,0,0,0,0,0,0,0,0,0,0,0,0,0,0,0,0,0,0,0,0,0,0,0,0,0,0,0,0,0,0,0,0,0,0,0,0,0,0,0,0,0,0,0,0,0,0,0,0,0,0,0,0,0,0,0,0,0,0,0,0,0,0,0,0,0,0,0,0,0,0,0,0,0,0,0,0,0,0,0,0
0,0,0,0,0,0,0,0,0,0,0,0,0,0,0,0,0,0,0,0,0,0,0,0,0,0,0,0,0,0,0,0,0,0,0,0,0,0,0,0,0,0,0,0,0,0,0,0,0,0,0,0,0,0,0,0,0,0,0,0,0,0,0,0,0,0,0,0,0,0,0,0,0,0,0,0,0,0,0,0,0,0,0,0
0,0,0,0,0,0,0,0,0,0,0,0,0,0,0,0,0,0,0,0,0,0,0,0,0,0,0,0,0,0,0,0,0,0,0,0,0,0,0,0,0,0,0,0,0,0,0,0,0,0,0,0,0,0,0,0,0,0,0,0,0,0,0,0,0,0,0,0,0,0,0,0,0,0,0,0,0,0,0,0,0,0,0,0
0,0,0,0,0,0,0,0,0,0,0,0,0,0,0,0,0,0,0,0,0,0,0,0,0,0,0,0,0,0,0,0,0,0,0,0,0,0,0,0,0,0,0,0,0,0,0,0,0,0,0,0,0,0,0,0,0,0,0,0,0,0,0,0,0,0,0,0,0,0,0,0,0,0,0,0,0,0,0,0,0,0,0,0
0,0,0,0,0,0,0,0,0,0,0,0,0,0,0,0,0,0,0,0,0,0,0,0,0,0,0,0,0,0,0,0,0,0,0,0,0,0,0,0,0,0,0,0,0,0,0,0,0,0,0,0,0,0,0,0,0,0,0,0,0,0,0,0,0,0,0,0,0,0,0,0,0,0,0,0,0,0,0,0,0,0,0,0
0,0,0,0,0,0,0,0,0,0,0,0,0,0,0,0,0,0,0,0,0,0,0,0,0,0,0,0,0,0,0,0,0,0,0,0,0,0,0,0,0,0,0,0,0,0,0,0,0,0,0,0,0,0,0,0,0,0,0,0,0,0,0,0,0,0,0,0,0,0,0,0,0,0,0,0,0,0,0,0,0,0,0,0
0,0,0,0,0,0,0,0,0,0,0,0,0,0,0,0,0,0,0,0,0,0,0,0,0,0,0,0,0,0,0,0,0,0,0,0,0,0,0,0,0,0,0,0,0,0,0,0,0,0,0,0,0,0,0,0,0,0,0,0,0,0,0,0,0,0,0,0,0,0,0,0,0,0,0,0,0,0,0,0,0,0,0,0
0,0,0,0,0,0,0,0,0,0,0,0,0,0,0,0,0,0,0,0,0,0,0,0,0,0,0,0,0,0,0,0,0,0,0,0,0,0,0,0,0,0,0,0,0,0,0,0,0,0,0,0,0,0,0,0,0,0,0,0,0,0,0,0,0,0,0,0,0,0,0,0,0,0,0,0,0,0,0,0,0,0,0,0
0,0,0,0,0,0,0,0,0,0,0,0,0,0,0,0,0,0,0,0,0,0,0,0,0,0,0,0,0,0,0,0,0,0,0,0,0,0,0,0,0,0,0,0,0,0,0,0,0,0,0,0,0,0,0,0,0,0,0,0,0,0,0,0,0,0,0,0,0,0,0,0,0,0,0,0,0,0,0,0,0,0,0,0
0,0,0,0,0,0,0,0,0,0,0,0,0,0,0,0,0,0,0,0,0,0,0,0,0,0,0,0,0,0,0,0,0,0,0,0,0,0,0,0,0,0,0,0,0,0,0,0,0,0,0,0,0,0,0,0,0,0,0,0,0,0,0,0,0,0,0,0,0,0,0,0,0,0,0,0,0,0,0,0,0,0,0,0
0,0,0,0,0,0,0,0,0,0,0,0,0,0,0,0,0,0,0,0,0,0,0,0,0,0,0,0,0,0,0,0,0,0,0,0,0,0,0,0,0,0,0,0,0,0,0,0,0,0,0,0,0,0,0,0,0,0,0,0,0,0,0,0,0,0,0,0,0,0,0,0,0,0,0,0,0,0,0,0,0,0,0,0
0,0,0,0,0,0,0,0,0,0,0,0,0,0,0,0,0,0,0,0,0,0,0,0,0,0,0,0,0,0,0,0,0,0,0,0,0,0,0,0,0,0,0,0,0,0,0,0,0,0,0,0,0,0,0,0,0,0,0,0,0,0,0,0,0,0,0,0,0,0,0,0,0,0,0,0,0,0,0,0,0,0,0,0
0,0,0,0,0,0,0,0,0,0,0,0,0,0,0,0,0,0,0,0,0,0,0,0,0,0,0,0,0,0,0,0,0,0,0,0,0,0,0,0,0,0,0,0,0,0,0,0,0,0,0,0,0,0,0,0,0,0,0,0,0,0,0,0,0,0,0,0,0,0,0,0,0,0,0,0,0,0,0,0,0,0,0,0
0,0,0,0,0,0,0,0,0,0,0,0,0,0,0,0,0,0,0,0,0,0,0,0,0,0,0,0,0,0,0,0,0,0,0,0,0,0,0,0,0,0,0,0,0,0,0,0,0,0,0,0,0,0,0,0,0,0,0,0,0,0,0,0,0,0,0,0,0,0,0,0,0,0,0,0,0,0,0,0,0,0,0,0
0,0,0,0,0,0,0,0,0,0,0,0,0,0,0,0,0,0,0,0,0,0,0,0,0,0,0,0,0,0,0,0,0,0,0,0,0,0,0,0,0,0,0,0,0,0,0,0,0,0,0,0,0,0,0,0,0,0,0,0,0,0,0,0,0,0,0,0,0,0,0,0,0,0,0,0,0,0,0,0,0,0,0,0
0,0,0,0,0,0,0,0,0,0,0,0,0,0,0,0,0,0,0,0,0,0,0,0,0,0,0,0,0,0,0,0,0,0,0,0,0,0,0,0,0,0,0,0,0,0,0,0,0,0,0,0,0,0,0,0,0,0,0,0,0,0,0,0,0,0,0,0,0,0,0,0,0,0,0,0,0,0,0,0,0,0,0,0
0,0,0,0,0,0,0,0,0,0,0,0,0,0,0,0,0,0,0,0,0,0,0,0,0,0,0,0,0,0,0,0,0,0,0,0,0,0,0,0,0,0,0,0,0,0,0,0,0,0,0,0,0,0,0,0,0,0,0,0,0,0,0,0,0,0,0,0,0,0,0,0,0,0,0,0,0,0,0,0,0,0,0,0
0,0,0,0,0,0,0,0,0,0,0,0,0,0,0,0,0,0,0,0,0,0,0,0,0,0,0,0,0,0,0,0,0,0,0,0,0,0,0,0,0,0,0,0,0,0,0,0,0,0,0,0,0,0,0,0,0,0,0,0,0,0,0,0,0,0,0,0,0,0,0,0,0,0,0,0,0,0,0,0,0,0,0,0
0,0,0,0,0,0,0,0,0,0,0,0,0,0,0,0,0,0,0,0,0,0,0,0,0,0,0,0,0,0,0,0,0,0,0,0,0,0,0,0,0,0,0,0,0,0,0,0,0,0,0,0,0,0,0,0,0,0,0,0,0,0,0,0,0,0,0,0,0,0,0,0,0,0,0,0,0,0,0,0,0,0,0,0
0,0,0,0,0,0,0,0,0,0,0,0,0,0,0,0,0,0,0,0,0,0,0,0,0,0,0,0,0,0,0,0,0,0,0,0,0,0,0,0,0,0,0,0,0,0,0,0,0,0,0,0,0,0,0,0,0,0,0,0,0,0,0,0,0,0,0,0,0,0,0,0,0,0,0,0,0,0,0,0,0,0,0,0
0,0,0,0,0,0,0,0,0,0,0,0,0,0,0,0,0,0,0,0,0,0,0,0,0,0,0,0,0,0,0,0,0,0,0,0,0,0,0,0,0,0,0,0,0,0,0,0,0,0,0,0,0,0,0,0,0,0,0,0,0,0,0,0,0,0,0,0,0,0,0,0,0,0,0,0,0,0,0,0,0,0,0,0
0,0,0,0,0,0,0,0,0,0,0,0,0,0,0,0,0,0,0,0,0,0,0,0,0,0,0,0,0,0,0,0,0,0,0,0,0,0,0,0,0,0,0,0,0,0,0,0,0,0,0,0,0,0,0,0,0,0,0,0,0,0,0,0,0,0,0,0,0,0,0,0,0,0,0,0,0,0,0,0,0,0,0,0
0,0,0,0,0,0,0,0,0,0,0,0,0,0,0,0,0,0,0,0,0,0,0,0,0,0,0,0,0,0,0,0,0,0,0,0,0,0,0,0,0,0,0,0,0,0,0,0,0,0,0,0,0,0,0,0,0,0,0,0,0,0,0,0,0,0,0,0,0,0,0,0,0,0,0,0,0,0,0,0,0,0,0,0
0,0,0,0,0,0,0,0,0,0,0,0,0,0,0,0,0,0,0,0,0,0,0,0,0,0,0,0,0,0,0,0,0,0,0,0,0,0,0,0,0,0,0,0,0,0,0,0,0,0,0,0,0,0,0,0,0,0,0,0,0,0,0,0,0,0,0,0,0,0,0,0,0,0,0,0,0,0,0,0,0,0,0,0
0,0,0,0,0,0,0,0,0,0,0,0,0,0,0,0,0,0,0,0,0,0,0,0,0,0,0,0,0,0,0,0,0,0,0,0,0,0,0,0,0,0,0,0,0,0,0,0,0,0,0,0,0,0,0,0,0,0,0,0,0,0,0,0,0,0,0,0,0,0,0,0,0,0,0,0,0,0,0,0,0,0,0,0
0,0,0,0,0,0,0,0,0,0,0,0,0,0,0,0,0,0,0,0,0,0,0,0,0,0,0,0,0,0,0,0,0,0,0,0,0,0,0,0,0,0,0,0,0,0,0,0,0,0,0,0,0,0,0,0,0,0,0,0,0,0,0,0,0,0,0,0,0,0,0,0,0,0,0,0,0,0,0,0,0,0,0,0
0,0,0,0,0,0,0,0,0,0,0,0,0,0,0,0,0,0,0,0,0,0,0,0,0,0,0,0,0,0,0,0,0,0,0,0,0,0,0,0,0,0,0,0,0,0,0,0,0,0,0,0,0,0,0,0,0,0,0,0,0,0,0,0,0,0,0,0,0,0,0,0,0,0,0,0,0,0,0,0,0,0,0,0
0,0,0,0,0,0,0,0,0,0,0,0,0,0,0,0,0,0,0,0,0,0,0,0,0,0,0,0,0,0,0,0,0,0,0,0,0,0,0,0,0,0,0,0,0,0,0,0,0,0,0,0,0,0,0,0,0,0,0,0,0,0,0,0,0,0,0,0,0,0,0,0,0,0,0,0,0,0,0,0,0,0,0,0
0,0,0,0,0,0,0,0,0,0,0,0,0,0,0,0,0,0,0,0,0,0,0,0,0,0,0,0,0,0,0,0,0,0,0,0,0,0,0,0,0,0,0,0,0,0,0,0,0,0,0,0,0,0,0,0,0,0,0,0,0,0,0,0,0,0,0,0,0,0,0,0,0,0,0,0,0,0,0,0,0,0,0,0
0,0,0,0,0,0,0,0,0,0,0,0,0,0,0,0,0,0,0,0,0,0,0,0,0,0,0,0,0,0,0,0,0,0,0,0,0,0,0,0,0,0,0,0,0,0,0,0,0,0,0,0,0,0,0,0,0,0,0,0,0,0,0,0,0,0,0,0,0,0,0,0,0,0,0,0,0,0,0,0,0,0,0,0
0,0,0,0,0,0,0,0,0,0,0,0,0,0,0,0,0,0,0,0,0,0,0,0,0,0,0,0,0,0,0,0,0,0,0,0,0,0,0,0,0,0,0,0,0,0,0,0,0,0,0,0,0,0,0,0,0,0,0,0,0,0,0,0,0,0,0,0,0,0,0,0,0,0,0,0,0,0,0,0,0,0,0,0
0,0,0,0,0,0,0,0,0,0,0,0,0,0,0,0,0,0,0,0,0,0,0,0,0,0,0,0,0,0,0,0,0,0,0,0,0,0,0,0,0,0,0,0,0,0,0,0,0,0,0,0,0,0,0,0,0,0,0,0,0,0,0,0,0,0,0,0,0,0,0,0,0,0,0,0,0,0,0,0,0,0,0,0
0,0,0,0,0,0,0,0,0,0,0,0,0,0,0,0,0,0,0,0,0,0,0,0,0,0,0,0,0,0,0,0,0,0,0,0,0,0,0,0,0,0,0,0,0,0,0,0,0,0,0,0,0,0,0,0,0,0,0,0,0,0,0,0,0,0,0,0,0,0,0,0,0,0,0,0,0,0,0,0,0,0,0,0
0,0,0,0,0,0,0,0,0,0,0,0,0,0,0,0,0,0,0,0,0,0,0,0,0,0,0,0,0,0,0,0,0,0,0,0,0,0,0,0,0,0,0,0,0,0,0,0,0,0,0,0,0,0,0,0,0,0,0,0,0,0,0,0,0,0,0,0,0,0,0,0,0,0,0,0,0,0,0,0,0,0,0,0
0,0,0,0,0,0,0,0,0,0,0,0,0,0,0,0,0,0,0,0,0,0,0,0,0,0,0,0,0,0,0,0,0,0,0,0,0,0,0,0,0,0,0,0,0,0,0,0,0,0,0,0,0,0,0,0,0,0,0,0,0,0,0,0,0,0,0,0,0,0,0,0,0,0,0,0,0,0,0,0,0,0,0,0
0,0,0,0,0,0,0,0,0,0,0,0,0,0,0,0,0,0,0,0,0,0,0,0,0,0,0,0,0,0,0,0,0,0,0,0,0,0,0,0,0,0,0,0,0,0,0,0,0,0,0,0,0,0,0,0,0,0,0,0,0,0,0,0,0,0,0,0,0,0,0,0,0,0,0,0,0,0,0,0,0,0,0,0
0,0,0,0,0,0,0,0,0,0,0,0,0,0,0,0,0,0,0,0,0,0,0,0,0,0,0,0,0,0,0,0,0,0,0,0,0,0,0,0,0,0,0,0,0,0,0,0,0,0,0,0,0,0,0,0,0,0,0,0,0,0,0,0,0,0,0,0,0,0,0,0,0,0,0,0,0,0,0,0,0,0,0,0
0,0,0,0,0,0,0,0,0,0,0,0,0,0,0,0,0,0,0,0,0,0,0,0,0,0,0,0,0,0,0,0,0,0,0,0,0,0,0,0,0,0,0,0,0,0,0,0,0,0,0,0,0,0,0,0,0,0,0,0,0,0,0,0,0,0,0,0,0,0,0,0,0,0,0,0,0,0,0,0,0,0,0,0
0,0,0,0,0,0,0,0,0,0,0,0,0,0,0,0,0,0,0,0,0,0,0,0,1.03389,1.15071,1.5559,20.6779,23.0143,31.1179,0,0,0,0,0,0,0,0,413.557,460.285,622.359,0,0,0,0,0,0,0,0,0,0,0,0,0,0,0,0,0,0,0,0,0,0,0,0,0,0,0,0,0,0,0,0,0,0,0,0,0,0,0,0,0,0,0
0,0,0,0,0,0,0,0,0,0,0,0,0,0,0,0,0,0,0,0,0,0,0,0,1.03391,1.15108,1.55572,0.000251465,0.00732422,-0.0034976,0,0,0,0,0,0,0,0,-413.552,-460.139,-622.429,0,0,0,0,0,0,0,0,0,0,0,0,0,0,0,0,0,0,0,0,0,0,0,0,0,0,0,0,0,0,0,0,0,0,0,0,0,0,0,0,0,0,0
0,0,0,0,0,0,0,0,0,0,0,0,0,0,0,0,0,0,0,0,0,0,0,0,1.03391,1.15108,1.55572,0.000251465,0.00732422,-0.0034976,0,0,0,0,0,0,0,0,-413.552,-460.139,-622.429,0,0,0,0,0,0,0,0,0,0,0,0,0,0,0,0,0,0,0,0,0,0,0,0,0,0,0,0,0,0,0,0,0,0,0,0,0,0,0,0,0,0,0
0,0,0,0,0,0,0,0,0,0,0,0,0,0,0,0,0,0,0,0,0,0,0,0,1.0339,1.15109,1.55571,-0.000109863,0.000307617,-0.000324249,0,0,0,0,0,0,0,0,-0.00722656,-0.140332,0.063467,0,0,0,0,0,0,0,0,0,0,0,0,0,0,0,0,0,0,0,0,0,0,0,0,0,0,0,0,0,0,0,0,0,0,0,0,0,0,0,0,0,0,0
0,0,0,0,0,0,0,0,0,0,0,0,0,0,0,0,0,0,0,0,0,0,0,0,1.0339,1.15109,1.5557,-9.76563e-06,-0.000166016,-3.33786e-05,0,0,0,0,0,0,0,0,0.00200195,-0.00947266,0.00581741,0,0,0,0,0,0,0,0,0,0,0,0,0,0,0,0,0,0,0,0,0,0,0,0,0,0,0,0,0,0,0,0,0,0,0,0,0,0,0,0,0,0,0
0,0,0,0,0,0,0,0,0,0,0,0,0,0,0,0,0,0,0,0,0,0,0,0,1.0339,1.15108,1.55572,-4.88281e-06,-7.56836e-05,0.00023365,0,0,0,0,0,0,0,0,9.76563e-05,0.00180664,0.00534058,0,0,0,0,0,0,0,0,0,0,0,0,0,0,0,0,0,0,0,0,0,0,0,0,0,0,0,0,0,0,0,0,0,0,0,0,0,0,0,0,0,0,0
0,0,0,0,0,0,0,0,0,0,0,0,0,0,0,0,0,0,0,0,0,0,0,0,1.0339,1.15109,1.55571,-2.44141e-05,0.000200195,-3.09944e-05,0,0,0,0,0,0,0,0,-0.000390625,0.00551758,-0.00529289,0,0,0,0,0,0,0,0,0,0,0,0,0,0,0,0,0,0,0,0,0,0,0,0,0,0,0,0,0,0,0,0,0,0,0,0,0,0,0,0,0,0,0
0,0,0,0,0,0,0,0,0,0,0,0,0,0,0,0,0,0,0,0,0,0,0,0,1.0339,1.15109,1.55571,-2.44141e-05,0.000200195,-3.09944e-05,0,0,0,0,0,0,0,0,-0.000390625,0.00551758,-0.00529289,0,0,0,0,0,0,0,0,0,0,0,0,0,0,0,0,0,0,0,0,0,0,0,0,0,0,0,0,0,0,0,0,0,0,0,0,0,0,0,0,0,0,0
0,0,0,0,0,0,0,0,0,0,0,0,0,0,0,0,0,0,0,0,0,0,0,0,1.0339,1.15108,1.55573,0.000114746,-0.000197754,0.000236034,0,0,0,0,0,0,0,0,0.0027832,-0.00795898,0.00534058,0,0,0,0,0,0,0,0,0,0,0,0,0,0,0,0,0,0,0,0,0,0,0,0,0,0,0,0,0,0,0,0,0,0,0,0,0,0,0,0,0,0,0
0,0,0,0,0,0,0,0,0,0,0,0,0,0,0,0,0,0,0,0,0,0,0,0,1.0339,1.15109,1.55573,-5.61523e-05,0.000153809,6.4373e-05,0,0,0,0,0,0,0,0,-0.00341797,0.00703125,-0.00343323,0,0,0,0,0,0,0,0,0,0,0,0,0,0,0,0,0,0,0,0,0,0,0,0,0,0,0,0,0,0,0,0,0,0,0,0,0,0,0,0,0,0,0
0,0,0,0,0,0,0,0,0,0,0,0,0,0,0,0,0,0,0,0,0,0,0,0,1.0339,1.15108,1.55574,8.05664e-05,-0.000239258,0.000128746,0,0,0,0,0,0,0,0,0.00273438,-0.00786133,0.00128746,0,0,0,0,0,0,0,0,0,0,0,0,0,0,0,0,0,0,0,0,0,0,0,0,0,0,0,0,0,0,0,0,0,0,0,0,0,0,0,0,0,0,0
0,0,0,0,0,0,0,0,0,0,0,0,0,0,0,0,0,0,0,0,0,0,0,0,1.0339,1.15108,1.55573,-1.70898e-05,9.0332e-05,-0.000216961,0,0,0,0,0,0,0,0,-0.00195312,0.0065918,-0.00691414,0,0,0,0,0,0,0,0,0,0,0,0,0,0,0,0,0,0,0,0,0,0,0,0,0,0,0,0,0,0,0,0,0,0,0,0,0,0,0,0,0,0,0
0,0,0,0,0,0,0,0,0,0,0,0,0,0,0,0,0,0,0,0,0,0,0,0,1.0339,1.15108,1.55573,-1.70898e-05,9.0332e-05,-0.000216961,0,0,0,0,0,0,0,0,-0.00195312,0.0065918,-0.00691414,0,0,0,0,0,0,0,0,0,0,0,0,0,0,0,0,0,0,0,0,0,0,0,0,0,0,0,0,0,0,0,0,0,0,0,0,0,0,0,0,0,0,0
0,0,0,0,0,0,0,0,0,0,0,0,0,0,0,0,0,0,0,0,0,0,0,0,1.0339,1.15109,1.55572,-0.000114746,0.000231934,-0.000154972,0,0,0,0,0,0,0,0,-0.00195313,0.00283203,0.00123978,0,0,0,0,0,0,0,0,0,0,0,0,0,0,0,0,0,0,0,0,0,0,0,0,0,0,0,0,0,0,0,0,0,0,0,0,0,0,0,0,0,0,0
0,0,0,0,0,0,0,0,0,0,0,0,0,0,0,0,0,0,0,0,0,0,0,0,1.0339,1.15109,1.5557,-1.46484e-05,-0.000126953,-0.000426769,0,0,0,0,0,0,0,0,0.00200195,-0.00717773,-0.00543594,0,0,0,0,0,0,0,0,0,0,0,0,0,0,0,0,0,0,0,0,0,0,0,0,0,0,0,0,0,0,0,0,0,0,0,0,0,0,0,0,0,0,0
0,0,0,0,0,0,0,0,0,0,0,0,0,0,0,0,0,0,0,0,0,0,0,0,1.0339,1.15108,1.5557,2.19727e-05,-8.78906e-05,0.000178814,0,0,0,0,0,0,0,0,0.000732422,0.00078125,0.0121117,0,0,0,0,0,0,0,0,0,0,0,0,0,0,0,0,0,0,0,0,0,0,0,0,0,0,0,0,0,0,0,0,0,0,0,0,0,0,0,0,0,0,0
0,0,0,0,0,0,0,0,0,0,0,0,0,0,0,0,0,0,0,0,0,0,0,0,1.03391,1.15108,1.55572,0.000214844,-8.05664e-05,0.000333786,0,0,0,0,0,0,0,0,0.00385742,0.000146484,0.00309944,0,0,0,0,0,0,0,0,0,0,0,0,0,0,0,0,0,0,0,0,0,0,0,0,0,0,0,0,0,0,0,0,0,0,0,0,0,0,0,0,0,0,0
0,0,0,0,0,0,0,0,0,0,0,0,0,0,0,0,0,0,0,0,0,0,0,0,1.03391,1.15108,1.55572,0.000214844,-8.05664e-05,0.000333786,0,0,0,0,0,0,0,0,0.00385742,0.000146484,0.00309944,0,0,0,0,0,0,0,0,0,0,0,0,0,0,0,0,0,0,0,0,0,0,0,0,0,0,0,0,0,0,0,0,0,0,0,0,0,0,0,0,0,0,0
0,0,0,0,0,0,0,0,0,0,0,0,0,0,0,0,0,0,0,0,0,0,0,0,1.0339,1.15109,1.55571,-0.000185547,0.000253906,-0.000305176,0,0,0,0,0,0,0,0,-0.00800781,0.00668945,-0.0127792,0,0,0,0,0,0,0,0,0,0,0,0,0,0,0,0,0,0,0,0,0,0,0,0,0,0,0,0,0,0,0,0,0,0,0,0,0,0,0,0,0,0,0
0,0,0,0,0,0,0,0,0,0,0,0,0,0,0,0,0,0,0,0,0,0,0,0,1.0339,1.15109,1.55571,-7.56836e-05,3.17383e-05,-4.76837e-06,0,0,0,0,0,0,0,0,0.00219727,-0.00444336,0.00600815,0,0,0,0,0,0,0,0,0,0,0,0,0,0,0,0,0,0,0,0,0,0,0,0,0,0,0,0,0,0,0,0,0,0,0,0,0,0,0,0,0,0,0
0,0,0,0,0,0,0,0,0,0,0,0,0,0,0,0,0,0,0,0,0,0,0,0,1.0339,1.15108,1.55573,3.90625e-05,-0.000192871,0.000395775,0,0,0,0,0,0,0,0,0.00229492,-0.00449219,0.00801086,0,0,0,0,0,0,0,0,0,0,0,0,0,0,0,0,0,0,0,0,0,0,0,0,0,0,0,0,0,0,0,0,0,0,0,0,0,0,0,0,0,0,0
0,0,0,0,0,0,0,0,0,0,0,0,0,0,0,0,0,0,0,0,0,0,0,0,1.0339,1.15108,1.55573,3.90625e-05,-0.000192871,0.000395775,0,0,0,0,0,0,0,0,0.00229492,-0.00449219,0.00801086,0,0,0,0,0,0,0,0,0,0,0,0,0,0,0,0,0,0,0,0,0,0,0,0,0,0,0,0,0,0,0,0,0,0,0,0,0,0,0,0,0,0,0
0,0,0,0,0,0,0,0,0,0,0,0,0,0,0,0,0,0,0,0,0,0,0,0,1.0339,1.15108,1.55571,5.12695e-05,-3.66211e-05,-0.000324249,0,0,0,0,0,0,0,0,0.000244141,0.003125,-0.0144005,0,0,0,0,0,0,0,0,0,0,0,0,0,0,0,0,0,0,0,0,0,0,0,0,0,0,0,0,0,0,0,0,0,0,0,0,0,0,0,0,0,0,0
0,0,0,0,0,0,0,0,0,0,0,0,0,0,0,0,0,0,0,0,0,0,0,0,1.03389,1.15109,1.55572,-0.000117187,7.8125e-05,0.000135899,0,0,0,0,0,0,0,0,-0.00336914,0.00229492,0.00920296,0,0,0,0,0,0,0,0,0,0,0,0,0,0,0,0,0,0,0,0,0,0,0,0,0,0,0,0,0,0,0,0,0,0,0,0,0,0,0,0,0,0,0
0,0,0,0,0,0,0,0,0,0,0,0,0,0,0,0,0,0,0,0,0,0,0,0,1.0339,1.15109,1.55572,4.63867e-05,0.00010498,5.00679e-05,0,0,0,0,0,0,0,0,0.00327148,0.000537109,-0.00171661,0,0,0,0,0,0,0,0,0,0,0,0,0,0,0,0,0,0,0,0,0,0,0,0,0,0,0,0,0,0,0,0,0,0,0,0,0,0,0,0,0,0,0
0,0,0,0,0,0,0,0,0,0,0,0,0,0,0,0,0,0,0,0,0,0,0,0,1.03389,1.15109,1.55569,-0.00013916,6.34766e-05,-0.000522137,0,0,0,0,0,0,0,0,-0.00371094,-0.000830078,-0.0114441,0,0,0,0,0,0,0,0,0,0,0,0,0,0,0,0,0,0,0,0,0,0,0,0,0,0,0,0,0,0,0,0,0,0,0,0,0,0,0,0,0,0,0
0,0,0,0,0,0,0,0,0,0,0,0,0,0,0,0,0,0,0,0,0,0,0,0,1.0339,1.15109,1.55571,0.000195312,-4.39453e-05,0.00025034,0,0,0,0,0,0,0,0,0.00668945,-0.00214844,0.0154495,0,0,0,0,0,0,0,0,0,0,0,0,0,0,0,0,0,0,0,0,0,0,0,0,0,0,0,0,0,0,0,0,0,0,0,0,0,0,0,0,0,0,0
0,0,0,0,0,0,0,0,0,0,0,0,0,0,0,0,0,0,0,0,0,0,0,0,1.0339,1.15109,1.55571,0.000195312,-4.39453e-05,0.00025034,0,0,0,0,0,0,0,0,0.00668945,-0.00214844,0.0154495,0,0,0,0,0,0,0,0,0,0,0,0,0,0,0,0,0,0,0,0,0,0,0,0,0,0,0,0,0,0,0,0,0,0,0,0,0,0,0,0,0,0,0
0,0,0,0,0,0,0,0,0,0,0,0,0,0,0,0,0,0,0,0,0,0,0,0,1.03391,1.15107,1.55575,0.000166016,-0.000358887,0.000970364,0,0,0,0,0,0,0,0,-0.000585938,-0.00629883,0.0144005,0,0,0,0,0,0,0,0,0,0,0,0,0,0,0,0,0,0,0,0,0,0,0,0,0,0,0,0,0,0,0,0,0,0,0,0,0,0,0,0,0,0,0
0,0,0,0,0,0,0,0,0,0,0,0,0,0,0,0,0,0,0,0,0,0,0,0,1.03391,1.15108,1.55572,-3.17383e-05,0.000170898,-0.000638962,0,0,0,0,0,0,0,0,-0.00395508,0.0105957,-0.0321865,0,0,0,0,0,0,0,0,0,0,0,0,0,0,0,0,0,0,0,0,0,0,0,0,0,0,0,0,0,0,0,0,0,0,0,0,0,0,0,0,0,0,0
0,0,0,0,0,0,0,0,0,0,0,0,0,0,0,0,0,0,0,0,0,0,0,0,1.03389,1.15109,1.55571,-0.000249023,8.30078e-05,-0.00033617,0,0,0,0,0,0,0,0,-0.0043457,-0.00175781,0.00605583,0,0,0,0,0,0,0,0,0,0,0,0,0,0,0,0,0,0,0,0,0,0,0,0,0,0,0,0,0,0,0,0,0,0,0,0,0,0,0,0,0,0,0
0,0,0,0,0,0,0,0,0,0,0,0,0,0,0,0,0,0,0,0,0,0,0,0,1.0339,1.15109,1.55572,0.000112305,4.15039e-05,0.000352859,0,0,0,0,0,0,0,0,0.00722656,-0.000830078,0.0137806,0,0,0,0,0,0,0,0,0,0,0,0,0,0,0,0,0,0,0,0,0,0,0,0,0,0,0,0,0,0,0,0,0,0,0,0,0,0,0,0,0,0,0
0,0,0,0,0,0,0,0,0,0,0,0,0,0,0,0,0,0,0,0,0,0,0,0,1.0339,1.15109,1.55572,0.000112305,4.15039e-05,0.000352859,0,0,0,0,0,0,0,0,0.00722656,-0.000830078,0.0137806,0,0,0,0,0,0,0,0,0,0,0,0,0,0,0,0,0,0,0,0,0,0,0,0,0,0,0,0,0,0,0,0,0,0,0,0,0,0,0,0,0,0,0
0,0,0,0,0,0,0,0,0,0,0,0,0,0,0,0,0,0,0,0,0,0,0,0,1.0339,1.15109,1.55571,-7.32422e-06,7.56836e-05,-0.000166893,0,0,0,0,0,0,0,0,-0.00239258,0.000683594,-0.0103951,0,0,0,0,0,0,0,0,0,0,0,0,0,0,0,0,0,0,0,0,0,0,0,0,0,0,0,0,0,0,0,0,0,0,0,0,0,0,0,0,0,0,0
0,0,0,0,0,0,0,0,0,0,0,0,0,0,0,0,0,0,0,0,0,0,0,0,1.03391,1.15108,1.55574,0.000151367,-0.000290527,0.000426769,0,0,0,0,0,0,0,0,0.00317383,-0.00732422,0.0118732,0,0,0,0,0,0,0,0,0,0,0,0,0,0,0,0,0,0,0,0,0,0,0,0,0,0,0,0,0,0,0,0,0,0,0,0,0,0,0,0,0,0,0
0,0,0,0,0,0,0,0,0,0,0,0,0,0,0,0,0,0,0,0,0,0,0,0,1.0339,1.15108,1.55573,-0.00012207,3.66211e-05,-5.96046e-05,0,0,0,0,0,0,0,0,-0.00546875,0.00654297,-0.00972748,0,0,0,0,0,0,0,0,0,0,0,0,0,0,0,0,0,0,0,0,0,0,0,0,0,0,0,0,0,0,0,0,0,0,0,0,0,0,0,0,0,0,0
0,0,0,0,0,0,0,0,0,0,0,0,0,0,0,0,0,0,0,0,0,0,0,0,1.0339,1.15109,1.5557,2.44141e-06,0.000222168,-0.000715256,0,0,0,0,0,0,0,0,0.00249023,0.00371094,-0.013113,0,0,0,0,0,0,0,0,0,0,0,0,0,0,0,0,0,0,0,0,0,0,0,0,0,0,0,0,0,0,0,0,0,0,0,0,0,0,0,0,0,0,0
0,0,0,0,0,0,0,0,0,0,0,0,0,0,0,0,0,0,0,0,0,0,0,0,1.0339,1.15109,1.5557,2.44141e-06,0.000222168,-0.000715256,0,0,0,0,0,0,0,0,0.00249023,0.00371094,-0.013113,0,0,0,0,0,0,0,0,0,0,0,0,0,0,0,0,0,0,0,0,0,0,0,0,0,0,0,0,0,0,0,0,0,0,0,0,0,0,0,0,0,0,0
0,0,0,0,0,0,0,0,0,0,0,0,0,0,0,0,0,0,0,0,0,0,0,0,1.0339,1.15108,1.55571,4.15039e-05,-0.000168457,0.000355244,0,0,0,0,0,0,0,0,0.00078125,-0.0078125,0.02141,0,0,0,0,0,0,0,0,0,0,0,0,0,0,0,0,0,0,0,0,0,0,0,0,0,0,0,0,0,0,0,0,0,0,0,0,0,0,0,0,0,0,0
0,0,0,0,0,0,0,0,0,0,0,0,0,0,0,0,0,0,0,0,0,0,0,0,1.0339,1.15108,1.55572,-8.30078e-05,3.17383e-05,0.000174046,0,0,0,0,0,0,0,0,-0.00249023,0.00400391,-0.00362396,0,0,0,0,0,0,0,0,0,0,0,0,0,0,0,0,0,0,0,0,0,0,0,0,0,0,0,0,0,0,0,0,0,0,0,0,0,0,0,0,0,0,0
0,0,0,0,0,0,0,0,0,0,0,0,0,0,0,0,0,0,0,0,0,0,0,0,1.03391,1.15108,1.55572,0.000141602,-2.44141e-06,-0.000162125,0,0,0,0,0,0,0,0,0.00449219,-0.000683594,-0.0067234,0,0,0,0,0,0,0,0,0,0,0,0,0,0,0,0,0,0,0,0,0,0,0,0,0,0,0,0,0,0,0,0,0,0,0,0,0,0,0,0,0,0,0
0,0,0,0,0,0,0,0,0,0,0,0,0,0,0,0,0,0,0,0,0,0,0,0,1.0339,1.1511,1.55571,-0.000117187,0.000310059,-0.000188351,0,0,0,0,0,0,0,0,-0.00517578,0.00625,-0.000524521,0,0,0,0,0,0,0,0,0,0,0,0,0,0,0,0,0,0,0,0,0,0,0,0,0,0,0,0,0,0,0,0,0,0,0,0,0,0,0,0,0,0,0
0,0,0,0,0,0,0,0,0,0,0,0,0,0,0,0,0,0,0,0,0,0,0,0,1.0339,1.1511,1.55571,-0.000117187,0.000310059,-0.000188351,0,0,0,0,0,0,0,0,-0.00517578,0.00625,-0.000524521,0,0,0,0,0,0,0,0,0,0,0,0,0,0,0,0,0,0,0,0,0,0,0,0,0,0,0,0,0,0,0,0,0,0,0,0,0,0,0,0,0,0,0
0,0,0,0,0,0,0,0,0,0,0,0,0,0,0,0,0,0,0,0,0,0,0,0,1.03391,1.15107,1.55575,0.000107422,-0.000537109,0.000934601,0,0,0,0,0,0,0,0,0.00449219,-0.0169434,0.022459,0,0,0,0,0,0,0,0,0,0,0,0,0,0,0,0,0,0,0,0,0,0,0,0,0,0,0,0,0,0,0,0,0,0,0,0,0,0,0,0,0,0,0
0,0,0,0,0,0,0,0,0,0,0,0,0,0,0,0,0,0,0,0,0,0,0,0,1.0339,1.15109,1.55572,-0.00017334,0.000270996,-0.000693798,0,0,0,0,0,0,0,0,-0.00561523,0.0161621,-0.032568,0,0,0,0,0,0,0,0,0,0,0,0,0,0,0,0,0,0,0,0,0,0,0,0,0,0,0,0,0,0,0,0,0,0,0,0,0,0,0,0,0,0,0
0,0,0,0,0,0,0,0,0,0,0,0,0,0,0,0,0,0,0,0,0,0,0,0,1.0339,1.15109,1.5557,3.66211e-05,0.000117187,-0.000340939,0,0,0,0,0,0,0,0,0.00419922,-0.00307617,0.00705719,0,0,0,0,0,0,0,0,0,0,0,0,0,0,0,0,0,0,0,0,0,0,0,0,0,0,0,0,0,0,0,0,0,0,0,0,0,0,0,0,0,0,0
0,0,0,0,0,0,0,0,0,0,0,0,0,0,0,0,0,0,0,0,0,0,0,0,1.0339,1.15109,1.5557,3.66211e-05,0.000117187,-0.000340939,0,0,0,0,0,0,0,0,0.00419922,-0.00307617,0.00705719,0,0,0,0,0,0,0,0,0,0,0,0,0,0,0,0,0,0,0,0,0,0,0,0,0,0,0,0,0,0,0,0,0,0,0,0,0,0,0,0,0,0,0
0,0,0,0,0,0,0,0,0,0,0,0,0,0,0,0,0,0,0,0,0,0,0,0,1.0339,1.15108,1.55571,3.66211e-05,-0.000151367,0.000181198,0,0,0,0,0,0,0,0,0.00419922,-0.00537109,0.0104427,0,0,0,0,0,0,0,0,0,0,0,0,0,0,0,0,0,0,0,0,0,0,0,0,0,0,0,0,0,0,0,0,0,0,0,0,0,0,0,0,0,0,0
0,0,0,0,0,0,0,0,0,0,0,0,0,0,0,0,0,0,0,0,0,0,0,0,1.0339,1.15108,1.55571,5.85937e-05,-8.54492e-05,-2.14577e-05,0,0,0,0,0,0,0,0,0.000439453,0.00131836,-0.00405312,0,0,0,0,0,0,0,0,0,0,0,0,0,0,0,0,0,0,0,0,0,0,0,0,0,0,0,0,0,0,0,0,0,0,0,0,0,0,0,0,0,0,0
0,0,0,0,0,0,0,0,0,0,0,0,0,0,0,0,0,0,0,0,0,0,0,0,1.0339,1.15108,1.55571,-2.19727e-05,-3.41797e-05,9.29832e-05,0,0,0,0,0,0,0,0,-0.00161133,0.00102539,0.00228882,0,0,0,0,0,0,0,0,0,0,0,0,0,0,0,0,0,0,0,0,0,0,0,0,0,0,0,0,0,0,0,0,0,0,0,0,0,0,0,0,0,0,0
0,0,0,0,0,0,0,0,0,0,0,0,0,0,0,0,0,0,0,0,0,0,0,0,1.03391,1.15109,1.55573,0.000109863,0.00015625,0.000267029,0,0,0,0,0,0,0,0,0.00263672,0.00380859,0.00348091,0,0,0,0,0,0,0,0,0,0,0,0,0,0,0,0,0,0,0,0,0,0,0,0,0,0,0,0,0,0,0,0,0,0,0,0,0,0,0,0,0,0,0
0,0,0,0,0,0,0,0,0,0,0,0,0,0,0,0,0,0,0,0,0,0,0,0,1.0339,1.15108,1.55572,-0.000148926,-9.52148e-05,-0.000214577,0,0,0,0,0,0,0,0,-0.00517578,-0.0050293,-0.00963211,0,0,0,0,0,0,0,0,0,0,0,0,0,0,0,0,0,0,0,0,0,0,0,0,0,0,0,0,0,0,0,0,0,0,0,0,0,0,0,0,0,0,0
0,0,0,0,0,0,0,0,0,0,0,0,0,0,0,0,0,0,0,0,0,0,0,0,1.0339,1.15108,1.55572,-0.000148926,-9.52148e-05,-0.000214577,0,0,0,0,0,0,0,0,-0.00517578,-0.0050293,-0.00963211,0,0,0,0,0,0,0,0,0,0,0,0,0,0,0,0,0,0,0,0,0,0,0,0,0,0,0,0,0,0,0,0,0,0,0,0,0,0,0,0,0,0,0
0,0,0,0,0,0,0,0,0,0,0,0,0,0,0,0,0,0,0,0,0,0,0,0,1.03391,1.15109,1.55573,0.000175781,0.000134277,0.000340939,0,0,0,0,0,0,0,0,0.00649414,0.00458984,0.0111103,0,0,0,0,0,0,0,0,0,0,0,0,0,0,0,0,0,0,0,0,0,0,0,0,0,0,0,0,0,0,0,0,0,0,0,0,0,0,0,0,0,0,0
0,0,0,0,0,0,0,0,0,0,0,0,0,0,0,0,0,0,0,0,0,0,0,0,1.0339,1.15109,1.55572,-0.000200195,5.61523e-05,-0.000350475,0,0,0,0,0,0,0,0,-0.00751953,-0.0015625,-0.0138283,0,0,0,0,0,0,0,0,0,0,0,0,0,0,0,0,0,0,0,0,0,0,0,0,0,0,0,0,0,0,0,0,0,0,0,0,0,0,0,0,0,0,0
0,0,0,0,0,0,0,0,0,0,0,0,0,0,0,0,0,0,0,0,0,0,0,0,1.0339,1.15108,1.55572,6.34766e-05,-0.000136719,0.000169277,0,0,0,0,0,0,0,0,0.00527344,-0.00385742,0.0103951,0,0,0,0,0,0,0,0,0,0,0,0,0,0,0,0,0,0,0,0,0,0,0,0,0,0,0,0,0,0,0,0,0,0,0,0,0,0,0,0,0,0,0
0,0,0,0,0,0,0,0,0,0,0,0,0,0,0,0,0,0,0,0,0,0,0,0,1.0339,1.15109,1.55571,-4.39453e-05,2.92969e-05,-0.000286102,0,0,0,0,0,0,0,0,-0.00214844,0.00332031,-0.00910759,0,0,0,0,0,0,0,0,0,0,0,0,0,0,0,0,0,0,0,0,0,0,0,0,0,0,0,0,0,0,0,0,0,0,0,0,0,0,0,0,0,0,0
0,0,0,0,0,0,0,0,0,0,0,0,0,0,0,0,0,0,0,0,0,0,0,0,1.0339,1.15109,1.55571,-4.39453e-05,2.92969e-05,-0.000286102,0,0,0,0,0,0,0,0,-0.00214844,0.00332031,-0.00910759,0,0,0,0,0,0,0,0,0,0,0,0,0,0,0,0,0,0,0,0,0,0,0,0,0,0,0,0,0,0,0,0,0,0,0,0,0,0,0,0,0,0,0
0,0,0,0,0,0,0,0,0,0,0,0,0,0,0,0,0,0,0,0,0,0,0,0,1.0339,1.15109,1.55569,-3.41797e-05,2.68555e-05,-0.000355244,0,0,0,0,0,0,0,0,0.000195313,-4.88281e-05,-0.00138283,0,0,0,0,0,0,0,0,0,0,0,0,0,0,0,0,0,0,0,0,0,0,0,0,0,0,0,0,0,0,0,0,0,0,0,0,0,0,0,0,0,0,0
0,0,0,0,0,0,0,0,0,0,0,0,0,0,0,0,0,0,0,0,0,0,0,0,1.03389,1.15109,1.55569,-0.000129395,0.000146484,7.15256e-06,0,0,0,0,0,0,0,0,-0.0019043,0.00239258,0.00724792,0,0,0,0,0,0,0,0,0,0,0,0,0,0,0,0,0,0,0,0,0,0,0,0,0,0,0,0,0,0,0,0,0,0,0,0,0,0,0,0,0,0,0
0,0,0,0,0,0,0,0,0,0,0,0,0,0,0,0,0,0,0,0,0,0,0,0,1.0339,1.15109,1.55572,0.00015625,-0.00015625,0.000524521,0,0,0,0,0,0,0,0,0.00571289,-0.00605469,0.0103474,0,0,0,0,0,0,0,0,0,0,0,0,0,0,0,0,0,0,0,0,0,0,0,0,0,0,0,0,0,0,0,0,0,0,0,0,0,0,0,0,0,0,0
0,0,0,0,0,0,0,0,0,0,0,0,0,0,0,0,0,0,0,0,0,0,0,0,1.0339,1.15109,1.55572,1.70898e-05,5.61523e-05,1.19209e-05,0,0,0,0,0,0,0,0,-0.0027832,0.00424805,-0.010252,0,0,0,0,0,0,0,0,0,0,0,0,0,0,0,0,0,0,0,0,0,0,0,0,0,0,0,0,0,0,0,0,0,0,0,0,0,0,0,0,0,0,0
0,0,0,0,0,0,0,0,0,0,0,0,0,0,0,0,0,0,0,0,0,0,0,0,1.0339,1.15109,1.55572,1.70898e-05,5.61523e-05,1.19209e-05,0,0,0,0,0,0,0,0,-0.0027832,0.00424805,-0.010252,0,0,0,0,0,0,0,0,0,0,0,0,0,0,0,0,0,0,0,0,0,0,0,0,0,0,0,0,0,0,0,0,0,0,0,0,0,0,0,0,0,0,0
4.16913,0,0,0,2.78969,1.10367,3.10153,55.7938,22.0735,62.0306,0,0,0,0,0,0,0,0,1115.88,441.47,1240.61,0,0,0,1.03391,1.15109,1.55573,0.000129395,-8.78906e-05,0.000143051,0,0,0,0,0,0,0,0,0.00224609,-0.00288086,0.0026226,0,0,0,0,0,0,0,0,0,0,0,0,0,0,0,0,0,0,0,0,0,0,0,0,0,0,0,0,0,0,0,0,0,0,0,0,0,0,0,0,0,0,0
4.23165,0,0,0,2.78969,1.10367,3.1015,4.39453e-05,-8.78906e-05,-0.00064373,0,0,0,0,0,0,0,0,-1115.88,-441.472,-1240.62,0,0,0,1.03389,1.1511,1.55568,-0.000246582,0.000268555,-0.000844002,0,0,0,0,0,0,0,0,-0.00751953,0.00712891,-0.0197411,0,0,0,0,0,0,0,0,0,0,0,0,0,0,0,0,0,0,0,0,0,0,0,0,0,0,0,0,0,0,0,0,0,0,0,0,0,0,0,0,0,0,0
4.29415,0,0,0,2.78969,1.10367,3.1014,-7.8125e-05,-1.70898e-05,-0.00191689,0,0,0,0,0,0,0,0,-0.00244141,0.00141602,-0.0254631,0,0,0,1.03389,1.15108,1.55574,-2.19727e-05,-0.000358887,0.00121117,0,0,0,0,0,0,0,0,0.00449219,-0.0125488,0.0411034,0,0,0,0,0,0,0,0,0,0,0,0,0,0,0,0,0,0,0,0,0,0,0,0,0,0,0,0,0,0,0,0,0,0,0,0,0,0,0,0,0,0,0
4.29415,0,0,0,2.78969,1.10367,3.1014,-7.8125e-05,-1.70898e-05,-0.00191689,0,0,0,0,0,0,0,0,-0.00244141,0.00141602,-0.0254631,0,0,0,1.03389,1.15108,1.55574,-2.19727e-05,-0.000358887,0.00121117,0,0,0,0,0,0,0,0,0.00449219,-0.0125488,0.0411034,0,0,0,0,0,0,0,0,0,0,0,0,0,0,0,0,0,0,0,0,0,0,0,0,0,0,0,0,0,0,0,0,0,0,0,0,0,0,0,0,0,0,0
4.35661,0,0,0,2.78969,1.10367,3.10151,2.92969e-05,5.37109e-05,0.00208855,0,0,0,0,0,0,0,0,0.00214844,0.00141602,0.0801086,0,0,0,1.0339,1.15108,1.55573,0.000227051,5.85937e-05,-0.000302792,0,0,0,0,0,0,0,0,0.00498047,0.00834961,-0.0302792,0,0,0,0,0,0,0,0,0,0,0,0,0,0,0,0,0,0,0,0,0,0,0,0,0,0,0,0,0,0,0,0,0,0,0,0,0,0,0,0,0,0,0
4.41921,0,0,0,2.78969,1.10368,3.10149,-4.88281e-05,0.000180664,-0.000281334,0,0,0,0,0,0,0,0,-0.0015625,0.00253906,-0.0473976,0,0,0,1.0339,1.1511,1.55569,-0.000124512,0.000307617,-0.000782013,0,0,0,0,0,0,0,0,-0.00703125,0.00498047,-0.00958443,0,0,0,0,0,0,0,0,0,0,0,0,0,0,0,0,0,0,0,0,0,0,0,0,0,0,0,0,0,0,0,0,0,0,0,0,0,0,0,0,0,0,0
4.4816,0,0,0,2.78969,1.10366,3.10156,9.76563e-05,-0.000488281,0.00129223,0,0,0,0,0,0,0,0,0.00292969,-0.0133789,0.0314713,0,0,0,1.0339,1.15109,1.55571,9.76563e-06,-0.000256348,0.000429153,0,0,0,0,0,0,0,0,0.00268555,-0.0112793,0.0242233,0,0,0,0,0,0,0,0,0,0,0,0,0,0,0,0,0,0,0,0,0,0,0,0,0,0,0,0,0,0,0,0,0,0,0,0,0,0,0,0,0,0,0
4.54414,0,0,0,2.78968,1.10369,3.1015,-0.000283203,0.000588379,-0.00121593,0,0,0,0,0,0,0,0,-0.00761719,0.0215332,-0.0501633,0,0,0,1.03389,1.15109,1.55571,-9.76562e-05,4.15039e-05,4.05312e-05,0,0,0,0,0,0,0,0,-0.00214844,0.00595703,-0.00777245,0,0,0,0,0,0,0,0,0,0,0,0,0,0,0,0,0,0,0,0,0,0,0,0,0,0,0,0,0,0,0,0,0,0,0,0,0,0,0,0,0,0,0
4.60663,0,0,0,2.78968,1.10368,3.10156,9.76562e-05,-9.76563e-05,0.00133991,0,0,0,0,0,0,0,0,0.00761719,-0.0137207,0.0511169,0,0,0,1.0339,1.15109,1.55572,0.000168457,4.39453e-05,0.000178814,0,0,0,0,0,0,0,0,0.00532227,4.88281e-05,0.00276566,0,0,0,0,0,0,0,0,0,0,0,0,0,0,0,0,0,0,0,0,0,0,0,0,0,0,0,0,0,0,0,0,0,0,0,0,0,0,0,0,0,0,0
4.60663,0,0,0,2.78968,1.10368,3.10156,9.76562e-05,-9.76563e-05,0.00133991,0,0,0,0,0,0,0,0,0.00761719,-0.0137207,0.0511169,0,0,0,1.0339,1.15109,1.55572,0.000168457,4.39453e-05,0.000178814,0,0,0,0,0,0,0,0,0.00532227,4.88281e-05,0.00276566,0,0,0,0,0,0,0,0,0,0,0,0,0,0,0,0,0,0,0,0,0,0,0,0,0,0,0,0,0,0,0,0,0,0,0,0,0,0,0,0,0,0,0
4.66909,0,0,0,2.78969,1.10368,3.10148,4.88281e-05,-7.32422e-06,-0.00173092,0,0,0,0,0,0,0,0,-0.000976562,0.00180664,-0.0614166,0,0,0,1.03389,1.15109,1.55571,-0.00012207,2.68555e-05,-0.000274181,0,0,0,0,0,0,0,0,-0.00581055,-0.000341797,-0.00905991,0,0,0,0,0,0,0,0,0,0,0,0,0,0,0,0,0,0,0,0,0,0,0,0,0,0,0,0,0,0,0,0,0,0,0,0,0,0,0,0,0,0,0
4.73163,0,0,0,2.78969,1.10367,3.1015,0.000126953,-0.000244141,0.000391006,0,0,0,0,0,0,0,0,0.0015625,-0.00473633,0.0424385,0,0,0,1.0339,1.15109,1.55572,7.56836e-05,-0.000131836,0.00030756,0,0,0,0,0,0,0,0,0.00395508,-0.00317383,0.0116348,0,0,0,0,0,0,0,0,0,0,0,0,0,0,0,0,0,0,0,0,0,0,0,0,0,0,0,0,0,0,0,0,0,0,0,0,0,0,0,0,0,0,0
4.79413,0,0,0,2.78968,1.10369,3.10151,-0.000195312,0.000395508,0.000305176,0,0,0,0,0,0,0,0,-0.00644531,0.012793,-0.00171661,0,0,0,1.03389,1.15109,1.55572,-0.00012207,6.83594e-05,-3.8147e-05,0,0,0,0,0,0,0,0,-0.00395508,0.00400391,-0.00691414,0,0,0,0,0,0,0,0,0,0,0,0,0,0,0,0,0,0,0,0,0,0,0,0,0,0,0,0,0,0,0,0,0,0,0,0,0,0,0,0,0,0,0
4.79413,0,0,0,2.78968,1.10369,3.10151,-0.000195312,0.000395508,0.000305176,0,0,0,0,0,0,0,0,-0.00644531,0.012793,-0.00171661,0,0,0,1.03389,1.15109,1.55572,-0.00012207,6.83594e-05,-3.8147e-05,0,0,0,0,0,0,0,0,-0.00395508,0.00400391,-0.00691414,0,0,0,0,0,0,0,0,0,0,0,0,0,0,0,0,0,0,0,0,0,0,0,0,0,0,0,0,0,0,0,0,0,0,0,0,0,0,0,0,0,0,0
4.85658,0,0,0,2.78969,1.10366,3.10154,9.76563e-05,-0.000612793,0.000562668,0,0,0,0,0,0,0,0,0.00585937,-0.020166,0.00514984,0,0,0,1.0339,1.15109,1.55572,0.000144043,3.17383e-05,-4.76837e-05,0,0,0,0,0,0,0,0,0.00532227,-0.000732422,-0.000190735,0,0,0,0,0,0,0,0,0,0,0,0,0,0,0,0,0,0,0,0,0,0,0,0,0,0,0,0,0,0,0,0,0,0,0,0,0,0,0,0,0,0,0
4.91917,0,0,0,2.78969,1.10368,3.1015,1.46484e-05,0.000361328,-0.000777245,0,0,0,0,0,0,0,0,-0.00166016,0.0194824,-0.0267982,0,0,0,1.0339,1.15109,1.55571,-7.32422e-06,2.19727e-05,-0.000202656,0,0,0,0,0,0,0,0,-0.00302734,-0.000195312,-0.00309944,0,0,0,0,0,0,0,0,0,0,0,0,0,0,0,0,0,0,0,0,0,0,0,0,0,0,0,0,0,0,0,0,0,0,0,0,0,0,0,0,0,0,0
4.98164,0,0,0,2.78969,1.10367,3.10155,9.27734e-05,-0.000100098,0.000929832,0,0,0,0,0,0,0,0,0.0015625,-0.00922852,0.0341415,0,0,0,1.03389,1.15109,1.5557,-0.000114746,2.19727e-05,-0.000286102,0,0,0,0,0,0,0,0,-0.00214844,-0.000195312,-0.00166893,0,0,0,0,0,0,0,0,0,0,0,0,0,0,0,0,0,0,0,0,0,0,0,0,0,0,0,0,0,0,0,0,0,0,0,0,0,0,0,0,0,0,0
5.0441,0,0,0,2.78968,1.10368,3.1016,-0.000292969,0.000151367,0.00105858,0,0,0,0,0,0,0,0,-0.00771484,0.0050293,0.00257492,0,0,0,1.0339,1.15109,1.55572,2.92969e-05,-9.52148e-05,0.000422001,0,0,0,0,0,0,0,0,0.00288086,-0.00234375,0.0141621,0,0,0,0,0,0,0,0,0,0,0,0,0,0,0,0,0,0,0,0,0,0,0,0,0,0,0,0,0,0,0,0,0,0,0,0,0,0,0,0,0,0,0
5.1066,0,0,0,2.78968,1.10369,3.10155,5.37109e-05,0.000227051,-0.000891685,0,0,0,0,0,0,0,0,0.00693359,0.00151367,-0.0390053,0,0,0,1.0339,1.15108,1.55573,0.00017334,-0.000148926,0.000293255,0,0,0,0,0,0,0,0,0.00288086,-0.00107422,-0.00257492,0,0,0,0,0,0,0,0,0,0,0,0,0,0,0,0,0,0,0,0,0,0,0,0,0,0,0,0,0,0,0,0,0,0,0,0,0,0,0,0,0,0,0
5.1066,0,0,0,2.78968,1.10369,3.10155,5.37109e-05,0.000227051,-0.000891685,0,0,0,0,0,0,0,0,0.00693359,0.00151367,-0.0390053,0,0,0,1.0339,1.15108,1.55573,0.00017334,-0.000148926,0.000293255,0,0,0,0,0,0,0,0,0.00288086,-0.00107422,-0.00257492,0,0,0,0,0,0,0,0,0,0,0,0,0,0,0,0,0,0,0,0,0,0,0,0,0,0,0,0,0,0,0,0,0,0,0,0,0,0,0,0,0,0,0
5.16906,0,0,0,2.78969,1.10368,3.1015,0.000146484,-0.000283203,-0.00101089,0,0,0,0,0,0,0,0,0.00185547,-0.0102051,-0.00238419,0,0,0,1.0339,1.15108,1.55575,-4.15039e-05,6.83594e-05,0.000338554,0,0,0,0,0,0,0,0,-0.00429687,0.0043457,0.000905991,0,0,0,0,0,0,0,0,0,0,0,0,0,0,0,0,0,0,0,0,0,0,0,0,0,0,0,0,0,0,0,0,0,0,0,0,0,0,0,0,0,0,0
5.23156,0,0,0,2.7897,1.10364,3.10169,0.000219727,-0.000710449,0.00380039,0,0,0,0,0,0,0,0,0.00146484,-0.00854492,0.0962257,0,0,0,1.03389,1.1511,1.55571,-0.000163574,0.000266113,-0.000810623,0,0,0,0,0,0,0,0,-0.00244141,0.00395508,-0.0229836,0,0,0,0,0,0,0,0,0,0,0,0,0,0,0,0,0,0,0,0,0,0,0,0,0,0,0,0,0,0,0,0,0,0,0,0,0,0,0,0,0,0,0
5.29409,0,0,0,2.78968,1.10368,3.10145,-0.000297852,0.000739746,-0.00481129,0,0,0,0,0,0,0,0,-0.0103516,0.0290039,-0.172234,0,0,0,1.0339,1.15109,1.55572,5.85937e-05,-0.000175781,0.000162125,0,0,0,0,0,0,0,0,0.00444336,-0.00883789,0.019455,0,0,0,0,0,0,0,0,0,0,0,0,0,0,0,0,0,0,0,0,0,0,0,0,0,0,0,0,0,0,0,0,0,0,0,0,0,0,0,0,0,0,0
5.35654,0,0,0,2.78969,1.10367,3.10147,0.000170898,-0.000217285,0.000386238,0,0,0,0,0,0,0,0,0.009375,-0.0191406,0.103951,0,0,0,1.0339,1.15109,1.55572,7.8125e-05,-1.2207e-05,3.09944e-05,0,0,0,0,0,0,0,0,0.000390625,0.00327148,-0.0026226,0,0,0,0,0,0,0,0,0,0,0,0,0,0,0,0,0,0,0,0,0,0,0,0,0,0,0,0,0,0,0,0,0,0,0,0,0,0,0,0,0,0,0
5.35654,0,0,0,2.78969,1.10367,3.10147,0.000170898,-0.000217285,0.000386238,0,0,0,0,0,0,0,0,0.009375,-0.0191406,0.103951,0,0,0,1.0339,1.15109,1.55572,7.8125e-05,-1.2207e-05,3.09944e-05,0,0,0,0,0,0,0,0,0.000390625,0.00327148,-0.0026226,0,0,0,0,0,0,0,0,0,0,0,0,0,0,0,0,0,0,0,0,0,0,0,0,0,0,0,0,0,0,0,0,0,0,0,0,0,0,0,0,0,0,0
5.41914,0,0,0,2.78968,1.10367,3.10151,-0.000214844,0.000170898,0.000691414,0,0,0,0,0,0,0,0,-0.00771484,0.00776367,0.00610352,0,0,0,1.03388,1.15108,1.55578,-0.000383301,-5.37109e-05,0.00118732,0,0,0,0,0,0,0,0,-0.00922852,-0.000830078,0.0231266,0,0,0,0,0,0,0,0,0,0,0,0,0,0,0,0,0,0,0,0,0,0,0,0,0,0,0,0,0,0,0,0,0,0,0,0,0,0,0,0,0,0,0
5.48165,0,0,0,2.78969,1.10367,3.10153,0.000209961,-0.000180664,0.000395775,0,0,0,0,0,0,0,0,0.00849609,-0.00703125,-0.00591278,0,0,0,1.03389,1.15109,1.5557,0.000227051,5.12695e-05,-0.00149727,0,0,0,0,0,0,0,0,0.012207,0.00209961,-0.0536919,0,0,0,0,0,0,0,0,0,0,0,0,0,0,0,0,0,0,0,0,0,0,0,0,0,0,0,0,0,0,0,0,0,0,0,0,0,0,0,0,0,0,0
5.54396,0,0,0,2.78968,1.10369,3.10151,-0.00027832,0.000549316,-0.000243187,0,0,0,0,0,0,0,0,-0.00976562,0.0145996,-0.0127792,0,0,0,1.03389,1.15109,1.55569,-9.76563e-06,1.70898e-05,-0.000245571,0,0,0,0,0,0,0,0,-0.00473633,-0.000683594,0.025034,0,0,0,0,0,0,0,0,0,0,0,0,0,0,0,0,0,0,0,0,0,0,0,0,0,0,0,0,0,0,0,0,0,0,0,0,0,0,0,0,0,0,0
5.60664,0,0,0,2.78967,1.10371,3.10149,-0.000136719,0.000239258,-0.000448227,0,0,0,0,0,0,0,0,0.00283203,-0.00620117,-0.0041008,0,0,0,1.0339,1.15109,1.55573,0.000234375,-5.85937e-05,0.000767708,0,0,0,0,0,0,0,0,0.00488281,-0.00151367,0.0202656,0,0,0,0,0,0,0,0,0,0,0,0,0,0,0,0,0,0,0,0,0,0,0,0,0,0,0,0,0,0,0,0,0,0,0,0,0,0,0,0,0,0,0
5.60664,0,0,0,2.78967,1.10371,3.10149,-0.000136719,0.000239258,-0.000448227,0,0,0,0,0,0,0,0,0.00283203,-0.00620117,-0.0041008,0,0,0,1.0339,1.15109,1.55573,0.000234375,-5.85937e-05,0.000767708,0,0,0,0,0,0,0,0,0.00488281,-0.00151367,0.0202656,0,0,0,0,0,0,0,0,0,0,0,0,0,0,0,0,0,0,0,0,0,0,0,0,0,0,0,0,0,0,0,0,0,0,0,0,0,0,0,0,0,0,0
5.66909,0,0,0,2.78969,1.10367,3.10138,0.000458984,-0.000688477,-0.00222683,0,0,0,0,0,0,0,0,0.0119141,-0.0185547,-0.0355721,0,0,0,1.0339,1.15108,1.55571,-0.000163574,-1.70898e-05,-0.000462532,0,0,0,0,0,0,0,0,-0.00795898,0.000830078,-0.0246048,0,0,0,0,0,0,0,0,0,0,0,0,0,0,0,0,0,0,0,0,0,0,0,0,0,0,0,0,0,0,0,0,0,0,0,0,0,0,0,0,0,0,0
5.73158,0,0,0,2.78968,1.10369,3.10146,-0.000195312,0.00043457,0.00157833,0,0,0,0,0,0,0,0,-0.0130859,0.0224609,0.0761032,0,0,0,1.0339,1.15109,1.55572,9.0332e-05,0.000136719,0.000238419,0,0,0,0,0,0,0,0,0.00507812,0.00307617,0.014019,0,0,0,0,0,0,0,0,0,0,0,0,0,0,0,0,0,0,0,0,0,0,0,0,0,0,0,0,0,0,0,0,0,0,0,0,0,0,0,0,0,0,0
5.79406,0,0,0,2.78968,1.10368,3.10149,-0.000126953,-0.000195312,0.000534058,0,0,0,0,0,0,0,0,0.00136719,-0.0125977,-0.0208855,0,0,0,1.0339,1.15108,1.55572,-6.83594e-05,-0.000163574,8.58307e-05,0,0,0,0,0,0,0,0,-0.00317383,-0.00600586,-0.00305176,0,0,0,0,0,0,0,0,0,0,0,0,0,0,0,0,0,0,0,0,0,0,0,0,0,0,0,0,0,0,0,0,0,0,0,0,0,0,0,0,0,0,0
5.85651,0,0,0,2.78969,1.10368,3.10149,0.000205078,-8.30078e-05,7.62939e-05,0,0,0,0,0,0,0,0,0.00664062,0.00224609,-0.00915527,0,0,0,1.0339,1.15109,1.55571,0.000100098,0.000151367,-0.000267029,0,0,0,0,0,0,0,0,0.00336914,0.00629883,-0.00705719,0,0,0,0,0,0,0,0,0,0,0,0,0,0,0,0,0,0,0,0,0,0,0,0,0,0,0,0,0,0,0,0,0,0,0,0,0,0,0,0,0,0,0
5.85651,0,0,0,2.78969,1.10368,3.10149,0.000205078,-8.30078e-05,7.62939e-05,0,0,0,0,0,0,0,0,0.00664062,0.00224609,-0.00915527,0,0,0,1.0339,1.15109,1.55571,0.000100098,0.000151367,-0.000267029,0,0,0,0,0,0,0,0,0.00336914,0.00629883,-0.00705719,0,0,0,0,0,0,0,0,0,0,0,0,0,0,0,0,0,0,0,0,0,0,0,0,0,0,0,0,0,0,0,0,0,0,0,0,0,0,0,0,0,0,0
5.91903,0,0,0,2.78969,1.10368,3.10152,1.46484e-05,7.56836e-05,0.00058651,0,0,0,0,0,0,0,0,-0.00380859,0.00317383,0.0102043,0,0,0,1.03389,1.15109,1.55571,-0.000222168,2.44141e-06,-3.33786e-05,0,0,0,0,0,0,0,0,-0.00644531,-0.00297852,0.004673,0,0,0,0,0,0,0,0,0,0,0,0,0,0,0,0,0,0,0,0,0,0,0,0,0,0,0,0,0,0,0,0,0,0,0,0,0,0,0,0,0,0,0
5.98153,0,0,0,2.7897,1.10367,3.10145,0.000195312,-0.000183105,-0.00148773,0,0,0,0,0,0,0,0,0.00361328,-0.00517578,-0.0414848,0,0,0,1.03389,1.15108,1.55577,-1.46484e-05,-0.00012207,0.00131369,0,0,0,0,0,0,0,0,0.00415039,-0.00249023,0.0269413,0,0,0,0,0,0,0,0,0,0,0,0,0,0,0,0,0,0,0,0,0,0,0,0,0,0,0,0,0,0,0,0,0,0,0,0,0,0,0,0,0,0,0
6.04403,0,0,0,2.78968,1.10368,3.10146,-0.000302734,5.12695e-05,0.000200272,0,0,0,0,0,0,0,0,-0.00996094,0.0046875,0.0337601,0,0,0,1.0339,1.15109,1.55571,0.000114746,9.52148e-05,-0.00118256,0,0,0,0,0,0,0,0,0.00258789,0.0043457,-0.0499249,0,0,0,0,0,0,0,0,0,0,0,0,0,0,0,0,0,0,0,0,0,0,0,0,0,0,0,0,0,0,0,0,0,0,0,0,0,0,0,0,0,0,0
6.04403,0,0,0,2.78968,1.10368,3.10146,-0.000302734,5.12695e-05,0.000200272,0,0,0,0,0,0,0,0,-0.00996094,0.0046875,0.0337601,0,0,0,1.0339,1.15109,1.55571,0.000114746,9.52148e-05,-0.00118256,0,0,0,0,0,0,0,0,0.00258789,0.0043457,-0.0499249,0,0,0,0,0,0,0,0,0,0,0,0,0,0,0,0,0,0,0,0,0,0,0,0,0,0,0,0,0,0,0,0,0,0,0,0,0,0,0,0,0,0,0
6.10656,0,0,0,2.78968,1.10367,3.10155,9.76563e-06,-9.52148e-05,0.00198364,0,0,0,0,0,0,0,0,0.00625,-0.00292969,0.0356674,0,0,0,1.0339,1.15109,1.55573,0.000129395,-6.34766e-05,0.000269413,0,0,0,0,0,0,0,0,0.000292969,-0.00317383,0.0290394,0,0,0,0,0,0,0,0,0,0,0,0,0,0,0,0,0,0,0,0,0,0,0,0,0,0,0,0,0,0,0,0,0,0,0,0,0,0,0,0,0,0,0
6.16905,0,0,0,2.78969,1.10368,3.10155,3.41797e-05,0.000239258,-5.24521e-05,0,0,0,0,0,0,0,0,0.000488281,0.00668945,-0.0407219,0,0,0,1.0339,1.15109,1.55572,2.44141e-05,-2.19727e-05,-5.24521e-05,0,0,0,0,0,0,0,0,-0.00209961,0.000830078,-0.0064373,0,0,0,0,0,0,0,0,0,0,0,0,0,0,0,0,0,0,0,0,0,0,0,0,0,0,0,0,0,0,0,0,0,0,0,0,0,0,0,0,0,0,0
6.23149,0,0,0,2.78969,1.10367,3.10143,0.000166016,-0.000292969,-0.00250816,0,0,0,0,0,0,0,0,0.00263672,-0.0106445,-0.0491142,0,0,0,1.0339,1.15109,1.5557,-0.00012207,5.37109e-05,-0.000441074,0,0,0,0,0,0,0,0,-0.00292969,0.00151367,-0.00777245,0,0,0,0,0,0,0,0,0,0,0,0,0,0,0,0,0,0,0,0,0,0,0,0,0,0,0,0,0,0,0,0,0,0,0,0,0,0,0,0,0,0,0
6.29402,0,0,0,2.78969,1.10369,3.10148,-0.000185547,0.000412598,0.00112057,0,0,0,0,0,0,0,0,-0.00703125,0.0141113,0.0725746,0,0,0,1.03389,1.15108,1.55576,-0.000136719,-6.83594e-05,0.0011158,0,0,0,0,0,0,0,0,-0.000292969,-0.00244141,0.0311375,0,0,0,0,0,0,0,0,0,0,0,0,0,0,0,0,0,0,0,0,0,0,0,0,0,0,0,0,0,0,0,0,0,0,0,0,0,0,0,0,0,0,0
6.29402,0,0,0,2.78969,1.10369,3.10148,-0.000185547,0.000412598,0.00112057,0,0,0,0,0,0,0,0,-0.00703125,0.0141113,0.0725746,0,0,0,1.03389,1.15108,1.55576,-0.000136719,-6.83594e-05,0.0011158,0,0,0,0,0,0,0,0,-0.000292969,-0.00244141,0.0311375,0,0,0,0,0,0,0,0,0,0,0,0,0,0,0,0,0,0,0,0,0,0,0,0,0,0,0,0,0,0,0,0,0,0,0,0,0,0,0,0,0,0,0
6.35652,0,0,0,2.78968,1.10367,3.10153,-1.46484e-05,-0.000332031,0.000934601,0,0,0,0,0,0,0,0,0.00341797,-0.0148926,-0.00371933,0,0,0,1.0339,1.15109,1.55571,9.27734e-05,9.27734e-05,-0.000939369,0,0,0,0,0,0,0,0,0.00458984,0.00322266,-0.0411034,0,0,0,0,0,0,0,0,0,0,0,0,0,0,0,0,0,0,0,0,0,0,0,0,0,0,0,0,0,0,0,0,0,0,0,0,0,0,0,0,0,0,0
6.41899,0,0,0,2.7897,1.10366,3.10141,0.000297852,-0.00020752,-0.0024271,0,0,0,0,0,0,0,0,0.00625,0.00249023,-0.067234,0,0,0,1.0339,1.15109,1.55571,3.90625e-05,4.88281e-05,-7.86781e-05,0,0,0,0,0,0,0,0,-0.00107422,-0.000878906,0.0172138,0,0,0,0,0,0,0,0,0,0,0,0,0,0,0,0,0,0,0,0,0,0,0,0,0,0,0,0,0,0,0,0,0,0,0,0,0,0,0,0,0,0,0
6.48152,0,0,0,2.78969,1.10366,3.10151,-0.000136719,5.61523e-05,0.00201702,0,0,0,0,0,0,0,0,-0.00869141,0.00527344,0.0888824,0,0,0,1.0339,1.15108,1.55572,2.92969e-05,-0.000246582,0.00036478,0,0,0,0,0,0,0,0,-0.000195312,-0.0059082,0.00886917,0,0,0,0,0,0,0,0,0,0,0,0,0,0,0,0,0,0,0,0,0,0,0,0,0,0,0,0,0,0,0,0,0,0,0,0,0,0,0,0,0,0,0
6.54403,0,0,0,2.78967,1.1037,3.1015,-0.000351563,0.000668945,-0.000157356,0,0,0,0,0,0,0,0,-0.00429687,0.0122559,-0.0434875,0,0,0,1.0339,1.15109,1.55572,-2.92969e-05,0.000231934,-0.000138283,0,0,0,0,0,0,0,0,-0.00117188,0.00957031,-0.0100613,0,0,0,0,0,0,0,0,0,0,0,0,0,0,0,0,0,0,0,0,0,0,0,0,0,0,0,0,0,0,0,0,0,0,0,0,0,0,0,0,0,0,0
6.60656,0,0,0,2.78968,1.10368,3.10155,0.000136719,-0.00027832,0.000934601,0,0,0,0,0,0,0,0,0.00976563,-0.0189453,0.0218391,0,0,0,1.03389,1.15109,1.55569,-8.05664e-05,2.68555e-05,-0.000498295,0,0,0,0,0,0,0,0,-0.00102539,-0.00410156,-0.00720024,0,0,0,0,0,0,0,0,0,0,0,0,0,0,0,0,0,0,0,0,0,0,0,0,0,0,0,0,0,0,0,0,0,0,0,0,0,0,0,0,0,0,0
6.60656,0,0,0,2.78968,1.10368,3.10155,0.000136719,-0.00027832,0.000934601,0,0,0,0,0,0,0,0,0.00976563,-0.0189453,0.0218391,0,0,0,1.03389,1.15109,1.55569,-8.05664e-05,2.68555e-05,-0.000498295,0,0,0,0,0,0,0,0,-0.00102539,-0.00410156,-0.00720024,0,0,0,0,0,0,0,0,0,0,0,0,0,0,0,0,0,0,0,0,0,0,0,0,0,0,0,0,0,0,0,0,0,0,0,0,0,0,0,0,0,0,0
6.66902,0,0,0,2.78968,1.1037,3.10145,3.90625e-05,0.000236816,-0.00202656,0,0,0,0,0,0,0,0,-0.00195313,0.0103027,-0.0592232,0,0,0,1.03389,1.15109,1.55572,3.41797e-05,-0.000100098,0.000600815,0,0,0,0,0,0,0,0,0.00229492,-0.00253906,0.0219822,0,0,0,0,0,0,0,0,0,0,0,0,0,0,0,0,0,0,0,0,0,0,0,0,0,0,0,0,0,0,0,0,0,0,0,0,0,0,0,0,0,0,0
6.73149,0,0,0,2.7897,1.10367,3.10143,0.000390625,-0.000512695,-0.00023365,0,0,0,0,0,0,0,0,0.00703125,-0.0149902,0.0358582,0,0,0,1.0339,1.15109,1.55571,0.000119629,9.76563e-06,-0.000214577,0,0,0,0,0,0,0,0,0.00170898,0.00219727,-0.0163078,0,0,0,0,0,0,0,0,0,0,0,0,0,0,0,0,0,0,0,0,0,0,0,0,0,0,0,0,0,0,0,0,0,0,0,0,0,0,0,0,0,0,0
6.79399,0,0,0,2.78969,1.10367,3.10147,-0.000292969,6.5918e-05,0.000748634,0,0,0,0,0,0,0,0,-0.0136719,0.0115723,0.0196457,0,0,0,1.03389,1.15109,1.5557,-0.000197754,-3.66211e-05,-0.000183582,0,0,0,0,0,0,0,0,-0.00634766,-0.000927734,0.000619888,0,0,0,0,0,0,0,0,0,0,0,0,0,0,0,0,0,0,0,0,0,0,0,0,0,0,0,0,0,0,0,0,0,0,0,0,0,0,0,0,0,0,0
6.8565,0,0,0,2.78969,1.10368,3.10148,8.78906e-05,6.83594e-05,0.000224113,0,0,0,0,0,0,0,0,0.00761719,4.88281e-05,-0.0104904,0,0,0,1.0339,1.15108,1.55574,0.000266113,-0.000114746,0.000650883,0,0,0,0,0,0,0,0,0.00927734,-0.0015625,0.0166893,0,0,0,0,0,0,0,0,0,0,0,0,0,0,0,0,0,0,0,0,0,0,0,0,0,0,0,0,0,0,0,0,0,0,0,0,0,0,0,0,0,0,0
6.8565,0,0,0,2.78969,1.10368,3.10148,8.78906e-05,6.83594e-05,0.000224113,0,0,0,0,0,0,0,0,0.00761719,4.88281e-05,-0.0104904,0,0,0,1.0339,1.15108,1.55574,0.000266113,-0.000114746,0.000650883,0,0,0,0,0,0,0,0,0.00927734,-0.0015625,0.0166893,0,0,0,0,0,0,0,0,0,0,0,0,0,0,0,0,0,0,0,0,0,0,0,0,0,0,0,0,0,0,0,0,0,0,0,0,0,0,0,0,0,0,0
6.91896,0,0,0,2.78968,1.10367,3.10151,-0.000195313,-5.61523e-05,0.000481606,0,0,0,0,0,0,0,0,-0.00566406,-0.00249023,0.00514984,0,0,0,1.03389,1.15108,1.5557,-0.000219727,9.76562e-05,-0.000622272,0,0,0,0,0,0,0,0,-0.0097168,0.00424805,-0.0254631,0,0,0,0,0,0,0,0,0,0,0,0,0,0,0,0,0,0,0,0,0,0,0,0,0,0,0,0,0,0,0,0,0,0,0,0,0,0,0,0,0,0,0
6.98147,0,0,0,2.7897,1.10366,3.1015,0.000244141,-0.000231934,-6.67572e-05,0,0,0,0,0,0,0,0,0.00878906,-0.00351563,-0.0109673,0,0,0,1.0339,1.15109,1.55572,9.76563e-05,3.90625e-05,0.000300407,0,0,0,0,0,0,0,0,0.00634766,-0.00117187,0.0184536,0,0,0,0,0,0,0,0,0,0,0,0,0,0,0,0,0,0,0,0,0,0,0,0,0,0,0,0,0,0,0,0,0,0,0,0,0,0,0,0,0,0,0
7.04399,0,0,0,2.78969,1.10368,3.10156,-0.000185547,0.000270996,0.00106812,0,0,0,0,0,0,0,0,-0.00859375,0.0100586,0.0226974,0,0,0,1.0339,1.15109,1.55571,-4.39453e-05,1.95312e-05,-0.000145435,0,0,0,0,0,0,0,0,-0.00283203,-0.000390625,-0.00891685,0,0,0,0,0,0,0,0,0,0,0,0,0,0,0,0,0,0,0,0,0,0,0,0,0,0,0,0,0,0,0,0,0,0,0,0,0,0,0,0,0,0,0
