0,0,0,0,0,0,0,0,0,0,0,0,0,0,0,0,0,0,0,0,0,0,0,0,0,0,0,0,0,0,0,0,0,0,0,0,0,0,0,0,0,0,0,0,0,0,0,0,0,0,0,0,0,0,0,0,0,0,0,0,0,0,0,0,0,0,0,0,0,0,0,0,0,0,0,0,0,0,0,0
0,0,0,0,0,0,0,0,0,0,0.0155289,0.0728162,0.0292309,-0.000321514,-0.00759942,9.33296,-0.000321514,-0.00759942,0,0,0,0,0,0,0,0,0,0,0,0,0,0,0,0,0,0,0,0,0,0,0,0,0,0,0,0,0,0,0,0,-0.00258815,-0.012136,-0.00487181,0,0,0,-0.00024359,0,0,0,0,0,0,0,0,0,0,0,0,0,0,0,0,0,0,0,0,0,0,0
0,0,0,0,0,0,0,0,0,0,0.0160627,0.072934,0.0291005,-0.00111068,-0.0304561,7.90164,-0.00111068,-0.0304561,0,0,0,0,0,0,0,0,0,0,0,0,0,0,0,0,0,0,0,0,0,0,0,0,0,0,0,0,0,0,0,0,-0.00526329,-0.0242938,-0.00972187,0,0,0,-0.000729684,0,0,0,0,0,0,0,-3.14159,-3.14159,-3.14159,0,0,0,0,0,0,0,0,0,0,0,0,0
0,0,0,0,0,0,0,0,0,0,0.0166029,0.0745888,0.0277943,-0.00126012,-0.0589069,6.07498,-0.00126012,-0.0589069,0,0,0,0,0,0,0,0,0,0,0,0,0,0,0,0,0,0,0,0,0,0,0,0,0,0,0,0,0,0,0,0,-0.00802544,-0.0367343,-0.0143544,0,0,0,-0.00144741,0,0,0,0,0,0,0,-3.14159,-3.14159,-3.14159,0,0,0,0,0,0,0,0,0,0,0,0,0
0,0,0,0,0,0,0,0,0,0,0.0151816,0.0744006,0.0281863,-0.000277093,-0.0845354,4.41252,-0.000277093,-0.0845354,0,0,0,0,0,0,0,0,0,0,0,0,0,0,0,0,0,0,0,0,0,0,0,0,0,0,0,0,0,0,0,0,-0.0105483,-0.0491531,-0.0190523,0,0,0,-0.00240002,0,0,0,0,0,0,0,-3.14159,-3.14159,-3.14159,0,0,0,0,0,0,0,0,0,0,0,0,0
0,0,0,0,0,0,0,0,0,0,0.0183269,0.0736888,0.028968,0.000245431,-0.110169,2.81806,0.000245431,-0.110169,0,0,0,0,0,0,0,0,0,0,0,0,0,0,0,0,0,0,0,0,0,0,0,0,0,0,0,0,0,0,0,0,-0.0135932,-0.0614631,-0.0238806,0,0,0,-0.00359405,0,0,0,0,0,0,0,-3.14159,-3.14159,-3.14159,0,0,0,0,0,0,0,0,0,0,0,0,0
0,0,0,0,0,0,0,0,0,0,0.0162514,0.0710171,0.028315,-0.000595486,-0.136257,1.19534,-0.000595486,-0.136257,0,0,0,0,0,0,0,0,0,0,0,0,0,0,0,0,0,0,0,0,0,0,0,0,0,0,0,0,0,0,0,0,-0.0162901,-0.0733381,-0.0286001,0,0,0,-0.00502405,0,0,0,0,0,0,0,-3.14159,-3.14159,-3.14159,0,0,0,0,0,0,0,0,0,0,0,0,0
0,0,0,0,0,0,0,0,0,0,0.0158716,0.0732945,0.0298801,-0.00118202,-0.154306,0.0386948,-0.00118202,-0.154306,0,0,0,0,0,0,0,0,0,0,0,0,0,0,0,0,0,0,0,0,0,0,0,0,0,0,0,0,0,0,0,0,-0.0163336,-0.0734686,-0.0287089,0,0,0,-0.0064595,0,0,0,0,0,0,0,-3.14159,-3.14159,-3.14159,0,0,0,0,0,0,0,0,0,0,0,0,0
0,0,0,0,0,0,0,0,0,0,0.0157518,0.0722975,0.0271404,-7.3202e-05,-0.156231,-0.158556,-7.3202e-05,-0.156231,0,0,0,0,0,0,0,0,0,0,0,0,0,0,0,0,0,0,0,0,0,0,0,0,0,0,0,0,0,0,0,0,-0.0162684,-0.0734251,-0.0283826,0,0,0,-0.00787863,0,0,0,0,0,0,0,-3.14159,-3.14159,-3.14159,0,0,0,0,0,0,0,0,0,0,0,0,0
0,0,0,0,0,0,0,0,0,0,0.0162771,0.0737731,0.0298811,0.00128426,-0.152082,0.040682,0.00128426,-0.152082,0,0,0,0,0,0,0,0,0,0,0,0,0,0,0,0,0,0,0,0,0,0,0,0,0,0,0,0,0,0,0,0,-0.0162031,-0.0733599,-0.0287306,0,0,0,-0.00931516,0,0,0,0,0,0,0,-3.14159,-3.14159,-3.14159,0,0,0,0,0,0,0,0,0,0,0,0,0
0,0,0,0,0,0,0,0,0,0,0.0178431,0.0726298,0.0280529,0.00124016,-0.151431,0.0742911,0.00124016,-0.151431,0,0,0,0,0,0,0,0,0,0,0,0,0,0,0,0,0,0,0,0,0,0,0,0,0,0,0,0,0,0,0,0,-0.0166381,-0.0731424,-0.0287089,0,0,0,-0.0107506,0,0,0,0,0,0,0,-3.14159,-3.14159,-3.14159,0,0,0,0,0,0,0,0,0,0,0,0,0
0,0,0,0,0,0,0,0,0,0,0.015232,0.0720021,0.0283131,0.000948798,-0.151149,0.0399611,0.000948798,-0.151149,0,0,0,0,0,0,0,0,0,0,0,0,0,0,0,0,0,0,0,0,0,0,0,0,0,0,0,0,0,0,0,0,-0.0161161,-0.0729466,-0.0286001,0,0,0,-0.0121806,0,0,0,0,0,0,0,-3.14159,-3.14159,-3.14159,0,0,0,0,0,0,0,0,0,0,0,0,0
0,0,0,0,0,0,0,0,0,0,0.0126205,0.0713669,0.0276588,0.00171631,-0.150179,0.0345454,0.00171631,-0.150179,0,0,0,0,0,0,0,0,0,0,0,0,0,0,0,0,0,0,0,0,0,0,0,0,0,0,0,0,0,0,0,0,-0.0155071,-0.0730989,-0.0284914,0,0,0,-0.0136052,0,0,0,0,0,0,0,-3.14159,-3.14159,-3.14159,0,0,0,0,0,0,0,0,0,0,0,0,0
0,0,0,0,0,0,0,0,0,0,0.0149663,0.0728111,0.0276575,0.00235087,-0.149409,0.0401725,0.00235087,-0.149409,0,0,0,0,0,0,0,0,0,0,0,0,0,0,0,0,0,0,0,0,0,0,0,0,0,0,0,0,0,0,0,0,-0.0153549,-0.0731206,-0.0281216,0,0,0,-0.0150113,0,0,0,0,0,0,0,-3.14159,-3.14159,-3.14159,0,0,0,0,0,0,0,0,0,0,0,0,0
0,0,0,0,0,0,0,0,0,0,0.0150919,0.0734638,0.0283095,0.00160538,-0.149926,0.0410724,0.00160538,-0.149926,0,0,0,0,0,0,0,0,0,0,0,0,0,0,0,0,0,0,0,0,0,0,0,0,0,0,0,0,0,0,0,0,-0.0152462,-0.0734251,-0.0283174,0,0,0,-0.0164271,0,0,0,0,0,0,0,-3.14159,-3.14159,-3.14159,0,0,0,0,0,0,0,0,0,0,0,0,0
0,0,0,0,0,0,0,0,0,0,0.0166528,0.07202,0.0281776,0.000239683,-0.15152,0.0409546,0.000239683,-0.15152,0,0,0,0,0,0,0,0,0,0,0,0,0,0,0,0,0,0,0,0,0,0,0,0,0,0,0,0,0,0,0,0,-0.0153114,-0.0732511,-0.0280347,0,0,0,-0.0178289,0,0,0,0,0,0,0,-3.14159,-3.14159,-3.14159,0,0,0,0,0,0,0,0,0,0,0,0,0
0,0,0,0,0,0,0,0,0,0,0.0159908,0.0725284,0.0301346,-0.000509269,-0.152629,0.0415601,-0.000509269,-0.152629,0,0,0,0,0,0,0,0,0,0,0,0,0,0,0,0,0,0,0,0,0,0,0,0,0,0,0,0,0,0,0,0,-0.0150069,-0.0733599,-0.0283826,0,0,0,-0.019248,0,0,0,0,0,0,0,-3.14159,-3.14159,-3.14159,0,0,0,0,0,0,0,0,0,0,0,0,0
0,0,0,0,0,0,0,0,0,0,0.0170214,0.0739431,0.0286969,-0.000450323,-0.152824,0.0414342,-0.000450323,-0.152824,0,0,0,0,0,0,0,0,0,0,0,0,0,0,0,0,0,0,0,0,0,0,0,0,0,0,0,0,0,0,0,0,-0.0153114,-0.0738166,-0.0284479,0,0,0,-0.0206704,0,0,0,0,0,0,0,-3.14159,-3.14159,-3.14159,0,0,0,0,0,0,0,0,0,0,0,0,0
0,0,0,0,0,0,0,0,0,0,0.0153092,0.0714337,0.0303918,0.000116605,-0.152107,0.0404242,0.000116605,-0.152107,0,0,0,0,0,0,0,0,0,0,0,0,0,0,0,0,0,0,0,0,0,0,0,0,0,0,0,0,0,0,0,0,-0.0157681,-0.0739689,-0.0289046,0,0,0,-0.0221156,0,0,0,0,0,0,0,-3.14159,-3.14159,-3.14159,0,0,0,0,0,0,0,0,0,0,0,0,0
0,0,0,0,0,0,0,0,0,0,0.0164663,0.0716542,0.0290864,0.00127563,-0.151723,0.0400951,0.00127563,-0.151723,0,0,0,0,0,0,0,0,0,0,0,0,0,0,0,0,0,0,0,0,0,0,0,0,0,0,0,0,0,0,0,0,-0.0160291,-0.0739254,-0.0291439,0,0,0,-0.0235728,0,0,0,0,0,0,0,-3.14159,-3.14159,-3.14159,0,0,0,0,0,0,0,0,0,0,0,0,0
0,0,0,0,0,0,0,0,0,0,0.016186,0.0721283,0.0275189,0.00237673,-0.152197,0.0401222,0.00237673,-0.152197,0,0,0,0,0,0,0,0,0,0,0,0,0,0,0,0,0,0,0,0,0,0,0,0,0,0,0,0,0,0,0,0,-0.0162249,-0.0738601,-0.0290134,0,0,0,-0.0250235,0,0,0,0,0,0,0,-3.14159,-3.14159,-3.14159,0,0,0,0,0,0,0,0,0,0,0,0,0
0,0,0,0,0,0,0,0,0,0,0.0165555,0.071033,0.0290818,0.00247016,-0.15235,0.0394188,0.00247016,-0.15235,0,0,0,0,0,0,0,0,0,0,0,0,0,0,0,0,0,0,0,0,0,0,0,0,0,0,0,0,0,0,0,0,-0.0162249,-0.0738601,-0.0291656,0,0,0,-0.0264818,0,0,0,0,0,0,0,-3.14159,-3.14159,-3.14159,0,0,0,0,0,0,0,0,0,0,0,0,0
0,0,0,0,0,0,0,0,0,0,0.0160109,0.0707129,0.0294702,0.00216433,-0.151918,0.0392095,0.00216433,-0.151918,0,0,0,0,0,0,0,0,0,0,0,0,0,0,0,0,0,0,0,0,0,0,0,0,0,0,0,0,0,0,0,0,-0.0162466,-0.0737296,-0.0290569,0,0,0,-0.0279346,0,0,0,0,0,0,0,-3.14159,-3.14159,-3.14159,0,0,0,0,0,0,0,0,0,0,0,0,0
0,0,0,0,0,0,0,0,0,0,0.0178129,0.0711672,0.0293372,0.00200216,-0.151775,0.0400902,0.00200216,-0.151775,0,0,0,0,0,0,0,0,0,0,0,0,0,0,0,0,0,0,0,0,0,0,0,0,0,0,0,0,0,0,0,0,-0.0163989,-0.0734469,-0.0291656,0,0,0,-0.0293929,0,0,0,0,0,0,0,-3.14159,-3.14159,-3.14159,0,0,0,0,0,0,0,0,0,0,0,0,0
0,0,0,0,0,0,0,0,0,0,0.0150445,0.0692652,0.0281605,0.00138237,-0.152054,0.0404768,0.00138237,-0.152054,0,0,0,0,0,0,0,0,0,0,0,0,0,0,0,0,0,0,0,0,0,0,0,0,0,0,0,0,0,0,0,0,-0.0163771,-0.0732729,-0.0287959,0,0,0,-0.0308327,0,0,0,0,0,0,0,-3.14159,-3.14159,-3.14159,0,0,0,0,0,0,0,0,0,0,0,0,0
0,0,0,0,0,0,0,0,0,0,0.0154063,0.0697037,0.0286799,0.000621026,-0.152049,0.0396535,0.000621026,-0.152049,0,0,0,0,0,0,0,0,0,0,0,0,0,0,0,0,0,0,0,0,0,0,0,0,0,0,0,0,0,0,0,0,-0.0162249,-0.0731424,-0.0287306,0,0,0,-0.0322692,0,0,0,0,0,0,0,-3.14159,-3.14159,-3.14159,0,0,0,0,0,0,0,0,0,0,0,0,0
0,0,0,0,0,0,0,0,0,0,0.0165473,0.0685702,0.027894,0.000464307,-0.150978,0.0391779,0.000464307,-0.150978,0,0,0,0,0,0,0,0,0,0,0,0,0,0,0,0,0,0,0,0,0,0,0,0,0,0,0,0,0,0,0,0,-0.0163119,-0.0727509,-0.0287959,0,0,0,-0.033709,0,0,0,0,0,0,0,-3.14159,-3.14159,-3.14159,0,0,0,0,0,0,0,0,0,0,0,0,0
0,0,0,0,0,0,0,0,0,0,0.016381,0.0700404,0.0293266,0.000799534,-0.149693,0.0402545,0.000799534,-0.149693,0,0,0,0,0,0,0,0,0,0,0,0,0,0,0,0,0,0,0,0,0,0,0,0,0,0,0,0,0,0,0,0,-0.0163119,-0.0727944,-0.0288394,0,0,0,-0.035151,0,0,0,0,0,0,0,-3.14159,-3.14159,-3.14159,0,0,0,0,0,0,0,0,0,0,0,0,0
0,0,0,0,0,0,0,0,0,0,0.0159525,0.069938,0.029716,0.00106025,-0.148795,0.0410668,0.00106025,-0.148795,0,0,0,0,0,0,0,0,0,0,0,0,0,0,0,0,0,0,0,0,0,0,0,0,0,0,0,0,0,0,0,0,-0.0163336,-0.0728814,-0.0288829,0,0,0,-0.0365951,0,0,0,0,0,0,0,-3.14159,-3.14159,-3.14159,0,0,0,0,0,0,0,0,0,0,0,0,0
0,0,0,0,0,0,0,0,0,0,0.015261,0.0685236,0.0280172,0.00117811,-0.14811,0.0401221,0.00117811,-0.14811,0,0,0,0,0,0,0,0,0,0,0,0,0,0,0,0,0,0,0,0,0,0,0,0,0,0,0,0,0,0,0,0,-0.0159421,-0.0726639,-0.0286654,0,0,0,-0.0380284,0,0,0,0,0,0,0,-3.14159,-3.14159,-3.14159,0,0,0,0,0,0,0,0,0,0,0,0,0
0,0,0,0,0,0,0,0,0,0,0.0160028,0.0702338,0.0284067,0.00130875,-0.148381,0.0396905,0.00130875,-0.148381,0,0,0,0,0,0,0,0,0,0,0,0,0,0,0,0,0,0,0,0,0,0,0,0,0,0,0,0,0,0,0,0,-0.0161379,-0.0730554,-0.0287089,0,0,0,-0.0394638,0,0,0,0,0,0,0,-3.14159,-3.14159,-3.14159,0,0,0,0,0,0,0,0,0,0,0,0,0
0,0,0,0,0,0,0,0,0,0,0.0141339,0.0701102,0.0297088,0.000645497,-0.148878,0.0407002,0.000645497,-0.148878,0,0,0,0,0,0,0,0,0,0,0,0,0,0,0,0,0,0,0,0,0,0,0,0,0,0,0,0,0,0,0,0,-0.0159639,-0.0733599,-0.0288829,0,0,0,-0.040908,0,0,0,0,0,0,0,-3.14159,-3.14159,-3.14159,0,0,0,0,0,0,0,0,0,0,0,0,0
0,0,0,0,0,0,0,0,0,0,0.0166991,0.0688076,0.0286611,-0.000107631,-0.149562,0.0411542,-0.000107631,-0.149562,0,0,0,0,0,0,0,0,0,0,0,0,0,0,0,0,0,0,0,0,0,0,0,0,0,0,0,0,0,0,0,0,-0.0160291,-0.0736426,-0.0290134,0,0,0,-0.0423586,0,0,0,0,0,0,0,-3.14159,-3.14159,-3.14159,0,0,0,0,0,0,0,0,0,0,0,0,0
0,0,0,0,0,0,0,0,0,0,0.0171739,0.0690647,0.0281352,0.000444593,-0.150734,0.0400164,0.000444593,-0.150734,0,0,0,0,0,0,0,0,0,0,0,0,0,0,0,0,0,0,0,0,0,0,0,0,0,0,0,0,0,0,0,0,-0.0162031,-0.0737296,-0.0288176,0,0,0,-0.0437995,0,0,0,0,0,0,0,-3.14159,-3.14159,-3.14159,0,0,0,0,0,0,0,0,0,0,0,0,0
0,0,0,0,0,0,0,0,0,0,0.0135981,0.0684033,0.0274776,0.00112915,-0.15237,0.0382141,0.00112915,-0.15237,0,0,0,0,0,0,0,0,0,0,0,0,0,0,0,0,0,0,0,0,0,0,0,0,0,0,0,0,0,0,0,0,-0.0158551,-0.0737296,-0.0284479,0,0,0,-0.0452219,0,0,0,0,0,0,0,-3.14159,-3.14159,-3.14159,0,0,0,0,0,0,0,0,0,0,0,0,0
0,0,0,0,0,0,0,0,0,0,0.0169376,0.0696934,0.0286477,0.00091749,-0.154157,0.0375032,0.00091749,-0.154157,0,0,0,0,0,0,0,0,0,0,0,0,0,0,0,0,0,0,0,0,0,0,0,0,0,0,0,0,0,0,0,0,-0.0161814,-0.0741863,-0.0285566,0,0,0,-0.0466497,0,0,0,0,0,0,0,-3.14159,-3.14159,-3.14159,0,0,0,0,0,0,0,0,0,0,0,0,0
0,0,0,0,0,0,0,0,0,0,0.0150567,0.065366,0.027992,0.000624667,-0.155045,0.0372279,0.000624667,-0.155045,0,0,0,0,0,0,0,0,0,0,0,0,0,0,0,0,0,0,0,0,0,0,0,0,0,0,0,0,0,0,0,0,-0.0160726,-0.0736426,-0.0284914,0,0,0,-0.0480743,0,0,0,0,0,0,0,-3.14159,-3.14159,-3.14159,0,0,0,0,0,0,0,0,0,0,0,0,0
0,0,0,0,0,0,0,0,0,0,0.0150029,0.065858,0.0282491,0.00115787,-0.155849,0.0358007,0.00115787,-0.155849,0,0,0,0,0,0,0,0,0,0,0,0,0,0,0,0,0,0,0,0,0,0,0,0,0,0,0,0,0,0,0,0,-0.0162684,-0.0732076,-0.0282521,0,0,0,-0.0494869,0,0,0,0,0,0,0,-3.14159,-3.14159,-3.14159,0,0,0,0,0,0,0,0,0,0,0,0,0
0,0,0,0,0,0,0,0,0,0,0.0124646,0.0676515,0.0282439,0.00170499,-0.156165,0.0340358,0.00170499,-0.156165,0,0,0,0,0,0,0,0,0,0,0,0,0,0,0,0,0,0,0,0,0,0,0,0,0,0,0,0,0,0,0,0,-0.0156159,-0.0732946,-0.0281869,0,0,0,-0.0508963,0,0,0,0,0,0,0,-3.14159,-3.14159,-3.14159,0,0,0,0,0,0,0,0,0,0,0,0,0
0,0,0,0,0,0,0,0,0,0,0.0159291,0.0661746,0.02824,0.000736655,-0.15512,0.0336084,0.000736655,-0.15512,0,0,0,0,0,0,0,0,0,0,0,0,0,0,0,0,0,0,0,0,0,0,0,0,0,0,0,0,0,0,0,0,-0.0154636,-0.0730989,-0.0282086,0,0,0,-0.0523067,0,0,0,0,0,0,0,-3.14159,-3.14159,-3.14159,0,0,0,0,0,0,0,0,0,0,0,0,0
0,0,0,0,0,0,0,0,0,0,0.0166513,0.0652136,0.0288882,-0.000467902,-0.153254,0.0347004,-0.000467902,-0.153254,0,0,0,0,0,0,0,0,0,0,0,0,0,0,0,0,0,0,0,0,0,0,0,0,0,0,0,0,0,0,0,0,-0.0160291,-0.0728596,-0.0284479,0,0,0,-0.0537291,0,0,0,0,0,0,0,-3.14159,-3.14159,-3.14159,0,0,0,0,0,0,0,0,0,0,0,0,0
0,0,0,0,0,0,0,0,0,0,0.0164589,0.0656814,0.0283594,1.97528e-05,-0.151884,0.0362059,1.97528e-05,-0.151884,0,0,0,0,0,0,0,0,0,0,0,0,0,0,0,0,0,0,0,0,0,0,0,0,0,0,0,0,0,0,0,0,-0.0160074,-0.0724899,-0.0284044,0,0,0,-0.0551493,0,0,0,0,0,0,0,-3.14159,-3.14159,-3.14159,0,0,0,0,0,0,0,0,0,0,0,0,0
0,0,0,0,0,0,0,0,0,0,0.015739,0.0654944,0.0286155,0.00133711,-0.152,0.0375092,0.00133711,-0.152,0,0,0,0,0,0,0,0,0,0,0,0,0,0,0,0,0,0,0,0,0,0,0,0,0,0,0,0,0,0,0,0,-0.0161814,-0.0728162,-0.0285131,0,0,0,-0.056575,0,0,0,0,0,0,0,-3.14159,-3.14159,-3.14159,0,0,0,0,0,0,0,0,0,0,0,0,0
0,0,0,0,0,0,0,0,0,0,0.0154088,0.0654332,0.0271741,0.00183801,-0.152001,0.0387123,0.00183801,-0.152001,0,0,0,0,0,0,0,0,0,0,0,0,0,0,0,0,0,0,0,0,0,0,0,0,0,0,0,0,0,0,0,0,-0.0163119,-0.0730554,-0.0283391,0,0,0,-0.0579919,0,0,0,0,0,0,0,-3.14159,-3.14159,-3.14159,0,0,0,0,0,0,0,0,0,0,0,0,0
0,0,0,0,0,0,0,0,0,0,0.0149471,0.0652359,0.0276908,0.00164122,-0.151455,0.0396871,0.00164122,-0.151455,0,0,0,0,0,0,0,0,0,0,0,0,0,0,0,0,0,0,0,0,0,0,0,0,0,0,0,0,0,0,0,0,-0.0167903,-0.0729684,-0.0282521,0,0,0,-0.0594045,0,0,0,0,0,0,0,-3.14159,-3.14159,-3.14159,0,0,0,0,0,0,0,0,0,0,0,0,0
0,0,0,0,0,0,0,0,0,0,0.0160497,0.064119,0.0288603,0.00181833,-0.151426,0.0398899,0.00181833,-0.151426,0,0,0,0,0,0,0,0,0,0,0,0,0,0,0,0,0,0,0,0,0,0,0,0,0,0,0,0,0,0,0,0,-0.0168773,-0.0729466,-0.0283609,0,0,0,-0.0608226,0,0,0,0,0,0,0,-3.14159,-3.14159,-3.14159,0,0,0,0,0,0,0,0,0,0,0,0,0
0,0,0,0,0,0,0,0,0,0,0.0155846,0.0635184,0.029377,0.00211515,-0.15187,0.0393719,0.00211515,-0.15187,0,0,0,0,0,0,0,0,0,0,0,0,0,0,0,0,0,0,0,0,0,0,0,0,0,0,0,0,0,0,0,0,-0.0167686,-0.0729901,-0.0284479,0,0,0,-0.062245,0,0,0,0,0,0,0,-3.14159,-3.14159,-3.14159,0,0,0,0,0,0,0,0,0,0,0,0,0
0,0,0,0,0,0,0,0,0,0,0.0165531,0.0629135,0.0275458,0.00161711,-0.151349,0.0383433,0.00161711,-0.151349,0,0,0,0,0,0,0,0,0,0,0,0,0,0,0,0,0,0,0,0,0,0,0,0,0,0,0,0,0,0,0,0,-0.0168556,-0.0728596,-0.0283174,0,0,0,-0.0636608,0,0,0,0,0,0,0,-3.14159,-3.14159,-3.14159,0,0,0,0,0,0,0,0,0,0,0,0,0
0,0,0,0,0,0,0,0,0,0,0.016605,0.0633477,0.0302815,0.000601639,-0.149665,0.0374676,0.000601639,-0.149665,0,0,0,0,0,0,0,0,0,0,0,0,0,0,0,0,0,0,0,0,0,0,0,0,0,0,0,0,0,0,0,0,-0.0170731,-0.0728379,-0.0286001,0,0,0,-0.0650909,0,0,0,0,0,0,0,-3.14159,-3.14159,-3.14159,0,0,0,0,0,0,0,0,0,0,0,0,0
0,0,0,0,0,0,0,0,0,0,0.0165261,0.0648188,0.0289708,0.000219433,-0.148352,0.0375564,0.000219433,-0.148352,0,0,0,0,0,0,0,0,0,0,0,0,0,0,0,0,0,0,0,0,0,0,0,0,0,0,0,0,0,0,0,0,-0.0173341,-0.0730771,-0.0289046,0,0,0,-0.0665361,0,0,0,0,0,0,0,-3.14159,-3.14159,-3.14159,0,0,0,0,0,0,0,0,0,0,0,0,0
0,0,0,0,0,0,0,0,0,0,0.0146175,0.0634157,0.0290953,0.00784694,-0.147793,0.0374144,0.00784694,-0.147793,0,0,0,0,0,0,0,0,0,0,0,0,0,0,0,0,0,0,0,0,0,0,0,0,0,0,0,0,0,0,0,0,-0.0173558,-0.0731206,-0.0291439,0,0,0,-0.0679933,0,0,0,0,0,0,0,-3.14159,-3.14159,-3.14159,0,0,0,0,0,0,0,0,0,0,0,0,0
0,0,0,0,0,0,0,0,0,0,0.014518,0.0621386,0.0293484,0.0228191,-0.147726,0.0361131,0.0228191,-0.147726,0,0,0,0,0,0,0,0,0,0,0,0,0,0,0,0,0,0,0,0,0,0,0,0,0,0,0,0,0,0,0,0,-0.0171818,-0.0731424,-0.0292309,0,0,0,-0.0694548,0,0,0,0,0,0,0,-3.14159,-3.14159,-3.14159,0,0,0,0,0,0,0,0,0,0,0,0,0
0,0,0,0,0,0,0,0,0,0,0.0150575,0.0612488,0.0293373,0.0292852,-0.1475,0.0350852,0.0292852,-0.1475,0,0,0,0,0,0,0,0,0,0,0,0,0,0,0,0,0,0,0,0,0,0,0,0,0,0,0,0,0,0,0,0,-0.0171818,-0.0731206,-0.0292309,0,0,0,-0.0709164,0,0,0,0,0,0,0,-3.14159,-3.14159,-3.14159,0,0,0,0,0,0,0,0,0,0,0,0,0
0,0,0,0,0,0,0,0,0,0,0.0131392,0.0627038,0.0273738,0.0267456,-0.14795,0.0356008,0.0267456,-0.14795,0,0,0,0,0,0,0,0,0,0,0,0,0,0,0,0,0,0,0,0,0,0,0,0,0,0,0,0,0,0,0,0,-0.0167033,-0.0734469,-0.0292091,0,0,0,-0.0723768,0,0,0,0,0,0,0,-3.14159,-3.14159,-3.14159,0,0,0,0,0,0,0,0,0,0,0,0,0
0,0,0,0,0,0,0,0,0,0,0.0155418,0.0612841,0.0284134,0.0250809,-0.149012,0.0365663,0.0250809,-0.149012,0,0,0,0,0,0,0,0,0,0,0,0,0,0,0,0,0,0,0,0,0,0,0,0,0,0,0,0,0,0,0,0,-0.0166163,-0.0734686,-0.0289046,0,0,0,-0.073822,0,0,0,0,0,0,0,-3.14159,-3.14159,-3.14159,0,0,0,0,0,0,0,0,0,0,0,0,0
0,0,0,0,0,0,0,0,0,0,0.0159767,0.0609055,0.0293224,0.0248735,-0.149782,0.0363902,0.0248735,-0.149782,0,0,0,0,0,0,0,0,0,0,0,0,0,0,0,0,0,0,0,0,0,0,0,0,0,0,0,0,0,0,0,0,-0.0166163,-0.0731859,-0.0289699,0,0,0,-0.0752705,0,0,0,0,0,0,0,-3.14159,-3.14159,-3.14159,0,0,0,0,0,0,0,0,0,0,0,0,0
0,0,0,0,0,0,0,0,0,0,0.0140549,0.061307,0.0277509,0.017209,-0.149863,0.0361368,0.017209,-0.149863,0,0,0,0,0,0,0,0,0,0,0,0,0,0,0,0,0,0,0,0,0,0,0,0,0,0,0,0,0,0,0,0,-0.0166163,-0.0732076,-0.0287524,0,0,0,-0.0767082,0,0,0,0,0,0,0,-3.14159,-3.14159,-3.14159,0,0,0,0,0,0,0,0,0,0,0,0,0
0,0,0,0,0,0,0,0,0,0,0.0130463,0.0603967,0.0278742,0.00227957,-0.149263,0.0371608,0.00227957,-0.149263,0,0,0,0,0,0,0,0,0,0,0,0,0,0,0,0,0,0,0,0,0,0,0,0,0,0,0,0,0,0,0,0,-0.0164641,-0.0732946,-0.0285131,0,0,0,-0.0781338,0,0,0,0,0,0,0,-3.14159,-3.14159,-3.14159,0,0,0,0,0,0,0,0,0,0,0,0,0
0,0,0,0,0,0,0,0,0,0,0.0134724,0.059873,0.0283899,-0.00388791,-0.149746,0.0386365,-0.00388791,-0.149746,0,0,0,0,0,0,0,0,0,0,0,0,0,0,0,0,0,0,0,0,0,0,0,0,0,0,0,0,0,0,0,0,-0.0162901,-0.0734469,-0.0283609,0,0,0,-0.0795519,0,0,0,0,0,0,0,-3.14159,-3.14159,-3.14159,0,0,0,0,0,0,0,0,0,0,0,0,0
0,0,0,0,0,0,0,0,0,0,0.0129824,0.0597406,0.0279909,-0.00106337,-0.149791,0.0397468,-0.00106337,-0.149791,0,0,0,0,0,0,0,0,0,0,0,0,0,0,0,0,0,0,0,0,0,0,0,0,0,0,0,0,0,0,0,0,-0.0163554,-0.0733381,-0.0284696,0,0,0,-0.0809753,0,0,0,0,0,0,0,-3.14159,-3.14159,-3.14159,0,0,0,0,0,0,0,0,0,0,0,0,0
0,0,0,0,0,0,0,0,0,0,0.012752,0.0588211,0.0286367,0.000725517,-0.148685,0.0402536,0.000725517,-0.148685,0,0,0,0,0,0,0,0,0,0,0,0,0,0,0,0,0,0,0,0,0,0,0,0,0,0,0,0,0,0,0,0,-0.0159856,-0.0733164,-0.0285131,0,0,0,-0.082401,0,0,0,0,0,0,0,-3.14159,-3.14159,-3.14159,0,0,0,0,0,0,0,0,0,0,0,0,0
