0,0,0,0,0,0,0,0,0,0,0,0,0,0,0,0,0,0,0,0,0,0,0,0,0,0,0,0,0,0,0,0,0,0,0,0,0,0,0,0,0,0,0,0,0,0,0,0,0,0,0,0,0,0,0,0,0,0,0,0,0,0,0,0,0,0,0,0,0,0,0,0,0,0,0,0,0,0,0,0,0
0,0,0,0,0,0,0,0,0,0,0,0,0,0,0,0,0,0,0,0,0,0,0,0,0,0,0,0,0,0,0,0,0,0,0,0,0,0,0,0,0,0,0,0,0,0,0,0,0,0,0,0,0,0,0,0,0,0,0,0,0,0,0,0,0,0,0,0,0,0,0,0,0,0,0,0,0,0,0,0,0
0,0,0,0,0,0,0,0,0,0,0,0,0,0,0,0,0,0,0,0,0,0,0,0,0,0,0,0,0,0,0,0,0,0,0,0,0,0,0,0,0,0,0,0,0,0,0,0,0,0,0,0,0,0,0,0,0,0,0,0,0,0,0,0,0,0,0,0,0,0,0,0,0,0,0,0,0,0,0,0,0
0,0,0,0,0,0,0,0,0,0,0,0,0,0,0,0,0,0,0,0,0,0,0,0,0,0,0,0,0,0,0,0,0,0,0,0,0,0,0,0,0,0,0,0,0,0,0,0,0,0,0,0,0,0,0,0,0,0,0,0,0,0,0,0,0,0,0,0,0,0,0,0,0,0,0,0,0,0,0,0,0
0,0,0,0,0,0,0,0,0,0,0,0,0,0,0,0,0,0,0,0,0,0,0,0,0,0,0,0,0,0,0,0,0,0,0,0,0,0,0,0,0,0,0,0,0,0,0,0,0,0,0,0,0,0,0,0,0,0,0,0,0,0,0,0,0,0,0,0,0,0,0,0,0,0,0,0,0,0,0,0,0
0,0,0,0,0,0,0,0,0,0,0,0,0,0,0,0,0,0,0,0,0,0,0,0,0,0,0,0,0,0,0,0,0,0,0,0,0,0,0,0,0,0,0,0,0,0,0,0,0,0,0,0,0,0,0,0,0,0,0,0,0,0,0,0,0,0,0,0,0,0,0,0,0,0,0,0,0,0,0,0,0
0,0,0,0,0,0,0,0,0,0,0,0,0,0,0,0,0,0,0,0,0,0,0,0,0,0,0,0,0,0,0,0,0,0,0,0,0,0,0,0,0,0,0,0,0,0,0,0,0,0,0,0,0,0,0,0,0,0,0,0,0,0,0,0,0,0,0,0,0,0,0,0,0,0,0,0,0,0,0,0,0
0,0,0,0,0,0,0,0,0,0,0,0,0,0,0,0,0,0,0,0,0,0,0,0,0,0,0,0,0,0,0,0,0,0,0,0,0,0,0,0,0,0,0,0,0,0,0,0,0,0,0,0,0,0,0,0,0,0,0,0,0,0,0,0,0,0,0,0,0,0,0,0,0,0,0,0,0,0,0,0,0
0,0,0,0,0,0,0,0,0,0,0,0,0,0,0,0,0,0,0,0,0,0,0,0,0,0,0,0,0,0,0,0,0,0,0,0,0,0,0,0,0,0,0,0,0,0,0,0,0,0,0,0,0,0,0,0,0,0,0,0,0,0,0,0,0,0,0,0,0,0,0,0,0,0,0,0,0,0,0,0,0
0,0,0,0,0,0,0,0,0,0,0,0,0,0,0,0,0,0,0,0,0,0,0,0,0,0,0,0,0,0,0,0,0,0,0,0,0,0,0,0,0,0,0,0,0,0,0,0,0,0,0,0,0,0,0,0,0,0,0,0,0,0,0,0,0,0,0,0,0,0,0,0,0,0,0,0,0,0,0,0,0
0,0,0,0,0,0,0,0,0,0,0,0,0,0,0,0,0,0,0,0,0,0,0,0,0,0,0,0,0,0,0,0,0,0,0,0,0,0,0,0,0,0,0,0,0,0,0,0,0,0,0,0,0,0,0,0,0,0,0,0,0,0,0,0,0,0,0,0,0,0,0,0,0,0,0,0,0,0,0,0,0
0,0,0,0,0,0,0,0,0,0,0,0,0,0,0,0,0,0,0,0,0,0,0,0,0,0,0,0,0,0,0,0,0,0,0,0,0,0,0,0,0,0,0,0,0,0,0,0,0,0,0,0,0,0,0,0,0,0,0,0,0,0,0,0,0,0,0,0,0,0,0,0,0,0,0,0,0,0,0,0,0
0,0,0,0,0,0,0,0,0,0,0,0,0,0,0,0,0,0,0,0,0,0,0,0,0,0,0,0,0,0,0,0,0,0,0,0,0,0,0,0,0,0,0,0,0,0,0,0,0,0,0,0,0,0,0,0,0,0,0,0,0,0,0,0,0,0,0,0,0,0,0,0,0,0,0,0,0,0,0,0,0
0,0,0,0,0,0,0,0,0,0,0,0,0,0,0,0,0,0,0,0,0,0,0,0,0,0,0,0,0,0,0,0,0,0,0,0,0,0,0,0,0,0,0,0,0,0,0,0,0,0,0,0,0,0,0,0,0,0,0,0,0,0,0,0,0,0,0,0,0,0,0,0,0,0,0,0,0,0,0,0,0
0,0,0,0,0,0,0,0,0,0,0,0,0,0,0,0,0,0,0,0,0,0,0,0,0,0,0,0,0,0,0,0,0,0,0,0,0,0,0,0,0,0,0,0,0,0,0,0,0,0,0,0,0,0,0,0,0,0,0,0,0,0,0,0,0,0,0,0,0,0,0,0,0,0,0,0,0,0,0,0,0
0,0,0,0,0,0,0,0,0,0,0,0,0,0,0,0,0,0,0,0,0,0,0,0,0,0,0,0,0,0,0,0,0,0,0,0,0,0,0,0,0,0,0,0,0,0,0,0,0,0,0,0,0,0,0,0,0,0,0,0,0,0,0,0,0,0,0,0,0,0,0,0,0,0,0,0,0,0,0,0,0
0,0,0,0,0,0,0,0,0,0,0,0,0,0,0,0,0,0,0,0,0,0,0,0,0,0,0,0,0,0,0,0,0,0,0,0,0,0,0,0,0,0,0,0,0,0,0,0,0,0,0,0,0,0,0,0,0,0,0,0,0,0,0,0,0,0,0,0,0,0,0,0,0,0,0,0,0,0,0,0,0
0,0,0,0,0,0,0,0,0,0,0,0,0,0,0,0,0,0,0,0,0,0,0,0,0,0,0,0,0,0,0,0,0,0,0,0,0,0,0,0,0,0,0,0,0,0,0,0,0,0,0,0,0,0,0,0,0,0,0,0,0,0,0,0,0,0,0,0,0,0,0,0,0,0,0,0,0,0,0,0,0
0,0,0,0,0,0,0,0,0,0,0,0,0,0,0,0,0,0,0,0,0,0,0,0,0,0,0,0,0,0,0,0,0,0,0,0,0,0,0,0,0,0,0,0,0,0,0,0,0,0,0,0,0,0,0,0,0,0,0,0,0,0,0,0,0,0,0,0,0,0,0,0,0,0,0,0,0,0,0,0,0
0,0,0,0,0,0,0,0,0,0,0,0,0,0,0,0,0,0,0,0,0,0,0,0,0,0,0,0,0,0,0,0,0,0,0,0,0,0,0,0,0,0,0,0,0,0,0,0,0,0,0,0,0,0,0,0,0,0,0,0,0,0,0,0,0,0,0,0,0,0,0,0,0,0,0,0,0,0,0,0,0
0,0,0,0,0,0,0,0,0,0,0,0,0,0,0,0,0,0,0,0,0,0,0,0,0,0,0,0,0,0,0,0,0,0,0,0,0,0,0,0,0,0,0,0,0,0,0,0,0,0,0,0,0,0,0,0,0,0,0,0,0,0,0,0,0,0,0,0,0,0,0,0,0,0,0,0,0,0,0,0,0
0,0,0,0,0,0,0,0,0,0,0,0,0,0,0,0,0,0,0,0,0,0,0,0,0,0,0,0,0,0,0,0,0,0,0,0,0,0,0,0,0,0,0,0,0,0,0,0,0,0,0,0,0,0,0,0,0,0,0,0,0,0,0,0,0,0,0,0,0,0,0,0,0,0,0,0,0,0,0,0,0
0,0,0,0,0,0,0,0,0,0,0,0,0,0,0,0,0,0,0,0,0,0,0,0,0,0,0,0,0,0,0,0,0,0,0,0,0,0,0,0,0,0,0,0,0,0,0,0,0,0,0,0,0,0,0,0,0,0,0,0,0,0,0,0,0,0,0,0,0,0,0,0,0,0,0,0,0,0,0,0,0
0,0,0,0,0,0,0,0,0,0,0,0,0,0,0,0,0,0,0,0,0,0,0,0,0,0,0,0,0,0,0,0,0,0,0,0,0,0,0,0,0,0,0,0,0,0,0,0,0,0,0,0,0,0,0,0,0,0,0,0,0,0,0,0,0,0,0,0,0,0,0,0,0,0,0,0,0,0,0,0,0
0,0,0,0,0,0,0,0,0,0,0,0,0,0,0,0,0,0,0,0,0,0,0,0,0,0,0,0,0,0,0,0,0,0,0,0,0,0,0,0,0,0,0,0,0,0,0,0,0,0,0,0,0,0,0,0,0,0,0,0,0,0,0,0,0,0,0,0,0,0,0,0,0,0,0,0,0,0,0,0,0
0,0,0,0,0,0,0,0,0,0,0,0,0,0,0,0,0,0,0,0,0,0,0,0,0,0,0,0,0,0,0,0,0,0,0,0,0,0,0,0,0,0,0,0,0,0,0,0,0,0,0,0,0,0,0,0,0,0,0,0,0,0,0,0,0,0,0,0,0,0,0,0,0,0,0,0,0,0,0,0,0
0,0,0,0,0,0,0,0,0,0,0,0,0,0,0,0,0,0,0,0,0,0,0,0,0,0,0,0,0,0,0,0,0,0,0,0,0,0,0,0,0,0,0,0,0,0,0,0,0,0,0,0,0,0,0,0,0,0,0,0,0,0,0,0,0,0,0,0,0,0,0,0,0,0,0,0,0,0,0,0,0
0,0,0,0,0,0,0,0,0,0,0,0,0,0,0,0,0,0,0,0,0,0,0,0,0,0,0,0,0,0,0,0,0,0,0,0,0,0,0,0,0,0,0,0,0,0,0,0,0,0,0,0,0,0,0,0,0,0,0,0,0,0,0,0,0,0,0,0,0,0,0,0,0,0,0,0,0,0,0,0,0
0,0,0,0,0,0,0,0,0,0,0,0,0,0,0,0,0,0,0,0,0,0,0,0,0,0,0,0,0,0,0,0,0,0,0,0,0,0,0,0,0,0,0,0,0,0,0,0,0,0,0,0,0,0,0,0,0,0,0,0,0,0,0,0,0,0,0,0,0,0,0,0,0,0,0,0,0,0,0,0,0
0,0,0,0,0,0,0,0,0,0,0,0,0,0,0,0,0,0,0,0,0,0,0,0,0,0,0,0,0,0,0,0,0,0,0,0,0,0,0,0,0,0,0,0,0,0,0,0,0,0,0,0,0,0,0,0,0,0,0,0,0,0,0,0,0,0,0,0,0,0,0,0,0,0,0,0,0,0,0,0,0
0,0,0,0,0,0,0,0,0,0,0,0,0,0,0,0,0,0,0,0,0,0,0,0,0,0,0,0,0,0,0,0,0,0,0,0,0,0,0,0,0,0,0,0,0,0,0,0,0,0,0,0,0,0,0,0,0,0,0,0,0,0,0,0,0,0,0,0,0,0,0,0,0,0,0,0,0,0,0,0,0
0,0,0,0,0,0,0,0,0,0,0,0,0,0,0,0,0,0,0,0,0,0,0,0,0,0,0,0,0,0,0,0,0,0,0,0,0,0,0,0,0,0,0,0,0,0,0,0,0,0,0,0,0,0,0,0,0,0,0,0,0,0,0,0,0,0,0,0,0,0,0,0,0,0,0,0,0,0,0,0,0
0,0,0,0,0,0,0,0,0,0,0,0,0,0,0,0,0,0,0,0,0,0,0,0,0,0,0,0,0,0,0,0,0,0,0,0,0,0,0,0,0,0,0,0,0,0,0,0,0,0,0,0,0,0,0,0,0,0,0,0,0,0,0,0,0,0,0,0,0,0,0,0,0,0,0,0,0,0,0,0,0
0,0,0,0,0,0,0,0,0,0,0,0,0,0,0,0,0,0,0,0,0,0,0,0,0,0,0,0,0,0,0,0,0,0,0,0,0,0,0,0,0,0,0,0,0,0,0,0,0,0,0,0,0,0,0,0,0,0,0,0,0,0,0,0,0,0,0,0,0,0,0,0,0,0,0,0,0,0,0,0,0
0,0,0,0,0,0,0,0,0,0,0,0,0,0,0,0,0,0,0,0,0,0,0,0,0,0,0,0,0,0,0,0,0,0,0,0,0,0,0,0,0,0,0,0,0,0,0,0,0,0,0,0,0,0,0,0,0,0,0,0,0,0,0,0,0,0,0,0,0,0,0,0,0,0,0,0,0,0,0,0,0
0,0,0,0,0,0,0,0,0,0,0,0,0,0,0,0,0,0,0,0,0,0,0,0,0,0,0,0,0,0,0,0,0,0,0,0,0,0,0,0,0,0,0,0,0,0,0,0,0,0,0,0,0,0,0,0,0,0,0,0,0,0,0,0,0,0,0,0,0,0,0,0,0,0,0,0,0,0,0,0,0
0,0,0,0,0,0,0,0,0,0,0,0,0,0,0,0,0,0,0,0,0,0,0,0,0,0,0,0,0,0,0,0,0,0,0,0,0,0,0,0,0,0,0,0,0,0,0,0,0,0,0,0,0,0,0,0,0,0,0,0,0,0,0,0,0,0,0,0,0,0,0,0,0,0,0,0,0,0,0,0,0
0,0,0,0,0,0,0,0,0,0,0,0,0,0,0,0,0,0,0,0,0,0,0,0,0,0,0,0,0,0,0,0,0,0,0,0,0,0,0,0,0,0,0,0,0,0,0,0,0,0,0,0,0,0,0,0,0,0,0,0,0,0,0,0,0,0,0,0,0,0,0,0,0,0,0,0,0,0,0,0,0
0,0,0,0,0,0,0,0,0,0,0,0,0,0,0,0,0,0,0,0,0,0,0,0,0,0,0,0,0,0,0,0,0,0,0,0,0,0,0,0,0,0,0,0,0,0,0,0,0,0,0,0,0,0,0,0,0,0,0,0,0,0,0,0,0,0,0,0,0,0,0,0,0,0,0,0,0,0,0,0,0
0,0,0,0,0,0,0,0,0,0,0,0,0,0,0,0,0,0,0,0,0,0,0,0,0,0,0,0,0,0,0,0,0,0,0,0,0,0,0,0,0,0,0,0,0,0,0,0,0,0,0,0,0,0,0,0,0,0,0,0,0,0,0,0,0,0,0,0,0,0,0,0,0,0,0,0,0,0,0,0,0
0,0,0,0,0,0,0,0,0,0,0,0,0,0,0,0,0,0,0,0,0,0,0,0,0,0,0,0,0,0,0,0,0,0,0,0,0,0,0,0,0,0,0,0,0,0,0,0,0,0,0,0,0,0,0,0,0,0,0,0,0,0,0,0,0,0,0,0,0,0,0,0,0,0,0,0,0,0,0,0,0
0,0,0,0,0,0,0,0,0,0,0,0,0,0,0,0,0,0,0,0,0,0,0,0,0,0,0,0,0,0,0,0,0,0,0,0,0,0,0,0,0,0,0,0,0,0,0,0,0,0,0,0,0,0,0,0,0,0,0,0,0,0,0,0,0,0,0,0,0,0,0,0,0,0,0,0,0,0,0,0,0
0,0,0,0,0,0,0,0,0,0,0,0,0,0,0,0,0,0,0,0,0,0,0,0,0,0,0,0,0,0,0,0,0,0,0,0,0,0,0,0,0,0,0,0,0,0,0,0,0,0,0,0,0,0,0,0,0,0,0,0,0,0,0,0,0,0,0,0,0,0,0,0,0,0,0,0,0,0,0,0,0
0,0,0,0,0,0,0,0,0,0,0,0,0,0,0,0,0,0,0,0,0,0,0,0,0,0,0,0,0,0,0,0,0,0,0,0,0,0,0,0,0,0,0,0,0,0,0,0,0,0,0,0,0,0,0,0,0,0,0,0,0,0,0,0,0,0,0,0,0,0,0,0,0,0,0,0,0,0,0,0,0
0,0,0,0,0,0,0,0,0,0,0,0,0,0,0,0,0,0,0,0,0,0,0,0,0,0,0,0,0,0,0,0,0,0,0,0,0,0,0,0,0,0,0,0,0,0,0,0,0,0,0,0,0,0,0,0,0,0,0,0,0,0,0,0,0,0,0,0,0,0,0,0,0,0,0,0,0,0,0,0,0
0,0,0,0,0,0,0,0,0,0,0,0,0,0,0,0,0,0,0,0,0,0,0,0,0,0,0,0,0,0,0,0,0,0,0,0,0,0,0,0,0,0,0,0,0,0,0,0,0,0,0,0,0,0,0,0,0,0,0,0,0,0,0,0,0,0,0,0,0,0,0,0,0,0,0,0,0,0,0,0,0
0,0,0,0,0,0,0,0,0,0,0,0,0,0,0,0,0,0,0,0,0,0,0,0,0,0,0,0,0,0,0,0,0,0,0,0,0,0,0,0,0,0,0,0,0,0,0,0,0,0,0,0,0,0,0,0,0,0,0,0,0,0,0,0,0,0,0,0,0,0,0,0,0,0,0,0,0,0,0,0,0
0,0,0,0,0,0,0,0,0,0,0,0,0,0,0,0,0,0,0,0,0,0,0,0,0,0,0,0,0,0,0,0,0,0,0,0,0,0,0,0,0,0,0,0,0,0,0,0,0,0,0,0,0,0,0,0,0,0,0,0,0,0,0,0,0,0,0,0,0,0,0,0,0,0,0,0,0,0,0,0,0
0,0,0,0,0,0,0,0,0,0,0,0,0,0,0,0,0,0,0,0,0,0,0,0,0,0,0,0,0,0,0,0,0,0,0,0,0,0,0,0,0,0,0,0,0,0,0,0,0,0,0,0,0,0,0,0,0,0,0,0,0,0,0,0,0,0,0,0,0,0,0,0,0,0,0,0,0,0,0,0,0
0,0,0,0,0,0,0,0,0,0,0,0,0,0,0,0,0,0,0,0,0,0,0,0,0,0,0,0,0,0,0,0,0,0,0,0,0,0,0,0,0,0,0,0,0,0,0,0,0,0,0,0,0,0,0,0,0,0,0,0,0,0,0,0,0,0,0,0,0,0,0,0,0,0,0,0,0,0,0,0,0
0,0,0,0,0,0,0,0,0,0,0,0,0,0,0,0,0,0,0,0,0,0,0,0,0,0,0,0,0,0,0,0,0,0,0,0,0,0,0,0,0,0,0,0,0,0,0,0,0,0,0,0,0,0,0,0,0,0,0,0,0,0,0,0,0,0,0,0,0,0,0,0,0,0,0,0,0,0,0,0,0
0,0,0,0,0,0,0,0,0,0,0,0,0,0,0,0,0,0,0,0,0,0,0,0,0,0,0,0,0,0,0,0,0,0,0,0,0,0,0,0,0,0,0,0,0,0,0,0,0,0,0,0,0,0,0,0,0,0,0,0,0,0,0,0,0,0,0,0,0,0,0,0,0,0,0,0,0,0,0,0,0
0,0,0,0,0,0,0,0,0,0,0,0,0,0,0,0,0,0,0,0,0,0,0,0,0,0,0,0,0,0,0,0,0,0,0,0,0,0,0,0,0,0,0,0,0,0,0,0,0,0,0,0,0,0,0,0,0,0,0,0,0,0,0,0,0,0,0,0,0,0,0,0,0,0,0,0,0,0,0,0,0
0,0,0,0,0,0,0,0,0,0,0,0,0,0,0,0,0,0,0,0,0,0,0,0,0,0,0,0,0,0,0,0,0,0,0,0,0,0,0,0,0,0,0,0,0,0,0,0,0,0,0,0,0,0,0,0,0,0,0,0,0,0,0,0,0,0,0,0,0,0,0,0,0,0,0,0,0,0,0,0,0
0,0,0,0,0,0,0,0,0,0,0,0,0,0,0,0,0,0,0,0,0,0,0,0,0,0,0,0,0,0,0,0,0,0,0,0,0,0,0,0,0,0,0,0,0,0,0,0,0,0,0,0,0,0,0,0,0,0,0,0,0,0,0,0,0,0,0,0,0,0,0,0,0,0,0,0,0,0,0,0,0
0,0,0,0,0,0,0,0,0,0,0,0,0,0,0,0,0,0,0,0,0,0,0,0,0,0,0,0,0,0,0,0,0,0,0,0,0,0,0,0,0,0,0,0,0,0,0,0,0,0,0,0,0,0,0,0,0,0,0,0,0,0,0,0,0,0,0,0,0,0,0,0,0,0,0,0,0,0,0,0,0
0,0,0,0,0,0,0,0,0,0,0,0,0,0,0,0,0,0,0,0,0,0,0,0,0,0,0,0,0,0,0,0,0,0,0,0,0,0,0,0,0,0,0,0,0,0,0,0,0,0,0,0,0,0,0,0,0,0,0,0,0,0,0,0,0,0,0,0,0,0,0,0,0,0,0,0,0,0,0,0,0
0,0,0,0,0,0,0,0,0,0,0,0,0,0,0,0,0,0,0,0,0,0,0,0,0,0,0,0,0,0,0,0,0,0,0,0,0,0,0,0,0,0,0,0,0,0,0,0,0,0,0,0,0,0,0,0,0,0,0,0,0,0,0,0,0,0,0,0,0,0,0,0,0,0,0,0,0,0,0,0,0
0,0,0,0,0,0,0,0,0,0,0,0,0,0,0,0,0,0,0,0,0,0,0,0,0,0,0,0,0,0,0,0,0,0,0,0,0,0,0,0,0,0,0,0,0,0,0,0,0,0,0,0,0,0,0,0,0,0,0,0,0,0,0,0,0,0,0,0,0,0,0,0,0,0,0,0,0,0,0,0,0
0,0,0,0,0,0,0,0,0,0,0,0,0,0,0,0,0,0,0,0,0,0,0,0,0,0,0,0,0,0,0,0,0,0,0,0,0,0,0,0,0,0,0,0,0,0,0,0,0,0,0,0,0,0,0,0,0,0,0,0,0,0,0,0,0,0,0,0,0,0,0,0,0,0,0,0,0,0,0,0,0
0,0,0,0,0,0,0,0,0,0,0,0,0,0,0,0,0,0,0,0,0,0,0,0,0,0,0,0,0,0,0,0,0,0,0,0,0,0,0,0,0,0,0,0,0,0,0,0,0,0,0,0,0,0,0,0,0,0,0,0,0,0,0,0,0,0,0,0,0,0,0,0,0,0,0,0,0,0,0,0,0
0,0,0,0,0,0,0,0,0,0,0,0,0,0,0,0,0,0,0,0,0,0,0,0,0,0,0,0,0,0,0,0,0,0,0,0,0,0,0,0,0,0,0,0,0,0,0,0,0,0,0,0,0,0,0,0,0,0,0,0,0,0,0,0,0,0,0,0,0,0,0,0,0,0,0,0,0,0,0,0,0
0,0,0,0,0,0,0,0,0,0,0,0,0,0,0,0,0,0,0,0,0,0,0,0,0,0,0,0,0,0,0,0,0,0,0,0,0,0,0,0,0,0,0,0,0,0,0,0,0,0,0,0,0,0,0,0,0,0,0,0,0,0,0,0,0,0,0,0,0,0,0,0,0,0,0,0,0,0,0,0,0
0,0,0,0,0,0,0,0,0,0,0,0,0,0,0,0,0,0,0,0,0,0,0,0,0,0,0,0,0,0,0,0,0,0,0,0,0,0,0,0,0,0,0,0,0,0,0,0,0,0,0,0,0,0,0,0,0,0,0,0,0,0,0,0,0,0,0,0,0,0,0,0,0,0,0,0,0,0,0,0,0
0,0,0,0,0,0,0,0,0,0,0,0,0,0,0,0,0,0,0,0,0,0,0,0,0,0,0,0,0,0,0,0,0,0,0,0,0,0,0,0,0,0,0,0,0,0,0,0,0,0,0,0,0,0,0,0,0,0,0,0,0,0,0,0,0,0,0,0,0,0,0,0,0,0,0,0,0,0,0,0,0
0,0,0,0,0,0,0,0,0,0,0,0,0,0,0,0,0,0,0,0,0,0,0,0,0,0,0,0,0,0,0,0,0,0,0,0,0,0,0,0,0,0,0,0,0,0,0,0,0,0,0,0,0,0,0,0,0,0,0,0,0,0,0,0,0,0,0,0,0,0,0,0,0,0,0,0,0,0,0,0,0
0,0,0,0,0,0,0,0,0,0,0,0,0,0,0,0,0,0,0,0,0,0,0,0,0,0,0,0,0,0,0,0,0,0,0,0,0,0,0,0,0,0,0,0,0,0,0,0,0,0,0,0,0,0,0,0,0,0,0,0,0,0,0,0,0,0,0,0,0,0,0,0,0,0,0,0,0,0,0,0,0
0,0,0,0,0,0,0,0,0,0,0,0,0,0,0,0,0,0,0,0,0,0,0,0,0,0,0,0,0,0,0,0,0,0,0,0,0,0,0,0,0,0,0,0,0,0,0,0,0,0,0,0,0,0,0,0,0,0,0,0,0,0,0,0,0,0,0,0,0,0,0,0,0,0,0,0,0,0,0,0,0
0,0,0,0,0,0,0,0,0,0,0,0,0,0,0,0,0,0,0,0,0,0,0,0,0,0,0,0,0,0,0,0,0,0,0,0,0,0,0,0,0,0,0,0,0,0,0,0,0,0,0,0,0,0,0,0,0,0,0,0,0,0,0,0,0,0,0,0,0,0,0,0,0,0,0,0,0,0,0,0,0
0,0,0,0,0,0,0,0,0,0,0,0,0,0,0,0,0,0,0,0,0,0,0,0,0,0,0,0,0,0,0,0,0,0,0,0,0,0,0,0,0,0,0,0,0,0,0,0,0,0,0,0,0,0,0,0,0,0,0,0,0,0,0,0,0,0,0,0,0,0,0,0,0,0,0,0,0,0,0,0,0
0,0,0,0,0,0,0,0,0,0,0,0,0,0,0,0,0,0,0,0,0,0,0,0,0,0,0,0,0,0,0,0,0,0,0,0,0,0,0,0,0,0,0,0,0,0,0,0,0,0,0,0,0,0,0,0,0,0,0,0,0,0,0,0,0,0,0,0,0,0,0,0,0,0,0,0,0,0,0,0,0
0,0,0,0,0,0,0,0,0,0,0,0,0,0,0,0,0,0,0,0,0,0,0,0,0,0,0,0,0,0,0,0,0,0,0,0,0,0,0,0,0,0,0,0,0,0,0,0,0,0,0,0,0,0,0,0,0,0,0,0,0,0,0,0,0,0,0,0,0,0,0,0,0,0,0,0,0,0,0,0,0
0,0,0,0,0,0,0,0,0,0,0,0,0,0,0,0,0,0,0,0,0,0,0,0,0,0,0,0,0,0,0,0,0,0,0,0,0,0,0,0,0,0,0,0,0,0,0,0,0,0,0,0,0,0,0,0,0,0,0,0,0,0,0,0,0,0,0,0,0,0,0,0,0,0,0,0,0,0,0,0,0
0,0,0,0,0,0,0,0,0,0,0,0,0,0,0,0,0,0,0,0,0,0,0,0,0,0,0,0,0,0,0,0,0,0,0,0,0,0,0,0,0,0,0,0,0,0,0,0,0,0,0,0,0,0,0,0,0,0,0,0,0,0,0,0,0,0,0,0,0,0,0,0,0,0,0,0,0,0,0,0,0
0,0,0,0,0,0,0,0,0,0,0,0,0,0,0,0,0,0,0,0,0,0,0,0,0,0,0,0,0,0,0,0,0,0,0,0,0,0,0,0,0,0,0,0,0,0,0,0,0,0,0,0,0,0,0,0,0,0,0,0,0,0,0,0,0,0,0,0,0,0,0,0,0,0,0,0,0,0,0,0,0
0,0,0,0,0,0,0,0,0,0,0,0,0,0,0,0,0,0,0,0,0,0,0,0,0,0,0,0,0,0,0,0,0,0,0,0,0,0,0,0,0,0,0,0,0,0,0,0,0,0,0,0,0,0,0,0,0,0,0,0,0,0,0,0,0,0,0,0,0,0,0,0,0,0,0,0,0,0,0,0,0
0,0,0,0,0,0,0,0,0,0,0,0,0,0,0,0,0,0,0,0,0,0,0,0,0,0,0,0,0,0,0,0,0,0,0,0,0,0,0,0,0,0,0,0,0,0,0,0,0,0,0,0,0,0,0,0,0,0,0,0,0,0,0,0,0,0,0,0,0,0,0,0,0,0,0,0,0,0,0,0,0
0,0,0,0,0,0,0,0,0,0,0,0,0,0,0,0,0,0,0,0,0,0,0,0,0,0,0,0,0,0,0,0,0,0,0,0,0,0,0,0,0,0,0,0,0,0,0,0,0,0,0,0,0,0,0,0,0,0,0,0,0,0,0,0,0,0,0,0,0,0,0,0,0,0,0,0,0,0,0,0,0
0,0,0,0,0,0,0,0,0,0,0,0,0,0,0,0,0,0,0,0,0,0,0,0,0,0,0,0,0,0,0,0,0,0,0,0,0,0,0,0,0,0,0,0,0,0,0,0,0,0,0,0,0,0,0,0,0,0,0,0,0,0,0,0,0,0,0,0,0,0,0,0,0,0,0,0,0,0,0,0,0
0,0,0,0,0,0,0,0,0,0,0,0,0,0,0,0,0,0,0,0,0,0,0,0,0,0,0,0,0,0,0,0,0,0,0,0,0,0,0,0,0,0,0,0,0,0,0,0,0,0,0,0,0,0,0,0,0,0,0,0,0,0,0,0,0,0,0,0,0,0,0,0,0,0,0,0,0,0,0,0,0
0,0,0,0,0,0,0,0,0,0,0,0,0,0,0,0,0,0,0,0,0,0,0,0,0,0,0,0,0,0,0,0,0,0,0,0,0,0,0,0,0,0,0,0,0,0,0,0,0,0,0,0,0,0,0,0,0,0,0,0,0,0,0,0,0,0,0,0,0,0,0,0,0,0,0,0,0,0,0,0,0
0,0,0,0,0,0,0,0,0,0,0,0,0,0,0,0,0,0,0,0,0,0,0,0,0,0,0,0,0,0,0,0,0,0,0,0,0,0,0,0,0,0,0,0,0,0,0,0,0,0,0,0,0,0,0,0,0,0,0,0,0,0,0,0,0,0,0,0,0,0,0,0,0,0,0,0,0,0,0,0,0
0,0,0,0,0,0,0,0,0,0,0,0,0,0,0,0,0,0,0,0,0,0,0,0,0,0,0,0,0,0,0,0,0,0,0,0,0,0,0,0,0,0,0,0,0,0,0,0,0,0,0,0,0,0,0,0,0,0,0,0,0,0,0,0,0,0,0,0,0,0,0,0,0,0,0,0,0,0,0,0,0
0,0,0,0,0,0,0,0,0,0,0,0,0,0,0,0,0,0,0,0,0,0,0,0,0,0,0,0,0,0,0,0,0,0,0,0,0,0,0,0,0,0,0,0,0,0,0,0,0,0,0,0,0,0,0,0,0,0,0,0,0,0,0,0,0,0,0,0,0,0,0,0,0,0,0,0,0,0,0,0,0
0,0,0,0,0,0,0,0,0,0,0,0,0,0,0,0,0,0,0,0,0,0,0,0,0,0,0,0,0,0,0,0,0,0,0,0,0,0,0,0,0,0,0,0,0,0,0,0,0,0,0,0,0,0,0,0,0,0,0,0,0,0,0,0,0,0,0,0,0,0,0,0,0,0,0,0,0,0,0,0,0
0,0,0,0,0,0,0,0,0,0,0,0,0,0,0,0,0,0,0,0,0,0,0,0,0,0,0,0,0,0,0,0,0,0,0,0,0,0,0,0,0,0,0,0,0,0,0,0,0,0,0,0,0,0,0,0,0,0,0,0,0,0,0,0,0,0,0,0,0,0,0,0,0,0,0,0,0,0,0,0,0
0,0,0,0,0,0,0,0,0,0,0,0,0,0,0,0,0,0,0,0,0,0,0,0,0,0,0,0,0,0,0,0,0,0,0,0,0,0,0,0,0,0,0,0,0,0,0,0,0,0,0,0,0,0,0,0,0,0,0,0,0,0,0,0,0,0,0,0,0,0,0,0,0,0,0,0,0,0,0,0,0
1.12699,0,0,0,2.87933,1.21248,3.01962,57.5865,24.2495,60.3925,0,0,0,0,0,0,0,0,1151.73,484.991,1207.85,0,0,0,0,0,0,0,0,0,0,0,0,0,0,0,0,0,0,0,0,0,0,0,0,0,0,0,0,0,0,0,0,0,0,0,0,0,0,0,0,0,0,0,0,0,0,0,0,0,0,0,0,0,0,0,0,0,0,0,0
1.18952,0,0,0,2.87978,1.2118,3.02102,0.00915039,-0.0135742,0.0279236,0,0,0,0,0,0,0,0,-1151.55,-485.262,-1207.29,0,0,0,0,0,0,0,0,0,0,0,0,0,0,0,0,0,0,0,0,0,0,0,0,0,0,0,0,0,0,0,0,0,0,0,0,0,0,0,0,0,0,0,0,0,0,0,0,0,0,0,0,0,0,0,0,0,0,0,0
1.18952,0,0,0,2.87978,1.2118,3.02102,0.00915039,-0.0135742,0.0279236,0,0,0,0,0,0,0,0,-1151.55,-485.262,-1207.29,0,0,0,0,0,0,0,0,0,0,0,0,0,0,0,0,0,0,0,0,0,0,0,0,0,0,0,0,0,0,0,0,0,0,0,0,0,0,0,0,0,0,0,0,0,0,0,0,0,0,0,0,0,0,0,0,0,0,0,0
1.25196,0,0,0,2.87979,1.21179,3.02102,7.8125e-05,-0.000241699,-6.19888e-05,0,0,0,0,0,0,0,0,-0.181445,0.26665,-0.559711,0,0,0,0,0,0,0,0,0,0,0,0,0,0,0,0,0,0,0,0,0,0,0,0,0,0,0,0,0,0,0,0,0,0,0,0,0,0,0,0,0,0,0,0,0,0,0,0,0,0,0,0,0,0,0,0,0,0,0,0
1.3145,0,0,0,2.8798,1.2118,3.02095,0.000166016,0.000224609,-0.00140667,0,0,0,0,0,0,0,0,0.00175781,0.00932617,-0.0268936,0,0,0,0,0,0,0,0,0,0,0,0,0,0,0,0,0,0,0,0,0,0,0,0,0,0,0,0,0,0,0,0,0,0,0,0,0,0,0,0,0,0,0,0,0,0,0,0,0,0,0,0,0,0,0,0,0,0,0,0
1.37698,0,0,0,2.87981,1.21179,3.02097,0.000219727,-0.000222168,0.000572205,0,0,0,0,0,0,0,0,0.00107422,-0.00893555,0.0395775,0,0,0,0,0,0,0,0,0,0,0,0,0,0,0,0,0,0,0,0,0,0,0,0,0,0,0,0,0,0,0,0,0,0,0,0,0,0,0,0,0,0,0,0,0,0,0,0,0,0,0,0,0,0,0,0,0,0,0,0
1.43949,0,0,0,2.87981,1.21178,3.02096,9.27734e-05,-8.54492e-05,-0.000252724,0,0,0,0,0,0,0,0,-0.00253906,0.00273438,-0.0164986,0,0,0,0,0,0,0,0,0,0,0,0,0,0,0,0,0,0,0,0,0,0,0,0,0,0,0,0,0,0,0,0,0,0,0,0,0,0,0,0,0,0,0,0,0,0,0,0,0,0,0,0,0,0,0,0,0,0,0,0
1.43949,0,0,0,2.87981,1.21178,3.02096,9.27734e-05,-8.54492e-05,-0.000252724,0,0,0,0,0,0,0,0,-0.00253906,0.00273438,-0.0164986,0,0,0,0,0,0,0,0,0,0,0,0,0,0,0,0,0,0,0,0,0,0,0,0,0,0,0,0,0,0,0,0,0,0,0,0,0,0,0,0,0,0,0,0,0,0,0,0,0,0,0,0,0,0,0,0,0,0,0,0
1.50194,0,0,0,2.8798,1.21179,3.02098,-0.000166016,0.000163574,0.000286102,0,0,0,0,0,0,0,0,-0.00517578,0.00498047,0.0107765,0,0,0,0,0,0,0,0,0,0,0,0,0,0,0,0,0,0,0,0,0,0,0,0,0,0,0,0,0,0,0,0,0,0,0,0,0,0,0,0,0,0,0,0,0,0,0,0,0,0,0,0,0,0,0,0,0,0,0,0
1.56446,0,0,0,2.87981,1.21177,3.02088,9.76562e-05,-0.000378418,-0.00189304,0,0,0,0,0,0,0,0,0.00527344,-0.0108398,-0.0435829,0,0,0,0,0,0,0,0,0,0,0,0,0,0,0,0,0,0,0,0,0,0,0,0,0,0,0,0,0,0,0,0,0,0,0,0,0,0,0,0,0,0,0,0,0,0,0,0,0,0,0,0,0,0,0,0,0,0,0,0
1.62692,0,0,0,2.87982,1.21178,3.02091,0.000244141,0.000158691,0.000658035,0,0,0,0,0,0,0,0,0.00292969,0.0107422,0.0510216,0,0,0,0,0,0,0,0,0,0,0,0,0,0,0,0,0,0,0,0,0,0,0,0,0,0,0,0,0,0,0,0,0,0,0,0,0,0,0,0,0,0,0,0,0,0,0,0,0,0,0,0,0,0,0,0,0,0,0,0
1.68948,0,0,0,2.87982,1.21179,3.02089,0.000244141,0.000148926,-0.00041008,0,0,0,0,0,0,0,0,0.00292969,-0.000195312,-0.0213623,0,0,0,0,0,0,0,0,0,0,0,0,0,0,0,0,0,0,0,0,0,0,0,0,0,0,0,0,0,0,0,0,0,0,0,0,0,0,0,0,0,0,0,0,0,0,0,0,0,0,0,0,0,0,0,0,0,0,0,0
1.68948,0,0,0,2.87982,1.21179,3.02089,0.000244141,0.000148926,-0.00041008,0,0,0,0,0,0,0,0,0.00292969,-0.000195312,-0.0213623,0,0,0,0,0,0,0,0,0,0,0,0,0,0,0,0,0,0,0,0,0,0,0,0,0,0,0,0,0,0,0,0,0,0,0,0,0,0,0,0,0,0,0,0,0,0,0,0,0,0,0,0,0,0,0,0,0,0,0,0
1.75192,0,0,0,2.87981,1.21179,3.02095,-0.000141602,-2.44141e-06,0.00105858,0,0,0,0,0,0,0,0,-0.00771484,-0.00302734,0.0293732,0,0,0,0,0,0,0,0,0,0,0,0,0,0,0,0,0,0,0,0,0,0,0,0,0,0,0,0,0,0,0,0,0,0,0,0,0,0,0,0,0,0,0,0,0,0,0,0,0,0,0,0,0,0,0,0,0,0,0,0
1.81448,0,0,0,2.87982,1.21177,3.02095,0.000112305,-0.000256348,3.33786e-05,0,0,0,0,0,0,0,0,0.00507812,-0.00507813,-0.020504,0,0,0,0,0,0,0,0,0,0,0,0,0,0,0,0,0,0,0,0,0,0,0,0,0,0,0,0,0,0,0,0,0,0,0,0,0,0,0,0,0,0,0,0,0,0,0,0,0,0,0,0,0,0,0,0,0,0,0,0
1.87697,0,0,0,2.87981,1.2118,3.02093,-0.000131836,0.000500488,-0.000286102,0,0,0,0,0,0,0,0,-0.00488281,0.0151367,-0.00638962,0,0,0,0,0,0,0,0,0,0,0,0,0,0,0,0,0,0,0,0,0,0,0,0,0,0,0,0,0,0,0,0,0,0,0,0,0,0,0,0,0,0,0,0,0,0,0,0,0,0,0,0,0,0,0,0,0,0,0,0
1.93948,0,0,0,2.87982,1.21177,3.02099,0.00015625,-0.000466309,0.00117302,0,0,0,0,0,0,0,0,0.00576172,-0.0193359,0.0291824,0,0,0,0,0,0,0,0,0,0,0,0,0,0,0,0,0,0,0,0,0,0,0,0,0,0,0,0,0,0,0,0,0,0,0,0,0,0,0,0,0,0,0,0,0,0,0,0,0,0,0,0,0,0,0,0,0,0,0,0
1.93948,0,0,0,2.87982,1.21177,3.02099,0.00015625,-0.000466309,0.00117302,0,0,0,0,0,0,0,0,0.00576172,-0.0193359,0.0291824,0,0,0,0,0,0,0,0,0,0,0,0,0,0,0,0,0,0,0,0,0,0,0,0,0,0,0,0,0,0,0,0,0,0,0,0,0,0,0,0,0,0,0,0,0,0,0,0,0,0,0,0,0,0,0,0,0,0,0,0
2.00191,0,0,0,2.87981,1.2118,3.021,-0.000239258,0.000480957,0.000123978,0,0,0,0,0,0,0,0,-0.00791016,0.0189453,-0.0209808,0,0,0,0,0,0,0,0,0,0,0,0,0,0,0,0,0,0,0,0,0,0,0,0,0,0,0,0,0,0,0,0,0,0,0,0,0,0,0,0,0,0,0,0,0,0,0,0,0,0,0,0,0,0,0,0,0,0,0,0
2.06443,0,0,0,2.87981,1.2118,3.02092,7.8125e-05,-4.63867e-05,-0.00154972,0,0,0,0,0,0,0,0,0.00634766,-0.0105469,-0.033474,0,0,0,0,0,0,0,0,0,0,0,0,0,0,0,0,0,0,0,0,0,0,0,0,0,0,0,0,0,0,0,0,0,0,0,0,0,0,0,0,0,0,0,0,0,0,0,0,0,0,0,0,0,0,0,0,0,0,0,0
2.12691,0,0,0,2.87981,1.21179,3.02094,4.88281e-05,-7.56836e-05,0.000271797,0,0,0,0,0,0,0,0,-0.000585938,-0.000585938,0.0364304,0,0,0,0,0,0,0,0,0,0,0,0,0,0,0,0,0,0,0,0,0,0,0,0,0,0,0,0,0,0,0,0,0,0,0,0,0,0,0,0,0,0,0,0,0,0,0,0,0,0,0,0,0,0,0,0,0,0,0,0
2.18946,0,0,0,2.87982,1.21177,3.02094,0.000126953,-0.000383301,0.000166893,0,0,0,0,0,0,0,0,0.0015625,-0.00615234,-0.00209808,0,0,0,0,0,0,0,0,0,0,0,0,0,0,0,0,0,0,0,0,0,0,0,0,0,0,0,0,0,0,0,0,0,0,0,0,0,0,0,0,0,0,0,0,0,0,0,0,0,0,0,0,0,0,0,0,0,0,0,0
2.18946,0,0,0,2.87982,1.21177,3.02094,0.000126953,-0.000383301,0.000166893,0,0,0,0,0,0,0,0,0.0015625,-0.00615234,-0.00209808,0,0,0,0,0,0,0,0,0,0,0,0,0,0,0,0,0,0,0,0,0,0,0,0,0,0,0,0,0,0,0,0,0,0,0,0,0,0,0,0,0,0,0,0,0,0,0,0,0,0,0,0,0,0,0,0,0,0,0,0
2.25191,0,0,0,2.87981,1.21179,3.02093,-0.000180664,0.000305176,-0.000338554,0,0,0,0,0,0,0,0,-0.00615234,0.0137695,-0.0101089,0,0,0,0,0,0,0,0,0,0,0,0,0,0,0,0,0,0,0,0,0,0,0,0,0,0,0,0,0,0,0,0,0,0,0,0,0,0,0,0,0,0,0,0,0,0,0,0,0,0,0,0,0,0,0,0,0,0,0,0
2.31442,0,0,0,2.87981,1.21181,3.02093,-1.95313e-05,0.000336914,-1.43051e-05,0,0,0,0,0,0,0,0,0.00322266,0.000634766,0.00648499,0,0,0,0,0,0,0,0,0,0,0,0,0,0,0,0,0,0,0,0,0,0,0,0,0,0,0,0,0,0,0,0,0,0,0,0,0,0,0,0,0,0,0,0,0,0,0,0,0,0,0,0,0,0,0,0,0,0,0,0
2.37691,0,0,0,2.87982,1.21179,3.02093,0.000107422,-0.000368652,0.000128746,0,0,0,0,0,0,0,0,0.00253906,-0.0141113,0.00286102,0,0,0,0,0,0,0,0,0,0,0,0,0,0,0,0,0,0,0,0,0,0,0,0,0,0,0,0,0,0,0,0,0,0,0,0,0,0,0,0,0,0,0,0,0,0,0,0,0,0,0,0,0,0,0,0,0,0,0,0
2.43941,0,0,0,2.87982,1.21177,3.02088,0.000175781,-0.000354004,-0.00113964,0,0,0,0,0,0,0,0,0.00136719,0.000292969,-0.0253677,0,0,0,0,0,0,0,0,0,0,0,0,0,0,0,0,0,0,0,0,0,0,0,0,0,0,0,0,0,0,0,0,0,0,0,0,0,0,0,0,0,0,0,0,0,0,0,0,0,0,0,0,0,0,0,0,0,0,0,0
2.43941,0,0,0,2.87982,1.21177,3.02088,0.000175781,-0.000354004,-0.00113964,0,0,0,0,0,0,0,0,0.00136719,0.000292969,-0.0253677,0,0,0,0,0,0,0,0,0,0,0,0,0,0,0,0,0,0,0,0,0,0,0,0,0,0,0,0,0,0,0,0,0,0,0,0,0,0,0,0,0,0,0,0,0,0,0,0,0,0,0,0,0,0,0,0,0,0,0,0
2.5019,0,0,0,2.8798,1.2118,3.02092,-0.000415039,0.000690918,0.000805855,0,0,0,0,0,0,0,0,-0.0118164,0.0208984,0.0389099,0,0,0,0,0,0,0,0,0,0,0,0,0,0,0,0,0,0,0,0,0,0,0,0,0,0,0,0,0,0,0,0,0,0,0,0,0,0,0,0,0,0,0,0,0,0,0,0,0,0,0,0,0,0,0,0,0,0,0,0
2.56438,0,0,0,2.87982,1.2118,3.02093,0.000307617,-6.10352e-05,0.00026226,0,0,0,0,0,0,0,0,0.0144531,-0.0150391,-0.0108719,0,0,0,0,0,0,0,0,0,0,0,0,0,0,0,0,0,0,0,0,0,0,0,0,0,0,0,0,0,0,0,0,0,0,0,0,0,0,0,0,0,0,0,0,0,0,0,0,0,0,0,0,0,0,0,0,0,0,0,0
2.62687,0,0,0,2.87982,1.21179,3.02089,-3.41797e-05,-0.000302734,-0.000686646,0,0,0,0,0,0,0,0,-0.00683594,-0.00483398,-0.0189781,0,0,0,0,0,0,0,0,0,0,0,0,0,0,0,0,0,0,0,0,0,0,0,0,0,0,0,0,0,0,0,0,0,0,0,0,0,0,0,0,0,0,0,0,0,0,0,0,0,0,0,0,0,0,0,0,0,0,0,0
2.68937,0,0,0,2.87982,1.21178,3.02103,3.90625e-05,-0.00013916,0.00267506,0,0,0,0,0,0,0,0,0.00146484,0.00327148,0.067234,0,0,0,0,0,0,0,0,0,0,0,0,0,0,0,0,0,0,0,0,0,0,0,0,0,0,0,0,0,0,0,0,0,0,0,0,0,0,0,0,0,0,0,0,0,0,0,0,0,0,0,0,0,0,0,0,0,0,0,0
2.68937,0,0,0,2.87982,1.21178,3.02103,3.90625e-05,-0.00013916,0.00267506,0,0,0,0,0,0,0,0,0.00146484,0.00327148,0.067234,0,0,0,0,0,0,0,0,0,0,0,0,0,0,0,0,0,0,0,0,0,0,0,0,0,0,0,0,0,0,0,0,0,0,0,0,0,0,0,0,0,0,0,0,0,0,0,0,0,0,0,0,0,0,0,0,0,0,0,0
2.75191,0,0,0,2.87981,1.21179,3.02102,-0.00019043,0.000239258,-0.000152588,0,0,0,0,0,0,0,0,-0.00458984,0.00756836,-0.0565529,0,0,0,0,0,0,0,0,0,0,0,0,0,0,0,0,0,0,0,0,0,0,0,0,0,0,0,0,0,0,0,0,0,0,0,0,0,0,0,0,0,0,0,0,0,0,0,0,0,0,0,0,0,0,0,0,0,0,0,0
2.81439,0,0,0,2.87981,1.21179,3.02096,-2.44141e-05,-5.61523e-05,-0.00114918,0,0,0,0,0,0,0,0,0.00332031,-0.0059082,-0.0199318,0,0,0,0,0,0,0,0,0,0,0,0,0,0,0,0,0,0,0,0,0,0,0,0,0,0,0,0,0,0,0,0,0,0,0,0,0,0,0,0,0,0,0,0,0,0,0,0,0,0,0,0,0,0,0,0,0,0,0,0
2.8769,0,0,0,2.87981,1.21181,3.02089,-7.8125e-05,0.000393066,-0.00142097,0,0,0,0,0,0,0,0,-0.00107422,0.00898437,-0.00543594,0,0,0,0,0,0,0,0,0,0,0,0,0,0,0,0,0,0,0,0,0,0,0,0,0,0,0,0,0,0,0,0,0,0,0,0,0,0,0,0,0,0,0,0,0,0,0,0,0,0,0,0,0,0,0,0,0,0,0,0
2.93938,0,0,0,2.87981,1.21179,3.02086,0.00015625,-0.000378418,-0.000734329,0,0,0,0,0,0,0,0,0.0046875,-0.0154297,0.0137329,0,0,0,0,0,0,0,0,0,0,0,0,0,0,0,0,0,0,0,0,0,0,0,0,0,0,0,0,0,0,0,0,0,0,0,0,0,0,0,0,0,0,0,0,0,0,0,0,0,0,0,0,0,0,0,0,0,0,0,0
2.93938,0,0,0,2.87981,1.21179,3.02086,0.00015625,-0.000378418,-0.000734329,0,0,0,0,0,0,0,0,0.0046875,-0.0154297,0.0137329,0,0,0,0,0,0,0,0,0,0,0,0,0,0,0,0,0,0,0,0,0,0,0,0,0,0,0,0,0,0,0,0,0,0,0,0,0,0,0,0,0,0,0,0,0,0,0,0,0,0,0,0,0,0,0,0,0,0,0,0
3.0019,0,0,0,2.87981,1.21179,3.02095,-7.32422e-05,6.5918e-05,0.00191212,0,0,0,0,0,0,0,0,-0.00458984,0.00888672,0.0529289,0,0,0,0,0,0,0,0,0,0,0,0,0,0,0,0,0,0,0,0,0,0,0,0,0,0,0,0,0,0,0,0,0,0,0,0,0,0,0,0,0,0,0,0,0,0,0,0,0,0,0,0,0,0,0,0,0,0,0,0
3.06434,0,0,0,2.87981,1.21179,3.0209,9.27734e-05,2.68555e-05,-0.000963211,0,0,0,0,0,0,0,0,0.00332031,-0.00078125,-0.0575066,0,0,0,0,0,0,0,0,0,0,0,0,0,0,0,0,0,0,0,0,0,0,0,0,0,0,0,0,0,0,0,0,0,0,0,0,0,0,0,0,0,0,0,0,0,0,0,0,0,0,0,0,0,0,0,0,0,0,0,0
3.12684,0,0,0,2.87982,1.2118,3.02093,2.92969e-05,4.88281e-05,0.000619888,0,0,0,0,0,0,0,0,-0.00126953,0.000439453,0.031662,0,0,0,0,0,0,0,0,0,0,0,0,0,0,0,0,0,0,0,0,0,0,0,0,0,0,0,0,0,0,0,0,0,0,0,0,0,0,0,0,0,0,0,0,0,0,0,0,0,0,0,0,0,0,0,0,0,0,0,0
3.18934,0,0,0,2.87982,1.21178,3.02094,5.85938e-05,-0.000292969,0.000100136,0,0,0,0,0,0,0,0,0.000585938,-0.00683594,-0.0103951,0,0,0,0,0,0,0,0,0,0,0,0,0,0,0,0,0,0,0,0,0,0,0,0,0,0,0,0,0,0,0,0,0,0,0,0,0,0,0,0,0,0,0,0,0,0,0,0,0,0,0,0,0,0,0,0,0,0,0,0
3.18934,0,0,0,2.87982,1.21178,3.02094,5.85938e-05,-0.000292969,0.000100136,0,0,0,0,0,0,0,0,0.000585938,-0.00683594,-0.0103951,0,0,0,0,0,0,0,0,0,0,0,0,0,0,0,0,0,0,0,0,0,0,0,0,0,0,0,0,0,0,0,0,0,0,0,0,0,0,0,0,0,0,0,0,0,0,0,0,0,0,0,0,0,0,0,0,0,0,0,0
3.25189,0,0,0,2.87982,1.21178,3.02094,1.46484e-05,-1.46484e-05,7.15256e-05,0,0,0,0,0,0,0,0,-0.000878906,0.00556641,-0.000572205,0,0,0,0,0,0,0,0,0,0,0,0,0,0,0,0,0,0,0,0,0,0,0,0,0,0,0,0,0,0,0,0,0,0,0,0,0,0,0,0,0,0,0,0,0,0,0,0,0,0,0,0,0,0,0,0,0,0,0,0
3.31437,0,0,0,2.87982,1.21178,3.02093,-4.39453e-05,-1.2207e-05,-0.000195503,0,0,0,0,0,0,0,0,-0.00117187,4.88281e-05,-0.00534058,0,0,0,0,0,0,0,0,0,0,0,0,0,0,0,0,0,0,0,0,0,0,0,0,0,0,0,0,0,0,0,0,0,0,0,0,0,0,0,0,0,0,0,0,0,0,0,0,0,0,0,0,0,0,0,0,0,0,0,0
3.37685,0,0,0,2.87982,1.21177,3.02091,0.00015625,-0.000183105,-0.000367165,0,0,0,0,0,0,0,0,0.00400391,-0.00341797,-0.00343323,0,0,0,0,0,0,0,0,0,0,0,0,0,0,0,0,0,0,0,0,0,0,0,0,0,0,0,0,0,0,0,0,0,0,0,0,0,0,0,0,0,0,0,0,0,0,0,0,0,0,0,0,0,0,0,0,0,0,0,0
3.43933,0,0,0,2.87982,1.21179,3.02098,-0.000180664,0.000407715,0.0013113,0,0,0,0,0,0,0,0,-0.00673828,0.0118164,0.0335693,0,0,0,0,0,0,0,0,0,0,0,0,0,0,0,0,0,0,0,0,0,0,0,0,0,0,0,0,0,0,0,0,0,0,0,0,0,0,0,0,0,0,0,0,0,0,0,0,0,0,0,0,0,0,0,0,0,0,0,0
3.43933,0,0,0,2.87982,1.21179,3.02098,-0.000180664,0.000407715,0.0013113,0,0,0,0,0,0,0,0,-0.00673828,0.0118164,0.0335693,0,0,0,0,0,0,0,0,0,0,0,0,0,0,0,0,0,0,0,0,0,0,0,0,0,0,0,0,0,0,0,0,0,0,0,0,0,0,0,0,0,0,0,0,0,0,0,0,0,0,0,0,0,0,0,0,0,0,0,0
3.50191,0,0,0,2.87981,1.21178,3.02091,-2.44141e-05,-0.000202637,-0.00133991,0,0,0,0,0,0,0,0,0.003125,-0.012207,-0.0530243,0,0,0,0,0,0,0,0,0,0,0,0,0,0,0,0,0,0,0,0,0,0,0,0,0,0,0,0,0,0,0,0,0,0,0,0,0,0,0,0,0,0,0,0,0,0,0,0,0,0,0,0,0,0,0,0,0,0,0,0
3.56432,0,0,0,2.87981,1.2118,3.0209,-5.85937e-05,0.000388184,-0.000252724,0,0,0,0,0,0,0,0,-0.000683594,0.0118164,0.0217438,0,0,0,0,0,0,0,0,0,0,0,0,0,0,0,0,0,0,0,0,0,0,0,0,0,0,0,0,0,0,0,0,0,0,0,0,0,0,0,0,0,0,0,0,0,0,0,0,0,0,0,0,0,0,0,0,0,0,0,0
3.62684,0,0,0,2.87982,1.21178,3.02092,0.000131836,-0.000319824,0.000443459,0,0,0,0,0,0,0,0,0.00380859,-0.0141602,0.0139236,0,0,0,0,0,0,0,0,0,0,0,0,0,0,0,0,0,0,0,0,0,0,0,0,0,0,0,0,0,0,0,0,0,0,0,0,0,0,0,0,0,0,0,0,0,0,0,0,0,0,0,0,0,0,0,0,0,0,0,0
3.68931,0,0,0,2.87983,1.21178,3.02096,0.000151367,-6.10352e-05,0.000810623,0,0,0,0,0,0,0,0,0.000390625,0.00517578,0.00734329,0,0,0,0,0,0,0,0,0,0,0,0,0,0,0,0,0,0,0,0,0,0,0,0,0,0,0,0,0,0,0,0,0,0,0,0,0,0,0,0,0,0,0,0,0,0,0,0,0,0,0,0,0,0,0,0,0,0,0,0
3.68931,0,0,0,2.87983,1.21178,3.02096,0.000151367,-6.10352e-05,0.000810623,0,0,0,0,0,0,0,0,0.000390625,0.00517578,0.00734329,0,0,0,0,0,0,0,0,0,0,0,0,0,0,0,0,0,0,0,0,0,0,0,0,0,0,0,0,0,0,0,0,0,0,0,0,0,0,0,0,0,0,0,0,0,0,0,0,0,0,0,0,0,0,0,0,0,0,0,0
3.7518,0,0,0,2.87981,1.21179,3.02091,-0.000263672,0.000148926,-0.00105858,0,0,0,0,0,0,0,0,-0.00830078,0.00419922,-0.037384,0,0,0,0,0,0,0,0,0,0,0,0,0,0,0,0,0,0,0,0,0,0,0,0,0,0,0,0,0,0,0,0,0,0,0,0,0,0,0,0,0,0,0,0,0,0,0,0,0,0,0,0,0,0,0,0,0,0,0,0
3.81436,0,0,0,2.87982,1.21178,3.02093,9.76563e-05,-0.000212402,0.000472069,0,0,0,0,0,0,0,0,0.00722656,-0.00722656,0.0306129,0,0,0,0,0,0,0,0,0,0,0,0,0,0,0,0,0,0,0,0,0,0,0,0,0,0,0,0,0,0,0,0,0,0,0,0,0,0,0,0,0,0,0,0,0,0,0,0,0,0,0,0,0,0,0,0,0,0,0,0
3.87682,0,0,0,2.87981,1.2118,3.02098,-0.000136719,0.00036377,0.000863075,0,0,0,0,0,0,0,0,-0.0046875,0.0115234,0.00782013,0,0,0,0,0,0,0,0,0,0,0,0,0,0,0,0,0,0,0,0,0,0,0,0,0,0,0,0,0,0,0,0,0,0,0,0,0,0,0,0,0,0,0,0,0,0,0,0,0,0,0,0,0,0,0,0,0,0,0,0
3.93932,0,0,0,2.87981,1.2118,3.02098,5.37109e-05,7.56836e-05,-2.38419e-05,0,0,0,0,0,0,0,0,0.00380859,-0.00576172,-0.0177383,0,0,0,0,0,0,0,0,0,0,0,0,0,0,0,0,0,0,0,0,0,0,0,0,0,0,0,0,0,0,0,0,0,0,0,0,0,0,0,0,0,0,0,0,0,0,0,0,0,0,0,0,0,0,0,0,0,0,0,0
3.93932,0,0,0,2.87981,1.2118,3.02098,5.37109e-05,7.56836e-05,-2.38419e-05,0,0,0,0,0,0,0,0,0.00380859,-0.00576172,-0.0177383,0,0,0,0,0,0,0,0,0,0,0,0,0,0,0,0,0,0,0,0,0,0,0,0,0,0,0,0,0,0,0,0,0,0,0,0,0,0,0,0,0,0,0,0,0,0,0,0,0,0,0,0,0,0,0,0,0,0,0,0
4.00179,0,0,0,2.87981,1.2118,3.02097,-4.88281e-05,-5.37109e-05,-8.58307e-05,0,0,0,0,0,0,0,0,-0.00205078,-0.00258789,-0.00123978,0,0,0,0,0,0,0,0,0,0,0,0,0,0,0,0,0,0,0,0,0,0,0,0,0,0,0,0,0,0,0,0,0,0,0,0,0,0,0,0,0,0,0,0,0,0,0,0,0,0,0,0,0,0,0,0,0,0,0,0
4.06433,0,0,0,2.87982,1.21179,3.02094,0.000136719,-0.000200195,-0.000581741,0,0,0,0,0,0,0,0,0.00371094,-0.00292969,-0.00991821,0,0,0,0,0,0,0,0,0,0,0,0,0,0,0,0,0,0,0,0,0,0,0,0,0,0,0,0,0,0,0,0,0,0,0,0,0,0,0,0,0,0,0,0,0,0,0,0,0,0,0,0,0,0,0,0,0,0,0,0
4.12678,0,0,0,2.87982,1.21179,3.02092,1.46484e-05,-2.44141e-05,-0.000524521,0,0,0,0,0,0,0,0,-0.00244141,0.00351563,0.00114441,0,0,0,0,0,0,0,0,0,0,0,0,0,0,0,0,0,0,0,0,0,0,0,0,0,0,0,0,0,0,0,0,0,0,0,0,0,0,0,0,0,0,0,0,0,0,0,0,0,0,0,0,0,0,0,0,0,0,0,0
4.18928,0,0,0,2.87982,1.21177,3.02097,4.88281e-05,-0.000273437,0.00109196,0,0,0,0,0,0,0,0,0.000683594,-0.00498047,0.0323296,0,0,0,0,0,0,0,0,0,0,0,0,0,0,0,0,0,0,0,0,0,0,0,0,0,0,0,0,0,0,0,0,0,0,0,0,0,0,0,0,0,0,0,0,0,0,0,0,0,0,0,0,0,0,0,0,0,0,0,0
4.18928,0,0,0,2.87982,1.21177,3.02097,4.88281e-05,-0.000273437,0.00109196,0,0,0,0,0,0,0,0,0.000683594,-0.00498047,0.0323296,0,0,0,0,0,0,0,0,0,0,0,0,0,0,0,0,0,0,0,0,0,0,0,0,0,0,0,0,0,0,0,0,0,0,0,0,0,0,0,0,0,0,0,0,0,0,0,0,0,0,0,0,0,0,0,0,0,0,0,0
4.25178,0,0,0,2.87981,1.21179,3.02094,-0.000234375,0.00029541,-0.000658035,0,0,0,0,0,0,0,0,-0.00566406,0.011377,-0.0349998,0,0,0,0,0,0,0,0,0,0,0,0,0,0,0,0,0,0,0,0,0,0,0,0,0,0,0,0,0,0,0,0,0,0,0,0,0,0,0,0,0,0,0,0,0,0,0,0,0,0,0,0,0,0,0,0,0,0,0,0
4.31432,0,0,0,2.87981,1.21178,3.02096,2.44141e-05,-5.61523e-05,0.000457764,0,0,0,0,0,0,0,0,0.00517578,-0.00703125,0.022316,0,0,0,0,0,0,0,0,0,0,0,0,0,0,0,0,0,0,0,0,0,0,0,0,0,0,0,0,0,0,0,0,0,0,0,0,0,0,0,0,0,0,0,0,0,0,0,0,0,0,0,0,0,0,0,0,0,0,0,0
4.37677,0,0,0,2.87981,1.2118,3.02097,2.92969e-05,0.000214844,0.000171661,0,0,0,0,0,0,0,0,9.76563e-05,0.00541992,-0.00572205,0,0,0,0,0,0,0,0,0,0,0,0,0,0,0,0,0,0,0,0,0,0,0,0,0,0,0,0,0,0,0,0,0,0,0,0,0,0,0,0,0,0,0,0,0,0,0,0,0,0,0,0,0,0,0,0,0,0,0,0
4.43927,0,0,0,2.87981,1.21179,3.02094,2.92969e-05,-2.68555e-05,-0.000491142,0,0,0,0,0,0,0,0,-1.77636e-13,-0.00483398,-0.0132561,0,0,0,0,0,0,0,0,0,0,0,0,0,0,0,0,0,0,0,0,0,0,0,0,0,0,0,0,0,0,0,0,0,0,0,0,0,0,0,0,0,0,0,0,0,0,0,0,0,0,0,0,0,0,0,0,0,0,0,0
4.43927,0,0,0,2.87981,1.21179,3.02094,2.92969e-05,-2.68555e-05,-0.000491142,0,0,0,0,0,0,0,0,-1.77636e-13,-0.00483398,-0.0132561,0,0,0,0,0,0,0,0,0,0,0,0,0,0,0,0,0,0,0,0,0,0,0,0,0,0,0,0,0,0,0,0,0,0,0,0,0,0,0,0,0,0,0,0,0,0,0,0,0,0,0,0,0,0,0,0,0,0,0,0
4.50177,0,0,0,2.87981,1.21179,3.02087,-0.000161133,-6.5918e-05,-0.00146389,0,0,0,0,0,0,0,0,-0.00380859,-0.00078125,-0.019455,0,0,0,0,0,0,0,0,0,0,0,0,0,0,0,0,0,0,0,0,0,0,0,0,0,0,0,0,0,0,0,0,0,0,0,0,0,0,0,0,0,0,0,0,0,0,0,0,0,0,0,0,0,0,0,0,0,0,0,0
4.5643,0,0,0,2.87981,1.2118,3.02093,6.83594e-05,0.000280762,0.00108242,0,0,0,0,0,0,0,0,0.00458984,0.00693359,0.0509262,0,0,0,0,0,0,0,0,0,0,0,0,0,0,0,0,0,0,0,0,0,0,0,0,0,0,0,0,0,0,0,0,0,0,0,0,0,0,0,0,0,0,0,0,0,0,0,0,0,0,0,0,0,0,0,0,0,0,0,0
4.62679,0,0,0,2.87982,1.21179,3.02103,0.000136719,-0.000344238,0.00212669,0,0,0,0,0,0,0,0,0.00136719,-0.0125,0.0208855,0,0,0,0,0,0,0,0,0,0,0,0,0,0,0,0,0,0,0,0,0,0,0,0,0,0,0,0,0,0,0,0,0,0,0,0,0,0,0,0,0,0,0,0,0,0,0,0,0,0,0,0,0,0,0,0,0,0,0,0
4.68929,0,0,0,2.87982,1.21179,3.02102,0.000136719,-1.2207e-05,-0.000333786,0,0,0,0,0,0,0,0,0.00136719,0.00664063,-0.0492096,0,0,0,0,0,0,0,0,0,0,0,0,0,0,0,0,0,0,0,0,0,0,0,0,0,0,0,0,0,0,0,0,0,0,0,0,0,0,0,0,0,0,0,0,0,0,0,0,0,0,0,0,0,0,0,0,0,0,0,0
4.68929,0,0,0,2.87982,1.21179,3.02102,0.000136719,-1.2207e-05,-0.000333786,0,0,0,0,0,0,0,0,0.00136719,0.00664063,-0.0492096,0,0,0,0,0,0,0,0,0,0,0,0,0,0,0,0,0,0,0,0,0,0,0,0,0,0,0,0,0,0,0,0,0,0,0,0,0,0,0,0,0,0,0,0,0,0,0,0,0,0,0,0,0,0,0,0,0,0,0,0
4.75177,0,0,0,2.87981,1.21179,3.02098,-0.000170898,2.68555e-05,-0.000710487,0,0,0,0,0,0,0,0,-0.00615234,0.00078125,-0.00753403,0,0,0,0,0,0,0,0,0,0,0,0,0,0,0,0,0,0,0,0,0,0,0,0,0,0,0,0,0,0,0,0,0,0,0,0,0,0,0,0,0,0,0,0,0,0,0,0,0,0,0,0,0,0,0,0,0,0,0,0
4.8143,0,0,0,2.87981,1.21179,3.02095,3.41797e-05,5.37109e-05,-0.000638962,0,0,0,0,0,0,0,0,0.00410156,0.000537109,0.00143051,0,0,0,0,0,0,0,0,0,0,0,0,0,0,0,0,0,0,0,0,0,0,0,0,0,0,0,0,0,0,0,0,0,0,0,0,0,0,0,0,0,0,0,0,0,0,0,0,0,0,0,0,0,0,0,0,0,0,0,0
4.87677,0,0,0,2.87981,1.21179,3.02097,-6.83594e-05,5.37109e-05,0.000505447,0,0,0,0,0,0,0,0,-0.00205078,0.000537109,0.0228882,0,0,0,0,0,0,0,0,0,0,0,0,0,0,0,0,0,0,0,0,0,0,0,0,0,0,0,0,0,0,0,0,0,0,0,0,0,0,0,0,0,0,0,0,0,0,0,0,0,0,0,0,0,0,0,0,0,0,0,0
4.93926,0,0,0,2.87982,1.21178,3.02092,0.000244141,-0.000126953,-0.00105858,0,0,0,0,0,0,0,0,0.00625,-0.00361328,-0.0312805,0,0,0,0,0,0,0,0,0,0,0,0,0,0,0,0,0,0,0,0,0,0,0,0,0,0,0,0,0,0,0,0,0,0,0,0,0,0,0,0,0,0,0,0,0,0,0,0,0,0,0,0,0,0,0,0,0,0,0,0
4.93926,0,0,0,2.87982,1.21178,3.02092,0.000244141,-0.000126953,-0.00105858,0,0,0,0,0,0,0,0,0.00625,-0.00361328,-0.0312805,0,0,0,0,0,0,0,0,0,0,0,0,0,0,0,0,0,0,0,0,0,0,0,0,0,0,0,0,0,0,0,0,0,0,0,0,0,0,0,0,0,0,0,0,0,0,0,0,0,0,0,0,0,0,0,0,0,0,0,0
5.00173,0,0,0,2.87981,1.21179,3.02087,-8.78906e-05,0.000126953,-0.000915527,0,0,0,0,0,0,0,0,-0.00664062,0.00507812,0.00286102,0,0,0,0,0,0,0,0,0,0,0,0,0,0,0,0,0,0,0,0,0,0,0,0,0,0,0,0,0,0,0,0,0,0,0,0,0,0,0,0,0,0,0,0,0,0,0,0,0,0,0,0,0,0,0,0,0,0,0,0
5.06429,0,0,0,2.87982,1.21177,3.02099,6.83594e-05,-0.000332031,0.00222206,0,0,0,0,0,0,0,0,0.003125,-0.00917969,0.0627518,0,0,0,0,0,0,0,0,0,0,0,0,0,0,0,0,0,0,0,0,0,0,0,0,0,0,0,0,0,0,0,0,0,0,0,0,0,0,0,0,0,0,0,0,0,0,0,0,0,0,0,0,0,0,0,0,0,0,0,0
5.12674,0,0,0,2.87982,1.21177,3.02094,9.27734e-05,-0.000131836,-0.000844002,0,0,0,0,0,0,0,0,0.000488281,0.00400391,-0.0613213,0,0,0,0,0,0,0,0,0,0,0,0,0,0,0,0,0,0,0,0,0,0,0,0,0,0,0,0,0,0,0,0,0,0,0,0,0,0,0,0,0,0,0,0,0,0,0,0,0,0,0,0,0,0,0,0,0,0,0,0
5.18924,0,0,0,2.87982,1.21178,3.02097,4.88281e-06,0.000275879,0.000548363,0,0,0,0,0,0,0,0,-0.00175781,0.0081543,0.0278473,0,0,0,0,0,0,0,0,0,0,0,0,0,0,0,0,0,0,0,0,0,0,0,0,0,0,0,0,0,0,0,0,0,0,0,0,0,0,0,0,0,0,0,0,0,0,0,0,0,0,0,0,0,0,0,0,0,0,0,0
5.25171,0,0,0,2.87982,1.21179,3.02099,-6.83594e-05,0.00010498,0.000386238,0,0,0,0,0,0,0,0,-0.00146484,-0.00341797,-0.00324249,0,0,0,0,0,0,0,0,0,0,0,0,0,0,0,0,0,0,0,0,0,0,0,0,0,0,0,0,0,0,0,0,0,0,0,0,0,0,0,0,0,0,0,0,0,0,0,0,0,0,0,0,0,0,0,0,0,0,0,0
5.25171,0,0,0,2.87982,1.21179,3.02099,-6.83594e-05,0.00010498,0.000386238,0,0,0,0,0,0,0,0,-0.00146484,-0.00341797,-0.00324249,0,0,0,0,0,0,0,0,0,0,0,0,0,0,0,0,0,0,0,0,0,0,0,0,0,0,0,0,0,0,0,0,0,0,0,0,0,0,0,0,0,0,0,0,0,0,0,0,0,0,0,0,0,0,0,0,0,0,0,0
5.31425,0,0,0,2.87982,1.21179,3.02099,-3.90625e-05,0.000112305,-9.53674e-06,0,0,0,0,0,0,0,0,0.000585937,0.000146484,-0.0079155,0,0,0,0,0,0,0,0,0,0,0,0,0,0,0,0,0,0,0,0,0,0,0,0,0,0,0,0,0,0,0,0,0,0,0,0,0,0,0,0,0,0,0,0,0,0,0,0,0,0,0,0,0,0,0,0,0,0,0,0
5.37674,0,0,0,2.87981,1.21179,3.02097,-0.000175781,-4.63867e-05,-0.000395775,0,0,0,0,0,0,0,0,-0.00273438,-0.00317383,-0.00772476,0,0,0,0,0,0,0,0,0,0,0,0,0,0,0,0,0,0,0,0,0,0,0,0,0,0,0,0,0,0,0,0,0,0,0,0,0,0,0,0,0,0,0,0,0,0,0,0,0,0,0,0,0,0,0,0,0,0,0,0
5.43921,0,0,0,2.87981,1.21179,3.02095,-0.000175781,-4.88281e-05,-0.000367165,0,0,0,0,0,0,0,0,-0.00273438,-4.88281e-05,0.000572205,0,0,0,0,0,0,0,0,0,0,0,0,0,0,0,0,0,0,0,0,0,0,0,0,0,0,0,0,0,0,0,0,0,0,0,0,0,0,0,0,0,0,0,0,0,0,0,0,0,0,0,0,0,0,0,0,0,0,0,0
5.43921,0,0,0,2.87981,1.21179,3.02095,-0.000175781,-4.88281e-05,-0.000367165,0,0,0,0,0,0,0,0,-0.00273438,-4.88281e-05,0.000572205,0,0,0,0,0,0,0,0,0,0,0,0,0,0,0,0,0,0,0,0,0,0,0,0,0,0,0,0,0,0,0,0,0,0,0,0,0,0,0,0,0,0,0,0,0,0,0,0,0,0,0,0,0,0,0,0,0,0,0,0
5.50169,0,0,0,2.8798,1.21179,3.02096,-8.78906e-05,7.32422e-06,0.000185966,0,0,0,0,0,0,0,0,0.00175781,0.00112305,0.0110626,0,0,0,0,0,0,0,0,0,0,0,0,0,0,0,0,0,0,0,0,0,0,0,0,0,0,0,0,0,0,0,0,0,0,0,0,0,0,0,0,0,0,0,0,0,0,0,0,0,0,0,0,0,0,0,0,0,0,0,0
5.5642,0,0,0,2.87981,1.21179,3.02096,0.000131836,-4.88281e-05,7.62939e-05,0,0,0,0,0,0,0,0,0.00439453,-0.00112305,-0.00219345,0,0,0,0,0,0,0,0,0,0,0,0,0,0,0,0,0,0,0,0,0,0,0,0,0,0,0,0,0,0,0,0,0,0,0,0,0,0,0,0,0,0,0,0,0,0,0,0,0,0,0,0,0,0,0,0,0,0,0,0
5.62674,0,0,0,2.87981,1.21179,3.02095,6.34766e-05,9.0332e-05,-0.000324249,0,0,0,0,0,0,0,0,-0.00136719,0.0027832,-0.00801086,0,0,0,0,0,0,0,0,0,0,0,0,0,0,0,0,0,0,0,0,0,0,0,0,0,0,0,0,0,0,0,0,0,0,0,0,0,0,0,0,0,0,0,0,0,0,0,0,0,0,0,0,0,0,0,0,0,0,0,0
5.6892,0,0,0,2.87982,1.21178,3.02098,0.000136719,-0.000146484,0.000557899,0,0,0,0,0,0,0,0,0.00146484,-0.00473633,0.017643,0,0,0,0,0,0,0,0,0,0,0,0,0,0,0,0,0,0,0,0,0,0,0,0,0,0,0,0,0,0,0,0,0,0,0,0,0,0,0,0,0,0,0,0,0,0,0,0,0,0,0,0,0,0,0,0,0,0,0,0
5.6892,0,0,0,2.87982,1.21178,3.02098,0.000136719,-0.000146484,0.000557899,0,0,0,0,0,0,0,0,0.00146484,-0.00473633,0.017643,0,0,0,0,0,0,0,0,0,0,0,0,0,0,0,0,0,0,0,0,0,0,0,0,0,0,0,0,0,0,0,0,0,0,0,0,0,0,0,0,0,0,0,0,0,0,0,0,0,0,0,0,0,0,0,0,0,0,0,0
5.75172,0,0,0,2.87982,1.21179,3.02095,-2.92969e-05,0.000100098,-0.000567436,0,0,0,0,0,0,0,0,-0.00332031,0.00493164,-0.0225067,0,0,0,0,0,0,0,0,0,0,0,0,0,0,0,0,0,0,0,0,0,0,0,0,0,0,0,0,0,0,0,0,0,0,0,0,0,0,0,0,0,0,0,0,0,0,0,0,0,0,0,0,0,0,0,0,0,0,0,0
5.81424,0,0,0,2.87981,1.21178,3.02088,-0.000126953,-0.000144043,-0.00127792,0,0,0,0,0,0,0,0,-0.00195313,-0.00488281,-0.0142097,0,0,0,0,0,0,0,0,0,0,0,0,0,0,0,0,0,0,0,0,0,0,0,0,0,0,0,0,0,0,0,0,0,0,0,0,0,0,0,0,0,0,0,0,0,0,0,0,0,0,0,0,0,0,0,0,0,0,0,0
5.87674,0,0,0,2.87982,1.21178,3.02099,0.000166016,-1.70898e-05,0.00216484,0,0,0,0,0,0,0,0,0.00585937,0.00253906,0.0688553,0,0,0,0,0,0,0,0,0,0,0,0,0,0,0,0,0,0,0,0,0,0,0,0,0,0,0,0,0,0,0,0,0,0,0,0,0,0,0,0,0,0,0,0,0,0,0,0,0,0,0,0,0,0,0,0,0,0,0,0
5.93919,0,0,0,2.87982,1.21178,3.02093,6.83594e-05,5.61523e-05,-0.00118256,0,0,0,0,0,0,0,0,-0.00195313,0.00146484,-0.0669479,0,0,0,0,0,0,0,0,0,0,0,0,0,0,0,0,0,0,0,0,0,0,0,0,0,0,0,0,0,0,0,0,0,0,0,0,0,0,0,0,0,0,0,0,0,0,0,0,0,0,0,0,0,0,0,0,0,0,0,0
5.93919,0,0,0,2.87982,1.21178,3.02093,6.83594e-05,5.61523e-05,-0.00118256,0,0,0,0,0,0,0,0,-0.00195313,0.00146484,-0.0669479,0,0,0,0,0,0,0,0,0,0,0,0,0,0,0,0,0,0,0,0,0,0,0,0,0,0,0,0,0,0,0,0,0,0,0,0,0,0,0,0,0,0,0,0,0,0,0,0,0,0,0,0,0,0,0,0,0,0,0,0
6.00167,0,0,0,2.8798,1.21179,3.02101,-0.000371094,0.000239258,0.00163555,0,0,0,0,0,0,0,0,-0.00878906,0.00366211,0.0563622,0,0,0,0,0,0,0,0,0,0,0,0,0,0,0,0,0,0,0,0,0,0,0,0,0,0,0,0,0,0,0,0,0,0,0,0,0,0,0,0,0,0,0,0,0,0,0,0,0,0,0,0,0,0,0,0,0,0,0,0
6.06417,0,0,0,2.87981,1.21178,3.02091,0.000166016,-0.000373535,-0.00205517,0,0,0,0,0,0,0,0,0.0107422,-0.0122559,-0.0738144,0,0,0,0,0,0,0,0,0,0,0,0,0,0,0,0,0,0,0,0,0,0,0,0,0,0,0,0,0,0,0,0,0,0,0,0,0,0,0,0,0,0,0,0,0,0,0,0,0,0,0,0,0,0,0,0,0,0,0,0
6.12671,0,0,0,2.87982,1.21179,3.02088,0.000102539,0.000288086,-0.000700951,0,0,0,0,0,0,0,0,-0.00126953,0.0132324,0.0270844,0,0,0,0,0,0,0,0,0,0,0,0,0,0,0,0,0,0,0,0,0,0,0,0,0,0,0,0,0,0,0,0,0,0,0,0,0,0,0,0,0,0,0,0,0,0,0,0,0,0,0,0,0,0,0,0,0,0,0,0
6.18916,0,0,0,2.87983,1.21177,3.02089,0.00019043,-0.000368652,0.000309944,0,0,0,0,0,0,0,0,0.00175781,-0.0131348,0.0202179,0,0,0,0,0,0,0,0,0,0,0,0,0,0,0,0,0,0,0,0,0,0,0,0,0,0,0,0,0,0,0,0,0,0,0,0,0,0,0,0,0,0,0,0,0,0,0,0,0,0,0,0,0,0,0,0,0,0,0,0
6.18916,0,0,0,2.87983,1.21177,3.02089,0.00019043,-0.000368652,0.000309944,0,0,0,0,0,0,0,0,0.00175781,-0.0131348,0.0202179,0,0,0,0,0,0,0,0,0,0,0,0,0,0,0,0,0,0,0,0,0,0,0,0,0,0,0,0,0,0,0,0,0,0,0,0,0,0,0,0,0,0,0,0,0,0,0,0,0,0,0,0,0,0,0,0,0,0,0,0
6.25166,0,0,0,2.87982,1.21178,3.02099,-0.000126953,0.000251465,0.00195026,0,0,0,0,0,0,0,0,-0.00634766,0.0124023,0.0328064,0,0,0,0,0,0,0,0,0,0,0,0,0,0,0,0,0,0,0,0,0,0,0,0,0,0,0,0,0,0,0,0,0,0,0,0,0,0,0,0,0,0,0,0,0,0,0,0,0,0,0,0,0,0,0,0,0,0,0,0
6.3142,0,0,0,2.87982,1.21178,3.02094,-5.37109e-05,-3.17383e-05,-0.00106812,0,0,0,0,0,0,0,0,0.00146484,-0.00566406,-0.0603676,0,0,0,0,0,0,0,0,0,0,0,0,0,0,0,0,0,0,0,0,0,0,0,0,0,0,0,0,0,0,0,0,0,0,0,0,0,0,0,0,0,0,0,0,0,0,0,0,0,0,0,0,0,0,0,0,0,0,0,0
6.37671,0,0,0,2.87982,1.21178,3.02087,-2.44141e-05,9.76562e-06,-0.00137806,0,0,0,0,0,0,0,0,0.000585937,0.000830078,-0.00619888,0,0,0,0,0,0,0,0,0,0,0,0,0,0,0,0,0,0,0,0,0,0,0,0,0,0,0,0,0,0,0,0,0,0,0,0,0,0,0,0,0,0,0,0,0,0,0,0,0,0,0,0,0,0,0,0,0,0,0,0
6.43915,0,0,0,2.87983,1.21178,3.02095,0.000195313,-4.88281e-06,0.00170231,0,0,0,0,0,0,0,0,0.00439453,-0.000292969,0.0616074,0,0,0,0,0,0,0,0,0,0,0,0,0,0,0,0,0,0,0,0,0,0,0,0,0,0,0,0,0,0,0,0,0,0,0,0,0,0,0,0,0,0,0,0,0,0,0,0,0,0,0,0,0,0,0,0,0,0,0,0
6.43915,0,0,0,2.87983,1.21178,3.02095,0.000195313,-4.88281e-06,0.00170231,0,0,0,0,0,0,0,0,0.00439453,-0.000292969,0.0616074,0,0,0,0,0,0,0,0,0,0,0,0,0,0,0,0,0,0,0,0,0,0,0,0,0,0,0,0,0,0,0,0,0,0,0,0,0,0,0,0,0,0,0,0,0,0,0,0,0,0,0,0,0,0,0,0,0,0,0,0
6.50165,0,0,0,2.87982,1.21178,3.02094,-6.83594e-05,-8.54492e-05,-0.000352859,0,0,0,0,0,0,0,0,-0.00527344,-0.00161133,-0.0411034,0,0,0,0,0,0,0,0,0,0,0,0,0,0,0,0,0,0,0,0,0,0,0,0,0,0,0,0,0,0,0,0,0,0,0,0,0,0,0,0,0,0,0,0,0,0,0,0,0,0,0,0,0,0,0,0,0,0,0,0
6.56415,0,0,0,2.87982,1.21179,3.02092,-0.000170898,0.000275879,-0.000348091,0,0,0,0,0,0,0,0,-0.00205078,0.00722656,9.53674e-05,0,0,0,0,0,0,0,0,0,0,0,0,0,0,0,0,0,0,0,0,0,0,0,0,0,0,0,0,0,0,0,0,0,0,0,0,0,0,0,0,0,0,0,0,0,0,0,0,0,0,0,0,0,0,0,0,0,0,0,0
6.62663,0,0,0,2.87981,1.21178,3.02093,-6.83594e-05,-0.000158691,0.000329018,0,0,0,0,0,0,0,0,0.00205078,-0.00869141,0.0135422,0,0,0,0,0,0,0,0,0,0,0,0,0,0,0,0,0,0,0,0,0,0,0,0,0,0,0,0,0,0,0,0,0,0,0,0,0,0,0,0,0,0,0,0,0,0,0,0,0,0,0,0,0,0,0,0,0,0,0,0
6.68918,0,0,0,2.87982,1.21178,3.02097,0.000151367,-0.000102539,0.000772476,0,0,0,0,0,0,0,0,0.00439453,0.00112305,0.00886917,0,0,0,0,0,0,0,0,0,0,0,0,0,0,0,0,0,0,0,0,0,0,0,0,0,0,0,0,0,0,0,0,0,0,0,0,0,0,0,0,0,0,0,0,0,0,0,0,0,0,0,0,0,0,0,0,0,0,0,0
6.68918,0,0,0,2.87982,1.21178,3.02097,0.000151367,-0.000102539,0.000772476,0,0,0,0,0,0,0,0,0.00439453,0.00112305,0.00886917,0,0,0,0,0,0,0,0,0,0,0,0,0,0,0,0,0,0,0,0,0,0,0,0,0,0,0,0,0,0,0,0,0,0,0,0,0,0,0,0,0,0,0,0,0,0,0,0,0,0,0,0,0,0,0,0,0,0,0,0
6.75162,0,0,0,2.87982,1.21179,3.02097,-8.30078e-05,0.000275879,0.000772476,0,0,0,0,0,0,0,0,-0.0046875,0.00756836,0.00886917,0,0,0,0,0,0,0,0,0,0,0,0,0,0,0,0,0,0,0,0,0,0,0,0,0,0,0,0,0,0,0,0,0,0,0,0,0,0,0,0,0,0,0,0,0,0,0,0,0,0,0,0,0,0,0,0,0,0,0,0
6.81419,0,0,0,2.87981,1.2118,3.02095,-6.34766e-05,0.000144043,-0.000443459,0,0,0,0,0,0,0,0,0.000390625,-0.00263672,-0.0243187,0,0,0,0,0,0,0,0,0,0,0,0,0,0,0,0,0,0,0,0,0,0,0,0,0,0,0,0,0,0,0,0,0,0,0,0,0,0,0,0,0,0,0,0,0,0,0,0,0,0,0,0,0,0,0,0,0,0,0,0
6.87667,0,0,0,2.87981,1.2118,3.02092,-8.78906e-05,-3.41797e-05,-0.000576973,0,0,0,0,0,0,0,0,-0.000488281,-0.00356445,-0.00267029,0,0,0,0,0,0,0,0,0,0,0,0,0,0,0,0,0,0,0,0,0,0,0,0,0,0,0,0,0,0,0,0,0,0,0,0,0,0,0,0,0,0,0,0,0,0,0,0,0,0,0,0,0,0,0,0,0,0,0,0
6.93918,0,0,0,2.87983,1.21178,3.02094,0.000366211,-0.000471191,0.000352859,0,0,0,0,0,0,0,0,0.00908203,-0.00874023,0.0185966,0,0,0,0,0,0,0,0,0,0,0,0,0,0,0,0,0,0,0,0,0,0,0,0,0,0,0,0,0,0,0,0,0,0,0,0,0,0,0,0,0,0,0,0,0,0,0,0,0,0,0,0,0,0,0,0,0,0,0,0
6.93918,0,0,0,2.87983,1.21178,3.02094,0.000366211,-0.000471191,0.000352859,0,0,0,0,0,0,0,0,0.00908203,-0.00874023,0.0185966,0,0,0,0,0,0,0,0,0,0,0,0,0,0,0,0,0,0,0,0,0,0,0,0,0,0,0,0,0,0,0,0,0,0,0,0,0,0,0,0,0,0,0,0,0,0,0,0,0,0,0,0,0,0,0,0,0,0,0,0
7.00166,0,0,0,2.87981,1.21179,3.02089,-0.000268555,0.000354004,-0.000939369,0,0,0,0,0,0,0,0,-0.0126953,0.0165039,-0.0258446,0,0,0,0,0,0,0,0,0,0,0,0,0,0,0,0,0,0,0,0,0,0,0,0,0,0,0,0,0,0,0,0,0,0,0,0,0,0,0,0,0,0,0,0,0,0,0,0,0,0,0,0,0,0,0,0,0,0,0,0
7.06411,0,0,0,2.87982,1.21179,3.02101,0.000200195,-0.000141602,0.0023365,0,0,0,0,0,0,0,0,0.009375,-0.00991211,0.0655174,0,0,0,0,0,0,0,0,0,0,0,0,0,0,0,0,0,0,0,0,0,0,0,0,0,0,0,0,0,0,0,0,0,0,0,0,0,0,0,0,0,0,0,0,0,0,0,0,0,0,0,0,0,0,0,0,0,0,0,0
7.12659,0,0,0,2.87982,1.21179,3.02101,-1.46484e-05,0.000134277,-4.76837e-05,0,0,0,0,0,0,0,0,-0.00429688,0.00551758,-0.0476837,0,0,0,0,0,0,0,0,0,0,0,0,0,0,0,0,0,0,0,0,0,0,0,0,0,0,0,0,0,0,0,0,0,0,0,0,0,0,0,0,0,0,0,0,0,0,0,0,0,0,0,0,0,0,0,0,0,0,0,0
7.18914,0,0,0,2.87981,1.21179,3.0209,-0.000224609,-9.76563e-06,-0.00219345,0,0,0,0,0,0,0,0,-0.00419922,-0.00288086,-0.0429153,0,0,0,0,0,0,0,0,0,0,0,0,0,0,0,0,0,0,0,0,0,0,0,0,0,0,0,0,0,0,0,0,0,0,0,0,0,0,0,0,0,0,0,0,0,0,0,0,0,0,0,0,0,0,0,0,0,0,0,0
7.18914,0,0,0,2.87981,1.21179,3.0209,-0.000224609,-9.76563e-06,-0.00219345,0,0,0,0,0,0,0,0,-0.00419922,-0.00288086,-0.0429153,0,0,0,0,0,0,0,0,0,0,0,0,0,0,0,0,0,0,0,0,0,0,0,0,0,0,0,0,0,0,0,0,0,0,0,0,0,0,0,0,0,0,0,0,0,0,0,0,0,0,0,0,0,0,0,0,0,0,0,0
7.2516,0,0,0,2.87981,1.21179,3.02092,-9.76562e-06,2.19727e-05,0.000357628,0,0,0,0,0,0,0,0,0.00429688,0.000634766,0.0510216,0,0,0,0,0,0,0,0,0,0,0,0,0,0,0,0,0,0,0,0,0,0,0,0,0,0,0,0,0,0,0,0,0,0,0,0,0,0,0,0,0,0,0,0,0,0,0,0,0,0,0,0,0,0,0,0,0,0,0,0
7.31416,0,0,0,2.87982,1.21177,3.02095,0.000283203,-0.000427246,0.000700951,0,0,0,0,0,0,0,0,0.00585937,-0.00898437,0.00686646,0,0,0,0,0,0,0,0,0,0,0,0,0,0,0,0,0,0,0,0,0,0,0,0,0,0,0,0,0,0,0,0,0,0,0,0,0,0,0,0,0,0,0,0,0,0,0,0,0,0,0,0,0,0,0,0,0,0,0,0
7.37664,0,0,0,2.87982,1.21178,3.02099,-6.83594e-05,0.000183105,0.000777245,0,0,0,0,0,0,0,0,-0.00703125,0.012207,0.00152588,0,0,0,0,0,0,0,0,0,0,0,0,0,0,0,0,0,0,0,0,0,0,0,0,0,0,0,0,0,0,0,0,0,0,0,0,0,0,0,0,0,0,0,0,0,0,0,0,0,0,0,0,0,0,0,0,0,0,0,0
7.43914,0,0,0,2.87982,1.21178,3.021,-2.44141e-05,9.76563e-06,0.000228882,0,0,0,0,0,0,0,0,0.000878906,-0.0034668,-0.0109673,0,0,0,0,0,0,0,0,0,0,0,0,0,0,0,0,0,0,0,0,0,0,0,0,0,0,0,0,0,0,0,0,0,0,0,0,0,0,0,0,0,0,0,0,0,0,0,0,0,0,0,0,0,0,0,0,0,0,0,0
7.43914,0,0,0,2.87982,1.21178,3.021,-2.44141e-05,9.76563e-06,0.000228882,0,0,0,0,0,0,0,0,0.000878906,-0.0034668,-0.0109673,0,0,0,0,0,0,0,0,0,0,0,0,0,0,0,0,0,0,0,0,0,0,0,0,0,0,0,0,0,0,0,0,0,0,0,0,0,0,0,0,0,0,0,0,0,0,0,0,0,0,0,0,0,0,0,0,0,0,0,0
7.50163,0,0,0,2.8798,1.21179,3.02099,-0.000292969,0.000219727,-0.000123978,0,0,0,0,0,0,0,0,-0.00537109,0.00419922,-0.00705719,0,0,0,0,0,0,0,0,0,0,0,0,0,0,0,0,0,0,0,0,0,0,0,0,0,0,0,0,0,0,0,0,0,0,0,0,0,0,0,0,0,0,0,0,0,0,0,0,0,0,0,0,0,0,0,0,0,0,0,0
7.56417,0,0,0,2.87982,1.21178,3.02097,0.000268555,-0.000300293,-0.000495911,0,0,0,0,0,0,0,0,0.0112305,-0.0104004,-0.00743866,0,0,0,0,0,0,0,0,0,0,0,0,0,0,0,0,0,0,0,0,0,0,0,0,0,0,0,0,0,0,0,0,0,0,0,0,0,0,0,0,0,0,0,0,0,0,0,0,0,0,0,0,0,0,0,0,0,0,0,0
7.62663,0,0,0,2.87982,1.21179,3.02097,-6.34766e-05,0.000344238,9.53674e-05,0,0,0,0,0,0,0,0,-0.00664063,0.0128906,0.0118256,0,0,0,0,0,0,0,0,0,0,0,0,0,0,0,0,0,0,0,0,0,0,0,0,0,0,0,0,0,0,0,0,0,0,0,0,0,0,0,0,0,0,0,0,0,0,0,0,0,0,0,0,0,0,0,0,0,0,0,0
7.68911,0,0,0,2.87983,1.21177,3.02098,0.000249023,-0.000449219,0.000214577,0,0,0,0,0,0,0,0,0.00625,-0.0158691,0.00238419,0,0,0,0,0,0,0,0,0,0,0,0,0,0,0,0,0,0,0,0,0,0,0,0,0,0,0,0,0,0,0,0,0,0,0,0,0,0,0,0,0,0,0,0,0,0,0,0,0,0,0,0,0,0,0,0,0,0,0,0
7.68911,0,0,0,2.87983,1.21177,3.02098,0.000249023,-0.000449219,0.000214577,0,0,0,0,0,0,0,0,0.00625,-0.0158691,0.00238419,0,0,0,0,0,0,0,0,0,0,0,0,0,0,0,0,0,0,0,0,0,0,0,0,0,0,0,0,0,0,0,0,0,0,0,0,0,0,0,0,0,0,0,0,0,0,0,0,0,0,0,0,0,0,0,0,0,0,0,0
7.75162,0,0,0,2.87981,1.21179,3.02096,-0.000415039,0.000388184,-0.000510216,0,0,0,0,0,0,0,0,-0.0132812,0.016748,-0.0144958,0,0,0,0,0,0,0,0,0,0,0,0,0,0,0,0,0,0,0,0,0,0,0,0,0,0,0,0,0,0,0,0,0,0,0,0,0,0,0,0,0,0,0,0,0,0,0,0,0,0,0,0,0,0,0,0,0,0,0,0
7.81414,0,0,0,2.87981,1.21179,3.02098,0.000151367,-7.32422e-05,0.000476837,0,0,0,0,0,0,0,0,0.0113281,-0.00922852,0.0197411,0,0,0,0,0,0,0,0,0,0,0,0,0,0,0,0,0,0,0,0,0,0,0,0,0,0,0,0,0,0,0,0,0,0,0,0,0,0,0,0,0,0,0,0,0,0,0,0,0,0,0,0,0,0,0,0,0,0,0,0
7.87664,0,0,0,2.87982,1.21179,3.02101,0.000107422,1.95312e-05,0.000576973,0,0,0,0,0,0,0,0,-0.000878906,0.00185547,0.00200272,0,0,0,0,0,0,0,0,0,0,0,0,0,0,0,0,0,0,0,0,0,0,0,0,0,0,0,0,0,0,0,0,0,0,0,0,0,0,0,0,0,0,0,0,0,0,0,0,0,0,0,0,0,0,0,0,0,0,0,0
7.93911,0,0,0,2.87983,1.2118,3.02098,0.000126953,0.000129395,-0.000677109,0,0,0,0,0,0,0,0,0.000390625,0.00219727,-0.0250816,0,0,0,0,0,0,0,0,0,0,0,0,0,0,0,0,0,0,0,0,0,0,0,0,0,0,0,0,0,0,0,0,0,0,0,0,0,0,0,0,0,0,0,0,0,0,0,0,0,0,0,0,0,0,0,0,0,0,0,0
7.93911,0,0,0,2.87983,1.2118,3.02098,0.000126953,0.000129395,-0.000677109,0,0,0,0,0,0,0,0,0.000390625,0.00219727,-0.0250816,0,0,0,0,0,0,0,0,0,0,0,0,0,0,0,0,0,0,0,0,0,0,0,0,0,0,0,0,0,0,0,0,0,0,0,0,0,0,0,0,0,0,0,0,0,0,0,0,0,0,0,0,0,0,0,0,0,0,0,0
8.00161,0,0,0,2.87981,1.2118,3.02101,-0.000336914,0.000158691,0.000624657,0,0,0,0,0,0,0,0,-0.00927734,0.000585938,0.0260353,0,0,0,0,0,0,0,0,0,0,0,0,0,0,0,0,0,0,0,0,0,0,0,0,0,0,0,0,0,0,0,0,0,0,0,0,0,0,0,0,0,0,0,0,0,0,0,0,0,0,0,0,0,0,0,0,0,0,0,0
8.0641,0,0,0,2.87981,1.21179,3.02106,6.83594e-05,-0.000280762,0.00101089,0,0,0,0,0,0,0,0,0.00810547,-0.00878906,0.00772476,0,0,0,0,0,0,0,0,0,0,0,0,0,0,0,0,0,0,0,0,0,0,0,0,0,0,0,0,0,0,0,0,0,0,0,0,0,0,0,0,0,0,0,0,0,0,0,0,0,0,0,0,0,0,0,0,0,0,0,0
8.1266,0,0,0,2.87982,1.21177,3.02098,0.000200195,-0.000390625,-0.00163078,0,0,0,0,0,0,0,0,0.00263672,-0.00219727,-0.0528336,0,0,0,0,0,0,0,0,0,0,0,0,0,0,0,0,0,0,0,0,0,0,0,0,0,0,0,0,0,0,0,0,0,0,0,0,0,0,0,0,0,0,0,0,0,0,0,0,0,0,0,0,0,0,0,0,0,0,0,0
8.18908,0,0,0,2.87983,1.21178,3.02094,0.000117187,0.000124512,-0.000839233,0,0,0,0,0,0,0,0,-0.00166016,0.0103027,0.015831,0,0,0,0,0,0,0,0,0,0,0,0,0,0,0,0,0,0,0,0,0,0,0,0,0,0,0,0,0,0,0,0,0,0,0,0,0,0,0,0,0,0,0,0,0,0,0,0,0,0,0,0,0,0,0,0,0,0,0,0
8.18908,0,0,0,2.87983,1.21178,3.02094,0.000117187,0.000124512,-0.000839233,0,0,0,0,0,0,0,0,-0.00166016,0.0103027,0.015831,0,0,0,0,0,0,0,0,0,0,0,0,0,0,0,0,0,0,0,0,0,0,0,0,0,0,0,0,0,0,0,0,0,0,0,0,0,0,0,0,0,0,0,0,0,0,0,0,0,0,0,0,0,0,0,0,0,0,0,0
8.25154,0,0,0,2.87981,1.2118,3.02104,-0.000351563,0.000551758,0.00204563,0,0,0,0,0,0,0,0,-0.009375,0.00854492,0.0576973,0,0,0,0,0,0,0,0,0,0,0,0,0,0,0,0,0,0,0,0,0,0,0,0,0,0,0,0,0,0,0,0,0,0,0,0,0,0,0,0,0,0,0,0,0,0,0,0,0,0,0,0,0,0,0,0,0,0,0,0
8.31405,0,0,0,2.87982,1.21179,3.021,9.76563e-05,-0.000200195,-0.000772476,0,0,0,0,0,0,0,0,0.00898438,-0.0150391,-0.0563622,0,0,0,0,0,0,0,0,0,0,0,0,0,0,0,0,0,0,0,0,0,0,0,0,0,0,0,0,0,0,0,0,0,0,0,0,0,0,0,0,0,0,0,0,0,0,0,0,0,0,0,0,0,0,0,0,0,0,0,0
8.37654,0,0,0,2.87982,1.21177,3.02096,9.76563e-05,-0.000429688,-0.000844002,0,0,0,0,0,0,0,0,0.00898438,-0.00458984,-0.00143051,0,0,0,0,0,0,0,0,0,0,0,0,0,0,0,0,0,0,0,0,0,0,0,0,0,0,0,0,0,0,0,0,0,0,0,0,0,0,0,0,0,0,0,0,0,0,0,0,0,0,0,0,0,0,0,0,0,0,0,0
8.43908,0,0,0,2.87983,1.21178,3.02092,0.000219727,0.000151367,-0.00079155,0,0,0,0,0,0,0,0,0.00244141,0.0116211,0.00104904,0,0,0,0,0,0,0,0,0,0,0,0,0,0,0,0,0,0,0,0,0,0,0,0,0,0,0,0,0,0,0,0,0,0,0,0,0,0,0,0,0,0,0,0,0,0,0,0,0,0,0,0,0,0,0,0,0,0,0,0
8.43908,0,0,0,2.87983,1.21178,3.02092,0.000219727,0.000151367,-0.00079155,0,0,0,0,0,0,0,0,0.00244141,0.0116211,0.00104904,0,0,0,0,0,0,0,0,0,0,0,0,0,0,0,0,0,0,0,0,0,0,0,0,0,0,0,0,0,0,0,0,0,0,0,0,0,0,0,0,0,0,0,0,0,0,0,0,0,0,0,0,0,0,0,0,0,0,0,0
8.50155,0,0,0,2.87982,1.21179,3.02096,-0.000327148,0.00017334,0.00082016,0,0,0,0,0,0,0,0,-0.0109375,0.000439453,0.0322342,0,0,0,0,0,0,0,0,0,0,0,0,0,0,0,0,0,0,0,0,0,0,0,0,0,0,0,0,0,0,0,0,0,0,0,0,0,0,0,0,0,0,0,0,0,0,0,0,0,0,0,0,0,0,0,0,0,0,0,0
8.56401,0,0,0,2.87981,1.21179,3.02103,-9.76563e-06,3.17383e-05,0.00132084,0,0,0,0,0,0,0,0,0.00634766,-0.00283203,0.0100136,0,0,0,0,0,0,0,0,0,0,0,0,0,0,0,0,0,0,0,0,0,0,0,0,0,0,0,0,0,0,0,0,0,0,0,0,0,0,0,0,0,0,0,0,0,0,0,0,0,0,0,0,0,0,0,0,0,0,0,0
8.62651,0,0,0,2.87983,1.21178,3.02105,0.0003125,-0.000283203,0.000514984,0,0,0,0,0,0,0,0,0.00644531,-0.00629883,-0.0161171,0,0,0,0,0,0,0,0,0,0,0,0,0,0,0,0,0,0,0,0,0,0,0,0,0,0,0,0,0,0,0,0,0,0,0,0,0,0,0,0,0,0,0,0,0,0,0,0,0,0,0,0,0,0,0,0,0,0,0,0
8.68901,0,0,0,2.87982,1.2118,3.02091,-0.000205078,0.000493164,-0.00290871,0,0,0,0,0,0,0,0,-0.0103516,0.0155273,-0.0684738,0,0,0,0,0,0,0,0,0,0,0,0,0,0,0,0,0,0,0,0,0,0,0,0,0,0,0,0,0,0,0,0,0,0,0,0,0,0,0,0,0,0,0,0,0,0,0,0,0,0,0,0,0,0,0,0,0,0,0,0
8.68901,0,0,0,2.87982,1.2118,3.02091,-0.000205078,0.000493164,-0.00290871,0,0,0,0,0,0,0,0,-0.0103516,0.0155273,-0.0684738,0,0,0,0,0,0,0,0,0,0,0,0,0,0,0,0,0,0,0,0,0,0,0,0,0,0,0,0,0,0,0,0,0,0,0,0,0,0,0,0,0,0,0,0,0,0,0,0,0,0,0,0,0,0,0,0,0,0,0,0
8.75151,0,0,0,2.87981,1.21178,3.02093,-0.000141602,-0.000332031,0.000448227,0,0,0,0,0,0,0,0,0.00126953,-0.0165039,0.0671387,0,0,0,0,0,0,0,0,0,0,0,0,0,0,0,0,0,0,0,0,0,0,0,0,0,0,0,0,0,0,0,0,0,0,0,0,0,0,0,0,0,0,0,0,0,0,0,0,0,0,0,0,0,0,0,0,0,0,0,0
8.81401,0,0,0,2.87981,1.21179,3.02099,-3.41797e-05,8.54492e-05,0.0012207,0,0,0,0,0,0,0,0,0.00214844,0.00834961,0.0154495,0,0,0,0,0,0,0,0,0,0,0,0,0,0,0,0,0,0,0,0,0,0,0,0,0,0,0,0,0,0,0,0,0,0,0,0,0,0,0,0,0,0,0,0,0,0,0,0,0,0,0,0,0,0,0,0,0,0,0,0
8.87649,0,0,0,2.87981,1.2118,3.02097,-3.41797e-05,0.000310059,-0.000481606,0,0,0,0,0,0,0,0,0.00214844,0.00449219,-0.0340462,0,0,0,0,0,0,0,0,0,0,0,0,0,0,0,0,0,0,0,0,0,0,0,0,0,0,0,0,0,0,0,0,0,0,0,0,0,0,0,0,0,0,0,0,0,0,0,0,0,0,0,0,0,0,0,0,0,0,0,0
8.93901,0,0,0,2.87982,1.21179,3.02096,0.000229492,-0.00020752,-0.000190735,0,0,0,0,0,0,0,0,0.00527344,-0.0103516,0.00581741,0,0,0,0,0,0,0,0,0,0,0,0,0,0,0,0,0,0,0,0,0,0,0,0,0,0,0,0,0,0,0,0,0,0,0,0,0,0,0,0,0,0,0,0,0,0,0,0,0,0,0,0,0,0,0,0,0,0,0,0
8.93901,0,0,0,2.87982,1.21179,3.02096,0.000229492,-0.00020752,-0.000190735,0,0,0,0,0,0,0,0,0.00527344,-0.0103516,0.00581741,0,0,0,0,0,0,0,0,0,0,0,0,0,0,0,0,0,0,0,0,0,0,0,0,0,0,0,0,0,0,0,0,0,0,0,0,0,0,0,0,0,0,0,0,0,0,0,0,0,0,0,0,0,0,0,0,0,0,0,0
9.00149,0,0,0,2.8798,1.21181,3.02096,-0.000429687,0.000390625,-0.000190735,0,0,0,0,0,0,0,0,-0.0131836,0.0119629,0.00581741,0,0,0,0,0,0,0,0,0,0,0,0,0,0,0,0,0,0,0,0,0,0,0,0,0,0,0,0,0,0,0,0,0,0,0,0,0,0,0,0,0,0,0,0,0,0,0,0,0,0,0,0,0,0,0,0,0,0,0,0
9.064,0,0,0,2.87981,1.21179,3.02093,0.000146484,-0.000383301,-0.000472069,0,0,0,0,0,0,0,0,0.0115234,-0.0154785,-0.00562668,0,0,0,0,0,0,0,0,0,0,0,0,0,0,0,0,0,0,0,0,0,0,0,0,0,0,0,0,0,0,0,0,0,0,0,0,0,0,0,0,0,0,0,0,0,0,0,0,0,0,0,0,0,0,0,0,0,0,0,0
9.12648,0,0,0,2.8798,1.21182,3.02093,-9.76563e-05,0.000446777,-4.76837e-06,0,0,0,0,0,0,0,0,-0.00488281,0.0166016,0.00934601,0,0,0,0,0,0,0,0,0,0,0,0,0,0,0,0,0,0,0,0,0,0,0,0,0,0,0,0,0,0,0,0,0,0,0,0,0,0,0,0,0,0,0,0,0,0,0,0,0,0,0,0,0,0,0,0,0,0,0,0
9.18897,0,0,0,2.87982,1.21181,3.02093,0.000263672,-0.000175781,-3.33786e-05,0,0,0,0,0,0,0,0,0.00722656,-0.0124512,-0.000572205,0,0,0,0,0,0,0,0,0,0,0,0,0,0,0,0,0,0,0,0,0,0,0,0,0,0,0,0,0,0,0,0,0,0,0,0,0,0,0,0,0,0,0,0,0,0,0,0,0,0,0,0,0,0,0,0,0,0,0,0
9.18897,0,0,0,2.87982,1.21181,3.02093,0.000263672,-0.000175781,-3.33786e-05,0,0,0,0,0,0,0,0,0.00722656,-0.0124512,-0.000572205,0,0,0,0,0,0,0,0,0,0,0,0,0,0,0,0,0,0,0,0,0,0,0,0,0,0,0,0,0,0,0,0,0,0,0,0,0,0,0,0,0,0,0,0,0,0,0,0,0,0,0,0,0,0,0,0,0,0,0,0
9.25147,0,0,0,2.87981,1.21179,3.02108,-0.000146484,-0.000393066,0.00304222,0,0,0,0,0,0,0,0,-0.00820313,-0.0043457,0.061512,0,0,0,0,0,0,0,0,0,0,0,0,0,0,0,0,0,0,0,0,0,0,0,0,0,0,0,0,0,0,0,0,0,0,0,0,0,0,0,0,0,0,0,0,0,0,0,0,0,0,0,0,0,0,0,0,0,0,0,0
9.31402,0,0,0,2.87981,1.21178,3.02105,6.83594e-05,-0.000114746,-0.000610352,0,0,0,0,0,0,0,0,0.00429688,0.00556641,-0.0730515,0,0,0,0,0,0,0,0,0,0,0,0,0,0,0,0,0,0,0,0,0,0,0,0,0,0,0,0,0,0,0,0,0,0,0,0,0,0,0,0,0,0,0,0,0,0,0,0,0,0,0,0,0,0,0,0,0,0,0,0
9.37649,0,0,0,2.87982,1.21177,3.02104,0.000180664,-0.000310059,-0.000185966,0,0,0,0,0,0,0,0,0.00224609,-0.00390625,0.0084877,0,0,0,0,0,0,0,0,0,0,0,0,0,0,0,0,0,0,0,0,0,0,0,0,0,0,0,0,0,0,0,0,0,0,0,0,0,0,0,0,0,0,0,0,0,0,0,0,0,0,0,0,0,0,0,0,0,0,0,0
9.43896,0,0,0,2.87982,1.21179,3.02097,-3.90625e-05,0.000407715,-0.00138283,0,0,0,0,0,0,0,0,-0.00439453,0.0143555,-0.0239372,0,0,0,0,0,0,0,0,0,0,0,0,0,0,0,0,0,0,0,0,0,0,0,0,0,0,0,0,0,0,0,0,0,0,0,0,0,0,0,0,0,0,0,0,0,0,0,0,0,0,0,0,0,0,0,0,0,0,0,0
9.43896,0,0,0,2.87982,1.21179,3.02097,-3.90625e-05,0.000407715,-0.00138283,0,0,0,0,0,0,0,0,-0.00439453,0.0143555,-0.0239372,0,0,0,0,0,0,0,0,0,0,0,0,0,0,0,0,0,0,0,0,0,0,0,0,0,0,0,0,0,0,0,0,0,0,0,0,0,0,0,0,0,0,0,0,0,0,0,0,0,0,0,0,0,0,0,0,0,0,0,0
9.50146,0,0,0,2.87981,1.21179,3.02103,-0.000166016,-1.95312e-05,0.00114918,0,0,0,0,0,0,0,0,-0.00253906,-0.00854492,0.0506401,0,0,0,0,0,0,0,0,0,0,0,0,0,0,0,0,0,0,0,0,0,0,0,0,0,0,0,0,0,0,0,0,0,0,0,0,0,0,0,0,0,0,0,0,0,0,0,0,0,0,0,0,0,0,0,0,0,0,0,0
9.56396,0,0,0,2.87981,1.21179,3.02103,-4.39453e-05,0.000185547,4.29153e-05,0,0,0,0,0,0,0,0,0.00244141,0.00410156,-0.0221252,0,0,0,0,0,0,0,0,0,0,0,0,0,0,0,0,0,0,0,0,0,0,0,0,0,0,0,0,0,0,0,0,0,0,0,0,0,0,0,0,0,0,0,0,0,0,0,0,0,0,0,0,0,0,0,0,0,0,0,0
9.62646,0,0,0,2.87982,1.21178,3.02093,0.000175781,-0.000256348,-0.00211716,0,0,0,0,0,0,0,0,0.00439453,-0.00883789,-0.0432014,0,0,0,0,0,0,0,0,0,0,0,0,0,0,0,0,0,0,0,0,0,0,0,0,0,0,0,0,0,0,0,0,0,0,0,0,0,0,0,0,0,0,0,0,0,0,0,0,0,0,0,0,0,0,0,0,0,0,0,0
9.68897,0,0,0,2.87982,1.21179,3.021,-2.92969e-05,6.34766e-05,0.00136852,0,0,0,0,0,0,0,0,-0.00410156,0.00639648,0.0697136,0,0,0,0,0,0,0,0,0,0,0,0,0,0,0,0,0,0,0,0,0,0,0,0,0,0,0,0,0,0,0,0,0,0,0,0,0,0,0,0,0,0,0,0,0,0,0,0,0,0,0,0,0,0,0,0,0,0,0,0
9.68897,0,0,0,2.87982,1.21179,3.021,-2.92969e-05,6.34766e-05,0.00136852,0,0,0,0,0,0,0,0,-0.00410156,0.00639648,0.0697136,0,0,0,0,0,0,0,0,0,0,0,0,0,0,0,0,0,0,0,0,0,0,0,0,0,0,0,0,0,0,0,0,0,0,0,0,0,0,0,0,0,0,0,0,0,0,0,0,0,0,0,0,0,0,0,0,0,0,0,0
9.75144,0,0,0,2.87981,1.21179,3.02099,-0.000102539,8.05664e-05,-0.000100136,0,0,0,0,0,0,0,0,-0.00146484,0.000341797,-0.0293732,0,0,0,0,0,0,0,0,0,0,0,0,0,0,0,0,0,0,0,0,0,0,0,0,0,0,0,0,0,0,0,0,0,0,0,0,0,0,0,0,0,0,0,0,0,0,0,0,0,0,0,0,0,0,0,0,0,0,0,0
9.814,0,0,0,2.87981,1.2118,3.02096,-5.85937e-05,0.00020752,-0.000619888,0,0,0,0,0,0,0,0,0.000878906,0.00253906,-0.0103951,0,0,0,0,0,0,0,0,0,0,0,0,0,0,0,0,0,0,0,0,0,0,0,0,0,0,0,0,0,0,0,0,0,0,0,0,0,0,0,0,0,0,0,0,0,0,0,0,0,0,0,0,0,0,0,0,0,0,0,0
9.87648,0,0,0,2.87981,1.2118,3.02096,0.000131836,-3.90625e-05,4.76837e-06,0,0,0,0,0,0,0,0,0.00380859,-0.00493164,0.0124931,0,0,0,0,0,0,0,0,0,0,0,0,0,0,0,0,0,0,0,0,0,0,0,0,0,0,0,0,0,0,0,0,0,0,0,0,0,0,0,0,0,0,0,0,0,0,0,0,0,0,0,0,0,0,0,0,0,0,0,0
9.93898,0,0,0,2.87982,1.21179,3.02101,9.76562e-05,-0.000212402,0.00108242,0,0,0,0,0,0,0,0,-0.000683594,-0.0034668,0.021553,0,0,0,0,0,0,0,0,0,0,0,0,0,0,0,0,0,0,0,0,0,0,0,0,0,0,0,0,0,0,0,0,0,0,0,0,0,0,0,0,0,0,0,0,0,0,0,0,0,0,0,0,0,0,0,0,0,0,0,0
9.93898,0,0,0,2.87982,1.21179,3.02101,9.76562e-05,-0.000212402,0.00108242,0,0,0,0,0,0,0,0,-0.000683594,-0.0034668,0.021553,0,0,0,0,0,0,0,0,0,0,0,0,0,0,0,0,0,0,0,0,0,0,0,0,0,0,0,0,0,0,0,0,0,0,0,0,0,0,0,0,0,0,0,0,0,0,0,0,0,0,0,0,0,0,0,0,0,0,0,0
10.0014,0,0,0,2.87981,1.21179,3.02099,-7.8125e-05,7.56836e-05,-0.000414848,0,0,0,0,0,0,0,0,-0.00351562,0.00576172,-0.0299454,0,0,0,0,0,0,0,0,0,0,0,0,0,0,0,0,0,0,0,0,0,0,0,0,0,0,0,0,0,0,0,0,0,0,0,0,0,0,0,0,0,0,0,0,0,0,0,0,0,0,0,0,0,0,0,0,0,0,0,0
10.064,0,0,0,2.87982,1.21178,3.02095,0.000107422,-0.000256348,-0.000920296,0,0,0,0,0,0,0,0,0.00371094,-0.00664062,-0.0101089,0,0,0,0,0,0,0,0,0,0,0,0,0,0,0,0,0,0,0,0,0,0,0,0,0,0,0,0,0,0,0,0,0,0,0,0,0,0,0,0,0,0,0,0,0,0,0,0,0,0,0,0,0,0,0,0,0,0,0,0
10.1265,0,0,0,2.87983,1.21177,3.0209,0.000136719,-0.000185547,-0.000991821,0,0,0,0,0,0,0,0,0.000585937,0.00141602,-0.00143051,0,0,0,0,0,0,0,0,0,0,0,0,0,0,0,0,0,0,0,0,0,0,0,0,0,0,0,0,0,0,0,0,0,0,0,0,0,0,0,0,0,0,0,0,0,0,0,0,0,0,0,0,0,0,0,0,0,0,0,0
10.1889,0,0,0,2.87983,1.21181,3.02098,1.95312e-05,0.00076416,0.00169754,0,0,0,0,0,0,0,0,-0.00234375,0.0189941,0.0537872,0,0,0,0,0,0,0,0,0,0,0,0,0,0,0,0,0,0,0,0,0,0,0,0,0,0,0,0,0,0,0,0,0,0,0,0,0,0,0,0,0,0,0,0,0,0,0,0,0,0,0,0,0,0,0,0,0,0,0,0
10.1889,0,0,0,2.87983,1.21181,3.02098,1.95312e-05,0.00076416,0.00169754,0,0,0,0,0,0,0,0,-0.00234375,0.0189941,0.0537872,0,0,0,0,0,0,0,0,0,0,0,0,0,0,0,0,0,0,0,0,0,0,0,0,0,0,0,0,0,0,0,0,0,0,0,0,0,0,0,0,0,0,0,0,0,0,0,0,0,0,0,0,0,0,0,0,0,0,0,0
10.2514,0,0,0,2.87982,1.21182,3.02097,-0.000214844,0.000214844,-0.00017643,0,0,0,0,0,0,0,0,-0.0046875,-0.0109863,-0.0374794,0,0,0,0,0,0,0,0,0,0,0,0,0,0,0,0,0,0,0,0,0,0,0,0,0,0,0,0,0,0,0,0,0,0,0,0,0,0,0,0,0,0,0,0,0,0,0,0,0,0,0,0,0,0,0,0,0,0,0,0
10.3139,0,0,0,2.87984,1.2118,3.02089,0.000551758,-0.000395508,-0.00164032,0,0,0,0,0,0,0,0,0.015332,-0.012207,-0.0292778,0,0,0,0,0,0,0,0,0,0,0,0,0,0,0,0,0,0,0,0,0,0,0,0,0,0,0,0,0,0,0,0,0,0,0,0,0,0,0,0,0,0,0,0,0,0,0,0,0,0,0,0,0,0,0,0,0,0,0,0
10.3764,0,0,0,2.87984,1.21183,3.02087,-7.32422e-05,0.000612793,-0.000367165,0,0,0,0,0,0,0,0,-0.0125,0.020166,0.0254631,0,0,0,0,0,0,0,0,0,0,0,0,0,0,0,0,0,0,0,0,0,0,0,0,0,0,0,0,0,0,0,0,0,0,0,0,0,0,0,0,0,0,0,0,0,0,0,0,0,0,0,0,0,0,0,0,0,0,0,0
10.4389,0,0,0,2.87986,1.21183,3.02082,0.000454102,-1.2207e-05,-0.000991821,0,0,0,0,0,0,0,0,0.0105469,-0.0125,-0.0124931,0,0,0,0,0,0,0,0,0,0,0,0,0,0,0,0,0,0,0,0,0,0,0,0,0,0,0,0,0,0,0,0,0,0,0,0,0,0,0,0,0,0,0,0,0,0,0,0,0,0,0,0,0,0,0,0,0,0,0,0
10.4389,0,0,0,2.87986,1.21183,3.02082,0.000454102,-1.2207e-05,-0.000991821,0,0,0,0,0,0,0,0,0.0105469,-0.0125,-0.0124931,0,0,0,0,0,0,0,0,0,0,0,0,0,0,0,0,0,0,0,0,0,0,0,0,0,0,0,0,0,0,0,0,0,0,0,0,0,0,0,0,0,0,0,0,0,0,0,0,0,0,0,0,0,0,0,0,0,0,0,0
10.5014,0,0,0,2.87987,1.21184,3.02085,5.85937e-05,0.000292969,0.000534058,0,0,0,0,0,0,0,0,-0.00791016,0.00610352,0.0305176,0,0,0,0,0,0,0,0,0,0,0,0,0,0,0,0,0,0,0,0,0,0,0,0,0,0,0,0,0,0,0,0,0,0,0,0,0,0,0,0,0,0,0,0,0,0,0,0,0,0,0,0,0,0,0,0,0,0,0,0
10.5639,0,0,0,2.87995,1.21183,3.02056,0.00162109,-0.000180664,-0.00571251,0,0,0,0,0,0,0,0,0.03125,-0.00947266,-0.124931,0,0,0,0,0,0,0,0,0,0,0,0,0,0,0,0,0,0,0,0,0,0,0,0,0,0,0,0,0,0,0,0,0,0,0,0,0,0,0,0,0,0,0,0,0,0,0,0,0,0,0,0,0,0,0,0,0,0,0,0
10.6264,0,0,0,2.88044,1.21099,3.01124,0.00991699,-0.0168018,-0.186472,0,0,0,0,0,0,0,0,0.165918,-0.332422,-3.61519,0,0,0,0,0,0,0,0,0,0,0,0,0,0,0,0,0,0,0,0,0,0,0,0,0,0,0,0,0,0,0,0,0,0,0,0,0,0,0,0,0,0,0,0,0,0,0,0,0,0,0,0,0,0,0,0,0,0,0,0
10.6889,0,0,0,2.88081,1.20947,2.99392,0.00740234,-0.0304199,-0.34647,0,0,0,0,0,0,0,0,-0.050293,-0.272363,-3.19996,0,0,0,0,0,0,0,0,0,0,0,0,0,0,0,0,0,0,0,0,0,0,0,0,0,0,0,0,0,0,0,0,0,0,0,0,0,0,0,0,0,0,0,0,0,0,0,0,0,0,0,0,0,0,0,0,0,0,0,0
10.6889,0,0,0,2.88081,1.20947,2.99392,0.00740234,-0.0304199,-0.34647,0,0,0,0,0,0,0,0,-0.050293,-0.272363,-3.19996,0,0,0,0,0,0,0,0,0,0,0,0,0,0,0,0,0,0,0,0,0,0,0,0,0,0,0,0,0,0,0,0,0,0,0,0,0,0,0,0,0,0,0,0,0,0,0,0,0,0,0,0,0,0,0,0,0,0,0,0
10.7514,0,0,0,2.88124,1.20781,2.97776,0.00856445,-0.0331982,-0.323129,0,0,0,0,0,0,0,0,0.0232422,-0.0555664,0.466824,0,0,0,0,0,0,0,0,0,0,0,0,0,0,0,0,0,0,0,0,0,0,0,0,0,0,0,0,0,0,0,0,0,0,0,0,0,0,0,0,0,0,0,0,0,0,0,0,0,0,0,0,0,0,0,0,0,0,0,0
10.7514,0,0,0,2.88124,1.20781,2.97776,0.00856445,-0.0331982,-0.323129,0,0,0,0,0,0,0,0,0.0232422,-0.0555664,0.466824,0,0,0,0,0,0,0,0,0,0,0,0,0,0,0,0,0,0,0,0,0,0,0,0,0,0,0,0,0,0,0,0,0,0,0,0,0,0,0,0,0,0,0,0,0,0,0,0,0,0,0,0,0,0,0,0,0,0,0,0
10.814,0,0,0,2.88159,1.20691,2.96902,0.0069043,-0.0180273,-0.174861,0,0,0,0,0,0,0,0,-0.0332031,0.303418,2.96535,0,0,0,0,0,0,0,0,0,0,0,0,0,0,0,0,0,0,0,0,0,0,0,0,0,0,0,0,0,0,0,0,0,0,0,0,0,0,0,0,0,0,0,0,0,0,0,0,0,0,0,0,0,0,0,0,0,0,0,0
10.8764,0,0,0,2.8816,1.20704,2.96997,0.000195313,0.00264404,0.0190401,0,0,0,0,0,0,0,0,-0.13418,0.413428,3.87802,0,0,0,0,0,0,0,0,0,0,0,0,0,0,0,0,0,0,0,0,0,0,0,0,0,0,0,0,0,0,0,0,0,0,0,0,0,0,0,0,0,0,0,0,0,0,0,0,0,0,0,0,0,0,0,0,0,0,0,0
10.8764,0,0,0,2.8816,1.20704,2.96997,0.000195313,0.00264404,0.0190401,0,0,0,0,0,0,0,0,-0.13418,0.413428,3.87802,0,0,0,0,0,0,0,0,0,0,0,0,0,0,0,0,0,0,0,0,0,0,0,0,0,0,0,0,0,0,0,0,0,0,0,0,0,0,0,0,0,0,0,0,0,0,0,0,0,0,0,0,0,0,0,0,0,0,0,0
10.9389,0,0,0,2.88144,1.20743,2.97373,-0.00318359,0.00769531,0.0751877,0,0,0,0,0,0,0,0,-0.0675781,0.101025,1.12295,0,0,0,0,0,0,0,0,0,0,0,0,0,0,0,0,0,0,0,0,0,0,0,0,0,0,0,0,0,0,0,0,0,0,0,0,0,0,0,0,0,0,0,0,0,0,0,0,0,0,0,0,0,0,0,0,0,0,0,0
11.0014,0,0,0,2.88133,1.20783,2.9775,-0.00209961,0.00805908,0.075407,0,0,0,0,0,0,0,0,0.0216797,0.00727539,0.0043869,0,0,0,0,0,0,0,0,0,0,0,0,0,0,0,0,0,0,0,0,0,0,0,0,0,0,0,0,0,0,0,0,0,0,0,0,0,0,0,0,0,0,0,0,0,0,0,0,0,0,0,0,0,0,0,0,0,0,0,0
11.0639,0,0,0,2.88129,1.208,2.97892,-0.000874023,0.00331787,0.0283146,0,0,0,0,0,0,0,0,0.0245117,-0.0948242,-0.941849,0,0,0,0,0,0,0,0,0,0,0,0,0,0,0,0,0,0,0,0,0,0,0,0,0,0,0,0,0,0,0,0,0,0,0,0,0,0,0,0,0,0,0,0,0,0,0,0,0,0,0,0,0,0,0,0,0,0,0,0
11.1264,0,0,0,2.88132,1.20793,2.97807,0.00065918,-0.00128174,-0.0169182,0,0,0,0,0,0,0,0,0.0306641,-0.0919922,-0.904655,0,0,0,0,0,0,0,0,0,0,0,0,0,0,0,0,0,0,0,0,0,0,0,0,0,0,0,0,0,0,0,0,0,0,0,0,0,0,0,0,0,0,0,0,0,0,0,0,0,0,0,0,0,0,0,0,0,0,0,0
11.1264,0,0,0,2.88132,1.20793,2.97807,0.00065918,-0.00128174,-0.0169182,0,0,0,0,0,0,0,0,0.0306641,-0.0919922,-0.904655,0,0,0,0,0,0,0,0,0,0,0,0,0,0,0,0,0,0,0,0,0,0,0,0,0,0,0,0,0,0,0,0,0,0,0,0,0,0,0,0,0,0,0,0,0,0,0,0,0,0,0,0,0,0,0,0,0,0,0,0
11.1889,0,0,0,2.88136,1.20789,2.97711,0.000800781,-0.000881348,-0.0191498,0,0,0,0,0,0,0,0,0.00283203,0.00800781,-0.044632,0,0,0,0,0,0,0,0,0,0,0,0,0,0,0,0,0,0,0,0,0,0,0,0,0,0,0,0,0,0,0,0,0,0,0,0,0,0,0,0,0,0,0,0,0,0,0,0,0,0,0,0,0,0,0,0,0,0,0,0
11.2514,0,0,0,2.88137,1.20793,2.97699,0.00019043,0.000773926,-0.00252724,0,0,0,0,0,0,0,0,-0.012207,0.0331055,0.332451,0,0,0,0,0,0,0,0,0,0,0,0,0,0,0,0,0,0,0,0,0,0,0,0,0,0,0,0,0,0,0,0,0,0,0,0,0,0,0,0,0,0,0,0,0,0,0,0,0,0,0,0,0,0,0,0,0,0,0,0
11.3139,0,0,0,2.88139,1.20801,2.97734,0.00027832,0.00168701,0.00709534,0,0,0,0,0,0,0,0,0.00175781,0.0182617,0.192451,0,0,0,0,0,0,0,0,0,0,0,0,0,0,0,0,0,0,0,0,0,0,0,0,0,0,0,0,0,0,0,0,0,0,0,0,0,0,0,0,0,0,0,0,0,0,0,0,0,0,0,0,0,0,0,0,0,0,0,0
11.3764,0,0,0,2.8814,1.2081,2.97772,0.000283203,0.00180908,0.00757694,0,0,0,0,0,0,0,0,9.76562e-05,0.00244141,0.00963211,0,0,0,0,0,0,0,0,0,0,0,0,0,0,0,0,0,0,0,0,0,0,0,0,0,0,0,0,0,0,0,0,0,0,0,0,0,0,0,0,0,0,0,0,0,0,0,0,0,0,0,0,0,0,0,0,0,0,0,0
11.4388,0,0,0,2.88142,1.20815,2.97786,0.000419922,0.000913086,0.00283718,0,0,0,0,0,0,0,0,0.00273438,-0.0179199,-0.0947952,0,0,0,0,0,0,0,0,0,0,0,0,0,0,0,0,0,0,0,0,0,0,0,0,0,0,0,0,0,0,0,0,0,0,0,0,0,0,0,0,0,0,0,0,0,0,0,0,0,0,0,0,0,0,0,0,0,0,0,0
11.5013,0,0,0,2.88142,1.20816,2.97774,1.95312e-05,0.000144043,-0.00245571,0,0,0,0,0,0,0,0,-0.00800781,-0.0153809,-0.105858,0,0,0,0,0,0,0,0,0,0,0,0,0,0,0,0,0,0,0,0,0,0,0,0,0,0,0,0,0,0,0,0,0,0,0,0,0,0,0,0,0,0,0,0,0,0,0,0,0,0,0,0,0,0,0,0,0,0,0,0
11.5639,0,0,0,2.88141,1.20816,2.97775,-0.00019043,0.00017334,0.000185966,0,0,0,0,0,0,0,0,-0.00419922,0.000585937,0.0528336,0,0,0,0,0,0,0,0,0,0,0,0,0,0,0,0,0,0,0,0,0,0,0,0,0,0,0,0,0,0,0,0,0,0,0,0,0,0,0,0,0,0,0,0,0,0,0,0,0,0,0,0,0,0,0,0,0,0,0,0
11.6264,0,0,0,2.88142,1.20816,2.97773,0.000166016,-8.30078e-05,-0.000290871,0,0,0,0,0,0,0,0,0.00712891,-0.00512695,-0.00953674,0,0,0,0,0,0,0,0,0,0,0,0,0,0,0,0,0,0,0,0,0,0,0,0,0,0,0,0,0,0,0,0,0,0,0,0,0,0,0,0,0,0,0,0,0,0,0,0,0,0,0,0,0,0,0,0,0,0,0,0
11.6894,0,0,0,2.88142,1.20814,2.97776,6.34766e-05,-0.0003125,0.000495911,0,0,0,0,0,0,0,0,-0.00205078,-0.00458984,0.0157356,0,0,0,0,0,0,0,0,0,0,0,0,0,0,0,0,0,0,0,0,0,0,0,0,0,0,0,0,0,0,0,0,0,0,0,0,0,0,0,0,0,0,0,0,0,0,0,0,0,0,0,0,0,0,0,0,0,0,0,0
11.6894,0,0,0,2.88142,1.20814,2.97776,6.34766e-05,-0.0003125,0.000495911,0,0,0,0,0,0,0,0,-0.00205078,-0.00458984,0.0157356,0,0,0,0,0,0,0,0,0,0,0,0,0,0,0,0,0,0,0,0,0,0,0,0,0,0,0,0,0,0,0,0,0,0,0,0,0,0,0,0,0,0,0,0,0,0,0,0,0,0,0,0,0,0,0,0,0,0,0,0
11.7514,0,0,0,2.88142,1.20815,2.97777,-0.00015625,7.32422e-05,0.000290871,0,0,0,0,0,0,0,0,-0.00439453,0.00771484,-0.0041008,0,0,0,0,0,0,0,0,0,0,0,0,0,0,0,0,0,0,0,0,0,0,0,0,0,0,0,0,0,0,0,0,0,0,0,0,0,0,0,0,0,0,0,0,0,0,0,0,0,0,0,0,0,0,0,0,0,0,0,0
11.8139,0,0,0,2.88142,1.20815,2.97776,9.76563e-06,7.08008e-05,-0.00017643,0,0,0,0,0,0,0,0,0.00332031,-4.88281e-05,-0.00934601,0,0,0,0,0,0,0,0,0,0,0,0,0,0,0,0,0,0,0,0,0,0,0,0,0,0,0,0,0,0,0,0,0,0,0,0,0,0,0,0,0,0,0,0,0,0,0,0,0,0,0,0,0,0,0,0,0,0,0,0
11.8763,0,0,0,2.88142,1.20816,2.97779,9.76563e-06,0.000258789,0.000624657,0,0,0,0,0,0,0,0,0.00332031,0.00375977,0.0160217,0,0,0,0,0,0,0,0,0,0,0,0,0,0,0,0,0,0,0,0,0,0,0,0,0,0,0,0,0,0,0,0,0,0,0,0,0,0,0,0,0,0,0,0,0,0,0,0,0,0,0,0,0,0,0,0,0,0,0,0
11.9388,0,0,0,2.88142,1.20814,2.97777,0.00015625,-0.000412598,-0.000562668,0,0,0,0,0,0,0,0,0.00292969,-0.0134277,-0.0237465,0,0,0,0,0,0,0,0,0,0,0,0,0,0,0,0,0,0,0,0,0,0,0,0,0,0,0,0,0,0,0,0,0,0,0,0,0,0,0,0,0,0,0,0,0,0,0,0,0,0,0,0,0,0,0,0,0,0,0,0
11.9388,0,0,0,2.88142,1.20814,2.97777,0.00015625,-0.000412598,-0.000562668,0,0,0,0,0,0,0,0,0.00292969,-0.0134277,-0.0237465,0,0,0,0,0,0,0,0,0,0,0,0,0,0,0,0,0,0,0,0,0,0,0,0,0,0,0,0,0,0,0,0,0,0,0,0,0,0,0,0,0,0,0,0,0,0,0,0,0,0,0,0,0,0,0,0,0,0,0,0
12.0013,0,0,0,2.88141,1.20816,2.97773,-0.000234375,0.000273438,-0.000834465,0,0,0,0,0,0,0,0,-0.0078125,0.0137207,-0.00543594,0,0,0,0,0,0,0,0,0,0,0,0,0,0,0,0,0,0,0,0,0,0,0,0,0,0,0,0,0,0,0,0,0,0,0,0,0,0,0,0,0,0,0,0,0,0,0,0,0,0,0,0,0,0,0,0,0,0,0,0
12.0638,0,0,0,2.88143,1.20814,2.97777,0.000332031,-0.000307617,0.000915527,0,0,0,0,0,0,0,0,0.0113281,-0.0116211,0.0349998,0,0,0,0,0,0,0,0,0,0,0,0,0,0,0,0,0,0,0,0,0,0,0,0,0,0,0,0,0,0,0,0,0,0,0,0,0,0,0,0,0,0,0,0,0,0,0,0,0,0,0,0,0,0,0,0,0,0,0,0
12.1263,0,0,0,2.88141,1.20816,2.97778,-0.000322266,0.000290527,0.000171661,0,0,0,0,0,0,0,0,-0.0130859,0.0119629,-0.0148773,0,0,0,0,0,0,0,0,0,0,0,0,0,0,0,0,0,0,0,0,0,0,0,0,0,0,0,0,0,0,0,0,0,0,0,0,0,0,0,0,0,0,0,0,0,0,0,0,0,0,0,0,0,0,0,0,0,0,0,0
12.1888,0,0,0,2.88142,1.20816,2.97771,4.88281e-05,0.000163574,-0.00131607,0,0,0,0,0,0,0,0,0.00742188,-0.00253906,-0.0297546,0,0,0,0,0,0,0,0,0,0,0,0,0,0,0,0,0,0,0,0,0,0,0,0,0,0,0,0,0,0,0,0,0,0,0,0,0,0,0,0,0,0,0,0,0,0,0,0,0,0,0,0,0,0,0,0,0,0,0,0
12.1888,0,0,0,2.88142,1.20816,2.97771,4.88281e-05,0.000163574,-0.00131607,0,0,0,0,0,0,0,0,0.00742188,-0.00253906,-0.0297546,0,0,0,0,0,0,0,0,0,0,0,0,0,0,0,0,0,0,0,0,0,0,0,0,0,0,0,0,0,0,0,0,0,0,0,0,0,0,0,0,0,0,0,0,0,0,0,0,0,0,0,0,0,0,0,0,0,0,0,0
12.2513,0,0,0,2.88141,1.20819,2.97766,-0.000185547,0.000517578,-0.00113964,0,0,0,0,0,0,0,0,-0.0046875,0.00708008,0.00352859,0,0,0,0,0,0,0,0,0,0,0,0,0,0,0,0,0,0,0,0,0,0,0,0,0,0,0,0,0,0,0,0,0,0,0,0,0,0,0,0,0,0,0,0,0,0,0,0,0,0,0,0,0,0,0,0,0,0,0,0
12.3138,0,0,0,2.8814,1.20818,2.97763,-7.8125e-05,-0.000224609,-0.000553131,0,0,0,0,0,0,0,0,0.00214844,-0.0148437,0.0117302,0,0,0,0,0,0,0,0,0,0,0,0,0,0,0,0,0,0,0,0,0,0,0,0,0,0,0,0,0,0,0,0,0,0,0,0,0,0,0,0,0,0,0,0,0,0,0,0,0,0,0,0,0,0,0,0,0,0,0,0
12.3763,0,0,0,2.88139,1.20819,2.97756,-0.000185547,0.000288086,-0.00145912,0,0,0,0,0,0,0,0,-0.00214844,0.0102539,-0.0181198,0,0,0,0,0,0,0,0,0,0,0,0,0,0,0,0,0,0,0,0,0,0,0,0,0,0,0,0,0,0,0,0,0,0,0,0,0,0,0,0,0,0,0,0,0,0,0,0,0,0,0,0,0,0,0,0,0,0,0,0
12.4388,0,0,0,2.88139,1.20819,2.97752,-0.00015625,-2.19727e-05,-0.000743866,0,0,0,0,0,0,0,0,0.000585938,-0.00620117,0.0143051,0,0,0,0,0,0,0,0,0,0,0,0,0,0,0,0,0,0,0,0,0,0,0,0,0,0,0,0,0,0,0,0,0,0,0,0,0,0,0,0,0,0,0,0,0,0,0,0,0,0,0,0,0,0,0,0,0,0,0,0
12.5013,0,0,0,2.88137,1.20822,2.9775,-0.000283203,0.000493164,-0.000400543,0,0,0,0,0,0,0,0,-0.00253906,0.0103027,0.00686646,0,0,0,0,0,0,0,0,0,0,0,0,0,0,0,0,0,0,0,0,0,0,0,0,0,0,0,0,0,0,0,0,0,0,0,0,0,0,0,0,0,0,0,0,0,0,0,0,0,0,0,0,0,0,0,0,0,0,0,0
12.5013,0,0,0,2.88137,1.20822,2.9775,-0.000283203,0.000493164,-0.000400543,0,0,0,0,0,0,0,0,-0.00253906,0.0103027,0.00686646,0,0,0,0,0,0,0,0,0,0,0,0,0,0,0,0,0,0,0,0,0,0,0,0,0,0,0,0,0,0,0,0,0,0,0,0,0,0,0,0,0,0,0,0,0,0,0,0,0,0,0,0,0,0,0,0,0,0,0,0
12.5638,0,0,0,2.88136,1.20823,2.97749,-0.000175781,0.000200195,-0.000214577,0,0,0,0,0,0,0,0,0.00214844,-0.00585937,0.00371933,0,0,0,0,0,0,0,0,0,0,0,0,0,0,0,0,0,0,0,0,0,0,0,0,0,0,0,0,0,0,0,0,0,0,0,0,0,0,0,0,0,0,0,0,0,0,0,0,0,0,0,0,0,0,0,0,0,0,0,0
12.6263,0,0,0,2.88136,1.20823,2.97745,-0.000107422,0.00010498,-0.00082016,0,0,0,0,0,0,0,0,0.00136719,-0.0019043,-0.0121117,0,0,0,0,0,0,0,0,0,0,0,0,0,0,0,0,0,0,0,0,0,0,0,0,0,0,0,0,0,0,0,0,0,0,0,0,0,0,0,0,0,0,0,0,0,0,0,0,0,0,0,0,0,0,0,0,0,0,0,0
12.6887,0,0,0,2.88136,1.20823,2.97747,0.000136719,-2.68555e-05,0.000386238,0,0,0,0,0,0,0,0,0.00488281,-0.00263672,0.024128,0,0,0,0,0,0,0,0,0,0,0,0,0,0,0,0,0,0,0,0,0,0,0,0,0,0,0,0,0,0,0,0,0,0,0,0,0,0,0,0,0,0,0,0,0,0,0,0,0,0,0,0,0,0,0,0,0,0,0,0
12.6887,0,0,0,2.88136,1.20823,2.97747,0.000136719,-2.68555e-05,0.000386238,0,0,0,0,0,0,0,0,0.00488281,-0.00263672,0.024128,0,0,0,0,0,0,0,0,0,0,0,0,0,0,0,0,0,0,0,0,0,0,0,0,0,0,0,0,0,0,0,0,0,0,0,0,0,0,0,0,0,0,0,0,0,0,0,0,0,0,0,0,0,0,0,0,0,0,0,0
12.7513,0,0,0,2.88135,1.20824,2.97747,-0.000195313,0.000134277,0.000109673,0,0,0,0,0,0,0,0,-0.00664063,0.00322266,-0.00553131,0,0,0,0,0,0,0,0,0,0,0,0,0,0,0,0,0,0,0,0,0,0,0,0,0,0,0,0,0,0,0,0,0,0,0,0,0,0,0,0,0,0,0,0,0,0,0,0,0,0,0,0,0,0,0,0,0,0,0,0
12.8138,0,0,0,2.88136,1.20824,2.9775,4.88281e-05,1.70898e-05,0.000634193,0,0,0,0,0,0,0,0,0.00488281,-0.00234375,0.0104904,0,0,0,0,0,0,0,0,0,0,0,0,0,0,0,0,0,0,0,0,0,0,0,0,0,0,0,0,0,0,0,0,0,0,0,0,0,0,0,0,0,0,0,0,0,0,0,0,0,0,0,0,0,0,0,0,0,0,0,0
12.8763,0,0,0,2.88136,1.20821,2.97755,0.000136719,-0.000493164,0.000839233,0,0,0,0,0,0,0,0,0.00175781,-0.0102051,0.0041008,0,0,0,0,0,0,0,0,0,0,0,0,0,0,0,0,0,0,0,0,0,0,0,0,0,0,0,0,0,0,0,0,0,0,0,0,0,0,0,0,0,0,0,0,0,0,0,0,0,0,0,0,0,0,0,0,0,0,0,0
12.9388,0,0,0,2.88136,1.20822,2.97747,3.41797e-05,0.000146484,-0.00153542,0,0,0,0,0,0,0,0,-0.00205078,0.012793,-0.047493,0,0,0,0,0,0,0,0,0,0,0,0,0,0,0,0,0,0,0,0,0,0,0,0,0,0,0,0,0,0,0,0,0,0,0,0,0,0,0,0,0,0,0,0,0,0,0,0,0,0,0,0,0,0,0,0,0,0,0,0
13.0012,0,0,0,2.88136,1.20824,2.97751,-0.000117187,0.000305176,0.000772476,0,0,0,0,0,0,0,0,-0.00302734,0.00317383,0.0461578,0,0,0,0,0,0,0,0,0,0,0,0,0,0,0,0,0,0,0,0,0,0,0,0,0,0,0,0,0,0,0,0,0,0,0,0,0,0,0,0,0,0,0,0,0,0,0,0,0,0,0,0,0,0,0,0,0,0,0,0
13.0012,0,0,0,2.88136,1.20824,2.97751,-0.000117187,0.000305176,0.000772476,0,0,0,0,0,0,0,0,-0.00302734,0.00317383,0.0461578,0,0,0,0,0,0,0,0,0,0,0,0,0,0,0,0,0,0,0,0,0,0,0,0,0,0,0,0,0,0,0,0,0,0,0,0,0,0,0,0,0,0,0,0,0,0,0,0,0,0,0,0,0,0,0,0,0,0,0,0
13.0637,0,0,0,2.88136,1.20823,2.9775,-4.39453e-05,-0.000136719,-0.000104904,0,0,0,0,0,0,0,0,0.00146484,-0.00883789,-0.0175476,0,0,0,0,0,0,0,0,0,0,0,0,0,0,0,0,0,0,0,0,0,0,0,0,0,0,0,0,0,0,0,0,0,0,0,0,0,0,0,0,0,0,0,0,0,0,0,0,0,0,0,0,0,0,0,0,0,0,0,0
13.1262,0,0,0,2.88136,1.20822,2.97755,0.000146484,-0.00013916,0.000905991,0,0,0,0,0,0,0,0,0.00380859,-4.88281e-05,0.0202179,0,0,0,0,0,0,0,0,0,0,0,0,0,0,0,0,0,0,0,0,0,0,0,0,0,0,0,0,0,0,0,0,0,0,0,0,0,0,0,0,0,0,0,0,0,0,0,0,0,0,0,0,0,0,0,0,0,0,0,0
13.1887,0,0,0,2.88137,1.20822,2.97752,0.000136719,-0.000129395,-0.000495911,0,0,0,0,0,0,0,0,-0.000195313,0.000195312,-0.028038,0,0,0,0,0,0,0,0,0,0,0,0,0,0,0,0,0,0,0,0,0,0,0,0,0,0,0,0,0,0,0,0,0,0,0,0,0,0,0,0,0,0,0,0,0,0,0,0,0,0,0,0,0,0,0,0,0,0,0,0
