0,0,0,0,0,0,0,0,0,0,0,0,0,0,0,0,0,0,0,0,0,0,0,0,0,0,0,0,0,0,0,0,0,0,0,0,0,0,0,0,0,0,0,0,0,0,0,0,0,0,0,0,0,0,0,0,0,0,0,0,0,0,0,0,0,0,0,0,0,0,0,0,0,0,0,0,0.978804,0.00956063,1.86532,0.999999,0
0,0,0,0,0,0,0,0,0,0,0.0176168,0.0799934,0.0311883,-0.00876856,-0.0175371,9.33431,-0.00876856,-0.0175371,0,0,0,0,0,0,0,0,0,0,0,0,0,0,0,0,0,0,0,0,0,0,0,0,0,0,0,0,0,0,0,0,-0.00293614,-0.0133322,-0.00519805,0,0,0,-0.000259902,0,0,0,0,0,0,0,0,0,0,0,0,0,1.5708,1.5708,0,0,0,0,0.978804,0.00956063,1.86532,0.999999,0
0,0,0,0,0,0,0,0,0,0,0.019048,0.0801286,0.0315795,-0.0352496,-0.0702654,7.9067,-0.0352496,-0.0702654,0,0,0,0,0,0,0,0,0,0,0,0,0,0,0,0,0,0,0,0,0,0,0,0,0,0,0,0,0,0,0,0,-0.00611151,-0.0266862,-0.0104613,0,0,0,-0.000782969,0,0,0,0,0,0,0,0,0,0,0,0,0,1.5708,1.5708,0,0,0,0,0.978804,0.00956063,1.86532,0.999999,0
0,0,0,0,0,0,0,0,0,0,0.0173374,0.079861,0.0324905,-0.0694624,-0.137931,6.08524,-0.0694624,-0.137931,0,0,0,0,0,0,0,0,0,0,0,0,0,0,0,0,0,0,0,0,0,0,0,0,0,0,0,0,0,0,0,0,-0.00900415,-0.0399967,-0.0158769,0,0,0,-0.00157681,0,0,0,0,0,0,0,0,0,0,0,0,0,1.5708,1.5708,0,0,0,0,0.978632,0.00897116,1.86532,0.999999,0
0,0,0,0,0,0,0,0,0,0,0.0184955,0.0793185,0.0305324,-0.100666,-0.19991,4.42802,-0.100666,-0.19991,0,0,0,0,0,0,0,0,0,0,0,0,0,0,0,0,0,0,0,0,0,0,0,0,0,0,0,0,0,0,0,0,-0.0120925,-0.0532202,-0.0209662,0,0,0,-0.00262512,0,0,0,0,0,0,0,0,0,0,0,0,0,1.5708,1.5708,0,0,0,0,0.978632,0.00897116,1.86532,0.999999,0
0,0,0,0,0,0,0,0,0,0,0.0183484,0.0812548,0.0306624,-0.129724,-0.259033,2.8379,-0.129724,-0.259033,0,0,0,0,0,0,0,0,0,0,0,0,0,0,0,0,0,0,0,0,0,0,0,0,0,0,0,0,0,0,0,0,-0.0151592,-0.0667699,-0.0260772,0,0,0,-0.00392898,0,0,0,0,0,0,0,0,0,0,0,0,0,1.5708,1.5708,0,0,0,0,0.978632,0.00897116,1.86532,0.999999,0
0,0,0,0,0,0,0,0,0,0,0.0163714,0.0796586,0.0302698,-0.158626,-0.318986,1.21945,-0.158626,-0.318986,0,0,0,0,0,0,0,0,0,0,0,0,0,0,0,0,0,0,0,0,0,0,0,0,0,0,0,0,0,0,0,0,-0.0178995,-0.0800586,-0.031123,0,0,0,-0.00548514,0,0,0,0,0,0,0,0,0,0,0,0,0,1.5708,1.5708,0,0,0,0,0.978632,0.00897116,1.86532,0.999999,0
0,0,0,0,0,0,0,0,0,0,0.0171307,0.0806619,0.0302682,-0.179186,-0.362477,0.0657763,-0.179186,-0.362477,0,0,0,0,0,0,0,0,0,0,0,0,0,0,0,0,0,0,0,0,0,0,0,0,0,0,0,0,0,0,0,0,-0.0178343,-0.0801891,-0.0309708,0,0,0,-0.00703367,0,0,0,0,0,0,0,0,0,0,0,0,0,1.5708,1.5708,0,0,0,0,0.978632,0.00897116,1.86532,0.999999,0
0,0,0,0,0,0,0,0,0,0,0.0184113,0.0806124,0.0318317,-0.182499,-0.370487,-0.131302,-0.182499,-0.370487,0,0,0,0,0,0,0,0,0,0,0,0,0,0,0,0,0,0,0,0,0,0,0,0,0,0,0,0,0,0,0,0,-0.0177473,-0.0802979,-0.0310143,0,0,0,-0.00858439,0,0,0,0,0,0,0,0,0,0,0,0,0,1.5708,1.5708,0,0,0,0,0.978632,0.00897116,1.86532,0.999999,0
0,0,0,0,0,0,0,0,0,0,0.0185156,0.0801638,0.0307854,-0.17827,-0.362821,0.0663163,-0.17827,-0.362821,0,0,0,0,0,0,0,0,0,0,0,0,0,0,0,0,0,0,0,0,0,0,0,0,0,0,0,0,0,0,0,0,-0.0179648,-0.0803849,-0.0307315,0,0,0,-0.010121,0,0,0,0,0,0,0,0,0,0,0,0,0,1.5708,1.5708,0,0,0,0,0.978632,0.00897116,1.86532,0.999999,0
0,0,0,0,0,0,0,0,0,0,0.0169222,0.0804854,0.0300024,-0.177029,-0.361271,0.0979375,-0.177029,-0.361271,0,0,0,0,0,0,0,0,0,0,0,0,0,0,0,0,0,0,0,0,0,0,0,0,0,0,0,0,0,0,0,0,-0.0177256,-0.0806241,-0.0306446,0,0,0,-0.0116532,0,0,0,0,0,0,0,0,0,0,0,0,0,1.5708,1.5708,0,0,0,0,0.978632,0.00897116,1.86532,0.999999,0
0,0,0,0,0,0,0,0,0,0,0.0178061,0.0796241,0.029479,-0.178076,-0.36285,0.0627455,-0.178076,-0.36285,0,0,0,0,0,0,0,0,0,0,0,0,0,0,0,0,0,0,0,0,0,0,0,0,0,0,0,0,0,0,0,0,-0.0176603,-0.0804066,-0.0304488,0,0,0,-0.0131756,0,0,0,0,0,0,0,0,0,0,0,0,0,1.5708,1.5708,0,0,0,0,0.978632,0.00897116,1.86532,0.999999,0
0,0,0,0,0,0,0,0,0,0,0.0181656,0.0812345,0.0310445,-0.179429,-0.362969,0.0572032,-0.179429,-0.362969,0,0,0,0,0,0,0,0,0,0,0,0,0,0,0,0,0,0,0,0,0,0,0,0,0,0,0,0,0,0,0,0,-0.0179865,-0.0807328,-0.0305793,0,0,0,-0.0147046,0,0,0,0,0,0,0,0,0,0,0,0,0,1.5708,1.5708,0,0,0,0,0.978632,0.00897116,1.86532,0.999999,0
0,0,0,0,0,0,0,0,0,0,0.0182631,0.0798319,0.0311732,-0.180302,-0.361296,0.0625105,-0.180302,-0.361296,0,0,0,0,0,0,0,0,0,0,0,0,0,0,0,0,0,0,0,0,0,0,0,0,0,0,0,0,0,0,0,0,-0.018204,-0.0806676,-0.0307315,0,0,0,-0.0162412,0,0,0,0,0,0,0,0,0,0,0,0,0,1.5708,1.5708,0,0,0,0,0.979537,0.00928095,1.86532,0.999999,0
0,0,0,0,0,0,0,0,0,0,0.0165295,0.0812926,0.0311731,-0.180654,-0.359814,0.0625261,-0.180654,-0.359814,0,0,0,0,0,0,0,0,0,0,0,0,0,0,0,0,0,0,0,0,0,0,0,0,0,0,0,0,0,0,0,0,-0.0179213,-0.0808633,-0.0306228,0,0,0,-0.0177723,0,0,0,0,0,0,0,0,0,0,0,0,0,1.5708,1.5708,0,0,0,0,0.979537,0.00928095,1.86532,0.999999,0
0,0,0,0,0,0,0,0,0,0,0.0164905,0.0784372,0.0313042,-0.180826,-0.360072,0.0614402,-0.180826,-0.360072,0,0,0,0,0,0,0,0,0,0,0,0,0,0,0,0,0,0,0,0,0,0,0,0,0,0,0,0,0,0,0,0,-0.0176168,-0.0806676,-0.0307098,0,0,0,-0.0193078,0,0,0,0,0,0,0,0,0,0,0,0,0,1.5708,1.5708,0,0,0,0,0.979537,0.00928095,1.86532,0.999999,0
0,0,0,0,0,0,0,0,0,0,0.0180162,0.0817078,0.0306507,-0.180502,-0.359975,0.0616713,-0.180502,-0.359975,0,0,0,0,0,0,0,0,0,0,0,0,0,0,0,0,0,0,0,0,0,0,0,0,0,0,0,0,0,0,0,0,-0.0178343,-0.0809721,-0.0308185,0,0,0,-0.0208487,0,0,0,0,0,0,0,0,0,0,0,0,0,1.5708,1.5708,0,0,0,0,0.979537,0.00928095,1.86532,0.999999,0
0,0,0,0,0,0,0,0,0,0,0.0186244,0.0797506,0.0311712,-0.180093,-0.358411,0.0619453,-0.180093,-0.358411,0,0,0,0,0,0,0,0,0,0,0,0,0,0,0,0,0,0,0,0,0,0,0,0,0,0,0,0,0,0,0,0,-0.0180083,-0.0811026,-0.0311013,0,0,0,-0.0224038,0,0,0,0,0,0,0,0,0,0,0,0,0,1.5708,1.5708,0,0,0,0,0.979537,0.00928095,1.86532,0.999999,0
0,0,0,0,0,0,0,0,0,0,0.0191004,0.080261,0.0331276,-0.180587,-0.357521,0.0615257,-0.180587,-0.357521,0,0,0,0,0,0,0,0,0,0,0,0,0,0,0,0,0,0,0,0,0,0,0,0,0,0,0,0,0,0,0,0,-0.018204,-0.0810591,-0.0314493,0,0,0,-0.0239763,0,0,0,0,0,0,0,0,0,0,0,0,0,1.5708,1.5708,0,0,0,0,0.979537,0.00928095,1.86532,0.999999,0
0,0,0,0,0,0,0,0,0,0,0.0197077,0.0785439,0.0307773,-0.181212,-0.357819,0.0610987,-0.181212,-0.357819,0,0,0,0,0,0,0,0,0,0,0,0,0,0,0,0,0,0,0,0,0,0,0,0,0,0,0,0,0,0,0,0,-0.0184868,-0.0809721,-0.031384,0,0,0,-0.0255455,0,0,0,0,0,0,0,0,0,0,0,0,0,1.5708,1.5708,0,0,0,0,0.979537,0.00928095,1.86532,0.999999,0
0,0,0,0,0,0,0,0,0,0,0.0174402,0.0811277,0.0305154,-0.181274,-0.358381,0.0611122,-0.181274,-0.358381,0,0,0,0,0,0,0,0,0,0,0,0,0,0,0,0,0,0,0,0,0,0,0,0,0,0,0,0,0,0,0,0,-0.0186825,-0.0810808,-0.0312753,0,0,0,-0.0271092,0,0,0,0,0,0,0,0,0,0,0,0,0,1.5708,1.5708,0,0,0,0,0.979537,0.00928095,1.86532,0.999999,0
0,0,0,0,0,0,0,0,0,0,0.0176486,0.0791353,0.0318192,-0.181254,-0.358388,0.061127,-0.181254,-0.358388,0,0,0,0,0,0,0,0,0,0,0,0,0,0,0,0,0,0,0,0,0,0,0,0,0,0,0,0,0,0,0,0,-0.0189218,-0.0813418,-0.0313623,0,0,0,-0.0286773,0,0,0,0,0,0,0,0,0,0,0,0,0,1.5708,1.5708,0,0,0,0,0.979537,0.00928095,1.86532,0.999999,0
0,0,0,0,0,0,0,0,0,0,0.0165505,0.0800051,0.0307745,-0.181565,-0.35835,0.061417,-0.181565,-0.35835,0,0,0,0,0,0,0,0,0,0,0,0,0,0,0,0,0,0,0,0,0,0,0,0,0,0,0,0,0,0,0,0,-0.018726,-0.0812113,-0.031384,0,0,0,-0.0302465,0,0,0,0,0,0,0,0,0,0,0,0,0,1.5708,1.5708,0,0,0,0,0.978843,0.00897082,1.86532,0.999999,0
0,0,0,0,0,0,0,0,0,0,0.0184514,0.0779958,0.0312944,-0.181393,-0.359577,0.0612099,-0.181393,-0.359577,0,0,0,0,0,0,0,0,0,0,0,0,0,0,0,0,0,0,0,0,0,0,0,0,0,0,0,0,0,0,0,0,-0.0187478,-0.0810808,-0.0314058,0,0,0,-0.0318168,0,0,0,0,0,0,0,0,0,0,0,0,0,1.5708,1.5708,0,0,0,0,0.978843,0.00897082,1.86532,0.999999,0
0,0,0,0,0,0,0,0,0,0,0.0176089,0.0787187,0.0311623,-0.180434,-0.360957,0.0602833,-0.180434,-0.360957,0,0,0,0,0,0,0,0,0,0,0,0,0,0,0,0,0,0,0,0,0,0,0,0,0,0,0,0,0,0,0,0,-0.018552,-0.0809938,-0.0310795,0,0,0,-0.0333708,0,0,0,0,0,0,0,0,0,0,0,0,0,1.5708,1.5708,0,0,0,0,0.978843,0.00897082,1.86532,0.999999,0
0,0,0,0,0,0,0,0,0,0,0.0167651,0.0772151,0.0306396,-0.179411,-0.361799,0.0595004,-0.179411,-0.361799,0,0,0,0,0,0,0,0,0,0,0,0,0,0,0,0,0,0,0,0,0,0,0,0,0,0,0,0,0,0,0,0,-0.018117,-0.0809503,-0.0310578,0,0,0,-0.0349237,0,0,0,0,0,0,0,0,0,0,0,0,0,1.5708,1.5708,0,0,0,0,0.978843,0.00897082,1.86532,0.999999,0
0,0,0,0,0,0,0,0,0,0,0.0174849,0.0787055,0.0295946,-0.178582,-0.362146,0.058841,-0.178582,-0.362146,0,0,0,0,0,0,0,0,0,0,0,0,0,0,0,0,0,0,0,0,0,0,0,0,0,0,0,0,0,0,0,0,-0.0181823,-0.0807328,-0.0309055,0,0,0,-0.036469,0,0,0,0,0,0,0,0,0,0,0,0,0,1.5708,1.5708,0,0,0,0,0.978843,0.00897082,1.86532,0.999999,0
0,0,0,0,0,0,0,0,0,0,0.0168976,0.0782289,0.0312872,-0.17791,-0.361213,0.0581277,-0.17791,-0.361213,0,0,0,0,0,0,0,0,0,0,0,0,0,0,0,0,0,0,0,0,0,0,0,0,0,0,0,0,0,0,0,0,-0.018117,-0.0807763,-0.0308185,0,0,0,-0.0380099,0,0,0,0,0,0,0,0,0,0,0,0,0,1.5708,1.5708,0,0,0,0,0.978843,0.00897082,1.86532,0.999999,0
0,0,0,0,0,0,0,0,0,0,0.0157861,0.0782653,0.0306321,-0.17773,-0.35975,0.0575393,-0.17773,-0.35975,0,0,0,0,0,0,0,0,0,0,0,0,0,0,0,0,0,0,0,0,0,0,0,0,0,0,0,0,0,0,0,0,-0.0180518,-0.0806893,-0.0307968,0,0,0,-0.0395497,0,0,0,0,0,0,0,0,0,0,0,0,0,1.5708,1.5708,0,0,0,0,0.978843,0.00897082,1.86532,0.999999,0
0,0,0,0,0,0,0,0,0,0,0.0184573,0.0769895,0.0315436,-0.178401,-0.358946,0.0574863,-0.178401,-0.358946,0,0,0,0,0,0,0,0,0,0,0,0,0,0,0,0,0,0,0,0,0,0,0,0,0,0,0,0,0,0,0,0,-0.018117,-0.0807328,-0.0308403,0,0,0,-0.0410918,0,0,0,0,0,0,0,0,0,0,0,0,0,1.5708,1.5708,0,0,0,0,0.978843,0.00897082,1.86532,0.999999,0
