0,0,0,0,0,0,0,0,0,0,0,0,0,0,0,0,0,0,0,0,0,0,0,0,0,0,0,0,0,0,0,0,0,0,0,0,0,0,0,0,0,0,0,0,0,0,0,0,0,0,0,0,0,0,0,0,0,0,0,0,0,0,0,0,0,0,0,0,0,0,0,0,0,0,0,0,0,0,0,0
0,0,0,0,0,0,0,0,0,0,0,0,0,0,0,0,0,0,0,0,0,0,0,0,0,0,0,0,0,0,-0.0568958,0.0493271,-0.0198352,0.0213661,-0.00701485,9.33881,0.0213661,-0.00701485,0,0,0,0,0,0,0,0,0,0,0,0,0,0,0,0.00948263,-0.00822118,0.00330587,0,0.000165294,0,0,0,0,0,0,0,0,0,0,0,0,0,0,0,0,0,0,0,0,0,0
0,0,0,0,0,0,0,0,0,0,0,0,0,0,0,0,0,0,0,0,0,0,0,0,0,0,0,0,0,0,-0.0569946,0.050266,-0.020747,0.0859611,-0.0285855,7.92493,0.0859611,-0.0285855,0,0,0,0,0,0,0,0,0,0,0,0,0,0,0,0.018987,-0.0165946,0.00676399,0,0.000503493,0,0,0,0,0,0,-3.14159,-3.14159,-3.14159,0,0,0,0,0,0,0,0,0,0,0,0,0
0,0,0,0,0,0,0,0,0,0,0,0,0,0,0,0,0,0,0,0,0,0,0,0,0,0,0,0,0,0,-0.0569181,0.0503073,-0.0207441,0.16925,-0.0570197,6.12013,0.16925,-0.0570197,0,0,0,0,0,0,0,0,0,0,0,0,0,0,0,0.0284914,-0.024968,0.0102221,0,0.0010146,0,0,0,0,0,0,-3.14159,-3.14159,-3.14159,0,0,0,0,0,0,0,0,0,0,0,0,0
0,0,0,0,0,0,0,0,0,0,0,0,0,0,0,0,0,0,0,0,0,0,0,0,0,0,0,0,0,0,-0.0555289,0.0509938,-0.0193107,0.245268,-0.0834826,4.47727,0.245268,-0.0834826,0,0,0,0,0,0,0,0,0,0,0,0,0,0,0,0.0377783,-0.0334502,0.013441,0,0.00168665,0,0,0,0,0,0,-3.14159,-3.14159,-3.14159,0,0,0,0,0,0,0,0,0,0,0,0,0
0,0,0,0,0,0,0,0,0,0,0,0,0,0,0,0,0,0,0,0,0,0,0,0,0,0,0,0,0,0,-0.0554443,0.0510272,-0.0193127,0.317378,-0.108768,2.90247,0.317378,-0.108768,0,0,0,0,0,0,0,0,0,0,0,0,0,0,0,0.0470652,-0.0419324,0.0166598,0,0.00251964,0,0,0,0,0,0,-3.14159,-3.14159,-3.14159,0,0,0,0,0,0,0,0,0,0,0,0,0
0,0,0,0,0,0,0,0,0,0,0,0,0,0,0,0,0,0,0,0,0,0,0,0,0,0,0,0,0,0,-0.0553537,0.0510553,-0.0193148,0.390706,-0.134041,1.29977,0.390706,-0.134041,0,0,0,0,0,0,0,0,0,0,0,0,0,0,0,0.056352,-0.0504145,0.0198787,0,0.00351358,0,0,0,0,0,0,-3.14159,-3.14159,-3.14159,0,0,0,0,0,0,0,0,0,0,0,0,0
0,0,0,0,0,0,0,0,0,0,0,0,0,0,0,0,0,0,0,0,0,0,0,0,0,0,0,0,0,0,-0.057344,0.0495091,-0.0197087,0.443981,-0.151799,0.155361,0.443981,-0.151799,0,0,0,0,0,0,0,0,0,0,0,0,0,0,0,0.0565043,-0.0504145,0.019857,0,0.00450642,0,0,0,0,0,0,-3.14159,-3.14159,-3.14159,0,0,0,0,0,0,0,0,0,0,0,0,0
0,0,0,0,0,0,0,0,0,0,0,0,0,0,0,0,0,0,0,0,0,0,0,0,0,0,0,0,0,0,-0.0572416,0.0495212,-0.0197113,0.45414,-0.154653,-0.0421977,0.45414,-0.154653,0,0,0,0,0,0,0,0,0,0,0,0,0,0,0,0.0566348,-0.0502623,0.019683,0,0.00549057,0,0,0,0,0,0,-3.14159,-3.14159,-3.14159,0,0,0,0,0,0,0,0,0,0,0,0,0
0,0,0,0,0,0,0,0,0,0,0,0,0,0,0,0,0,0,0,0,0,0,0,0,0,0,0,0,0,0,-0.0576558,0.0501799,-0.0198447,0.445379,-0.151285,0.153392,0.445379,-0.151285,0,0,0,0,0,0,0,0,0,0,0,0,0,0,0,0.0568523,-0.0502188,0.0195307,0,0.00646711,0,0,0,0,0,0,-3.14159,-3.14159,-3.14159,0,0,0,0,0,0,0,0,0,0,0,0,0
0,0,0,0,0,0,0,0,0,0,0,0,0,0,0,0,0,0,0,0,0,0,0,0,0,0,0,0,0,0,-0.0575416,0.050182,-0.0198475,0.44387,-0.151058,0.186323,0.44387,-0.151058,0,0,0,0,0,0,0,0,0,0,0,0,0,0,0,0.0572873,-0.0500665,0.0196177,0,0.007448,0,0,0,0,0,0,-3.14159,-3.14159,-3.14159,0,0,0,0,0,0,0,0,0,0,0,0,0
0,0,0,0,0,0,0,0,0,0,0,0,0,0,0,0,0,0,0,0,0,0,0,0,0,0,0,0,0,0,-0.0572906,0.0516157,-0.0208945,0.446162,-0.152221,0.151216,0.446162,-0.152221,0,0,0,0,0,0,0,0,0,0,0,0,0,0,0,0.0577005,-0.0501535,0.0198787,0,0.00844193,0,0,0,0,0,0,-3.14159,-3.14159,-3.14159,0,0,0,0,0,0,0,0,0,0,0,0,0
0,0,0,0,0,0,0,0,0,0,0,0,0,0,0,0,0,0,0,0,0,0,0,0,0,0,0,0,0,0,-0.057164,0.0516075,-0.0208977,0.446947,-0.152727,0.144952,0.446947,-0.152727,0,0,0,0,0,0,0,0,0,0,0,0,0,0,0,0.0581137,-0.0502405,0.0201397,0,0.00944892,0,0,0,0,0,0,-3.14159,-3.14159,-3.14159,0,0,0,0,0,0,0,0,0,0,0,0,0
0,0,0,0,0,0,0,0,0,0,0,0,0,0,0,0,0,0,0,0,0,0,0,0,0,0,0,0,0,0,-0.0570311,0.0515915,-0.0209012,0.446291,-0.153463,0.151999,0.446291,-0.153463,0,0,0,0,0,0,0,0,0,0,0,0,0,0,0,0.058179,-0.0505885,0.0203355,0,0.0104657,0,0,0,0,0,0,-3.14159,-3.14159,-3.14159,0,0,0,0,0,0,0,0,0,0,0,0,0
0,0,0,0,0,0,0,0,0,0,0,0,0,0,0,0,0,0,0,0,0,0,0,0,0,0,0,0,0,0,-0.0565008,0.0516997,-0.0194694,0.445747,-0.154779,0.154418,0.445747,-0.154779,0,0,0,0,0,0,0,0,0,0,0,0,0,0,0,0.058179,-0.0509583,0.020292,0,0.0114803,0,0,0,0,0,0,-3.14159,-3.14159,-3.14159,0,0,0,0,0,0,0,0,0,0,0,0,0
0,0,0,0,0,0,0,0,0,0,0,0,0,0,0,0,0,0,0,0,0,0,0,0,0,0,0,0,0,0,-0.0563567,0.0516719,-0.0194732,0.445801,-0.155734,0.153969,0.445801,-0.155734,0,0,0,0,0,0,0,0,0,0,0,0,0,0,0,0.058092,-0.0512192,0.0202267,0,0.0124916,0,0,0,0,0,0,-3.14159,-3.14159,-3.14159,0,0,0,0,0,0,0,0,0,0,0,0,0
0,0,0,0,0,0,0,0,0,0,0,0,0,0,0,0,0,0,0,0,0,0,0,0,0,0,0,0,0,0,-0.0567296,0.0496812,-0.0196076,0.445982,-0.155889,0.154548,0.445982,-0.155889,0,0,0,0,0,0,0,0,0,0,0,0,0,0,0,0.058092,-0.051154,0.0201832,0,0.0135008,0,0,0,0,0,0,-3.14159,-3.14159,-3.14159,0,0,0,0,0,0,0,0,0,0,0,0,0
0,0,0,0,0,0,0,0,0,0,0,0,0,0,0,0,0,0,0,0,0,0,0,0,0,0,0,0,0,0,-0.0565748,0.0496427,-0.0196116,0.446148,-0.156368,0.156261,0.446148,-0.156368,0,0,0,0,0,0,0,0,0,0,0,0,0,0,0,0.0581137,-0.0508495,0.0199657,0,0.0144991,0,0,0,0,0,0,-3.14159,-3.14159,-3.14159,0,0,0,0,0,0,0,0,0,0,0,0,0
0,0,0,0,0,0,0,0,0,0,0,0,0,0,0,0,0,0,0,0,0,0,0,0,0,0,0,0,0,0,-0.0564135,0.0496002,-0.0196156,0.446556,-0.157744,0.157507,0.446556,-0.157744,0,0,0,0,0,0,0,0,0,0,0,0,0,0,0,0.0581355,-0.050545,0.0197482,0,0.0154865,0,0,0,0,0,0,-3.14159,-3.14159,-3.14159,0,0,0,0,0,0,0,0,0,0,0,0,0
0,0,0,0,0,0,0,0,0,0,0,0,0,0,0,0,0,0,0,0,0,0,0,0,0,0,0,0,0,0,-0.0566382,0.050335,-0.0200113,0.447024,-0.159299,0.158148,0.447024,-0.159299,0,0,0,0,0,0,0,0,0,0,0,0,0,0,0,0.0582225,-0.050371,0.019596,0,0.0164663,0,0,0,0,0,0,-3.14159,-3.14159,-3.14159,0,0,0,0,0,0,0,0,0,0,0,0,0
0,0,0,0,0,0,0,0,0,0,0,0,0,0,0,0,0,0,0,0,0,0,0,0,0,0,0,0,0,0,-0.0564655,0.0502806,-0.0200156,0.4471,-0.160583,0.159162,0.4471,-0.160583,0,0,0,0,0,0,0,0,0,0,0,0,0,0,0,0.0583747,-0.0501753,0.019683,0,0.0174504,0,0,0,0,0,0,-3.14159,-3.14159,-3.14159,0,0,0,0,0,0,0,0,0,0,0,0,0
0,0,0,0,0,0,0,0,0,0,0,0,0,0,0,0,0,0,0,0,0,0,0,0,0,0,0,0,0,0,-0.0564175,0.0504814,-0.019759,0.447283,-0.161397,0.160221,0.447283,-0.161397,0,0,0,0,0,0,0,0,0,0,0,0,0,0,0,0.0585487,-0.050023,0.0197265,0,0.0184368,0,0,0,0,0,0,-3.14159,-3.14159,-3.14159,0,0,0,0,0,0,0,0,0,0,0,0,0
0,0,0,0,0,0,0,0,0,0,0,0,0,0,0,0,0,0,0,0,0,0,0,0,0,0,0,0,0,0,-0.0562345,0.050415,-0.0197637,0.448497,-0.16144,0.159696,0.448497,-0.16144,0,0,0,0,0,0,0,0,0,0,0,0,0,0,0,0.0586357,-0.050197,0.0197482,0,0.0194242,0,0,0,0,0,0,-3.14159,-3.14159,-3.14159,0,0,0,0,0,0,0,0,0,0,0,0,0
0,0,0,0,0,0,0,0,0,0,0,0,0,0,0,0,0,0,0,0,0,0,0,0,0,0,0,0,0,0,-0.0560481,0.0503421,-0.0197688,0.450307,-0.160774,0.164951,0.450307,-0.160774,0,0,0,0,0,0,0,0,0,0,0,0,0,0,0,0.0587227,-0.050371,0.01977,0,0.0204127,0,0,0,0,0,0,-3.14159,-3.14159,-3.14159,0,0,0,0,0,0,0,0,0,0,0,0,0
0,0,0,0,0,0,0,0,0,0,0,0,0,0,0,0,0,0,0,0,0,0,0,0,0,0,0,0,0,0,-0.0546839,0.0494815,-0.0187301,0.451268,-0.159773,0.178019,0.451268,-0.159773,0,0,0,0,0,0,0,0,0,0,0,0,0,0,0,0.058614,-0.0504145,0.0196177,0,0.0213936,0,0,0,0,0,0,-3.14159,-3.14159,-3.14159,0,0,0,0,0,0,0,0,0,0,0,0,0
0,0,0,0,0,0,0,0,0,0,0,0,0,0,0,0,0,0,0,0,0,0,0,0,0,0,0,0,0,0,-0.054488,0.0493991,-0.0187369,0.450812,-0.158543,0.183781,0.450812,-0.158543,0,0,0,0,0,0,0,0,0,0,0,0,0,0,0,0.05844,-0.0503275,0.0194002,0,0.0223636,0,0,0,0,0,0,-3.14159,-3.14159,-3.14159,0,0,0,0,0,0,0,0,0,0,0,0,0
0,0,0,0,0,0,0,0,0,0,0,0,0,0,0,0,0,0,0,0,0,0,0,0,0,0,0,0,0,0,-0.0551954,0.0497005,-0.0204401,0.450617,-0.157107,0.181422,0.450617,-0.157107,0,0,0,0,0,0,0,0,0,0,0,0,0,0,0,0.0584182,-0.0503058,0.0194655,0,0.0233368,0,0,0,0,0,0,-3.14159,-3.14159,-3.14159,0,0,0,0,0,0,0,0,0,0,0,0,0
0,0,0,0,0,0,0,0,0,0,0,0,0,0,0,0,0,0,0,0,0,0,0,0,0,0,0,0,0,0,-0.0549836,0.0496035,-0.0204471,0.451485,-0.15574,0.181193,0.451485,-0.15574,0,0,0,0,0,0,0,0,0,0,0,0,0,0,0,0.0583747,-0.0502405,0.0195742,0,0.0243155,0,0,0,0,0,0,-3.14159,-3.14159,-3.14159,0,0,0,0,0,0,0,0,0,0,0,0,0
0,0,0,0,0,0,0,0,0,0,0,0,0,0,0,0,0,0,0,0,0,0,0,0,0,0,0,0,0,0,-0.0547711,0.0495018,-0.0204545,0.45184,-0.154729,0.182767,0.45184,-0.154729,0,0,0,0,0,0,0,0,0,0,0,0,0,0,0,0.0583312,-0.0501753,0.019683,0,0.0252997,0,0,0,0,0,0,-3.14159,-3.14159,-3.14159,0,0,0,0,0,0,0,0,0,0,0,0,0
0,0,0,0,0,0,0,0,0,0,0,0,0,0,0,0,0,0,0,0,0,0,0,0,0,0,0,0,0,0,-0.0557288,0.049656,-0.0212451,0.451106,-0.15359,0.175149,0.451106,-0.15359,0,0,0,0,0,0,0,0,0,0,0,0,0,0,0,0.0584835,-0.0501535,0.0199222,0,0.0262958,0,0,0,0,0,0,-3.14159,-3.14159,-3.14159,0,0,0,0,0,0,0,0,0,0,0,0,0
0,0,0,0,0,0,0,0,0,0,0,0,0,0,0,0,0,0,0,0,0,0,0,0,0,0,0,0,0,0,-0.0555045,0.0495429,-0.0212527,0.450461,-0.151922,0.15816,0.450461,-0.151922,0,0,0,0,0,0,0,0,0,0,0,0,0,0,0,0.0588314,-0.0502623,0.0203355,0,0.0273126,0,0,0,0,0,0,-3.14159,-3.14159,-3.14159,0,0,0,0,0,0,0,0,0,0,0,0,0
0,0,0,0,0,0,0,0,0,0,0,0,0,0,0,0,0,0,0,0,0,0,0,0,0,0,0,0,0,0,-0.0533161,0.0491623,-0.020869,0.45123,-0.151065,0.149676,0.45123,-0.151065,0,0,0,0,0,0,0,0,0,0,0,0,0,0,0,0.0588532,-0.0503275,0.0206834,0,0.0283468,0,0,0,0,0,0,-3.14159,-3.14159,-3.14159,0,0,0,0,0,0,0,0,0,0,0,0,0
0,0,0,0,0,0,0,0,0,0,0,0,0,0,0,0,0,0,0,0,0,0,0,0,0,0,0,0,0,0,-0.0530818,0.049039,-0.0208755,0.452393,-0.152082,0.150807,0.452393,-0.152082,0,0,0,0,0,0,0,0,0,0,0,0,0,0,0,0.0587227,-0.0503275,0.0207487,0,0.0293842,0,0,0,0,0,0,-3.14159,-3.14159,-3.14159,0,0,0,0,0,0,0,0,0,0,0,0,0
0,0,0,0,0,0,0,0,0,0,0,0,0,0,0,0,0,0,0,0,0,0,0,0,0,0,0,0,0,0,-0.0528445,0.0489143,-0.0208818,0.452202,-0.153895,0.150977,0.452202,-0.153895,0,0,0,0,0,0,0,0,0,0,0,0,0,0,0,0.0585922,-0.0503275,0.0208139,0,0.0304249,0,0,0,0,0,0,-3.14159,-3.14159,-3.14159,0,0,0,0,0,0,0,0,0,0,0,0,0
0,0,0,0,0,0,0,0,0,0,0,0,0,0,0,0,0,0,0,0,0,0,0,0,0,0,0,0,0,0,-0.0524724,0.0486546,-0.0203662,0.451009,-0.155416,0.150607,0.451009,-0.155416,0,0,0,0,0,0,0,0,0,0,0,0,0,0,0,0.05844,-0.0503058,0.0207922,0,0.0314645,0,0,0,0,0,0,-3.14159,-3.14159,-3.14159,0,0,0,0,0,0,0,0,0,0,0,0,0
0,0,0,0,0,0,0,0,0,0,0,0,0,0,0,0,0,0,0,0,0,0,0,0,0,0,0,0,0,0,-0.0522252,0.0485191,-0.0203728,0.449814,-0.157005,0.152507,0.449814,-0.157005,0,0,0,0,0,0,0,0,0,0,0,0,0,0,0,0.058092,-0.0502405,0.0206399,0,0.0324965,0,0,0,0,0,0,-3.14159,-3.14159,-3.14159,0,0,0,0,0,0,0,0,0,0,0,0,0
0,0,0,0,0,0,0,0,0,0,0,0,0,0,0,0,0,0,0,0,0,0,0,0,0,0,0,0,0,0,-0.0514504,0.0499442,-0.0198574,0.449142,-0.158351,0.154997,0.449142,-0.158351,0,0,0,0,0,0,0,0,0,0,0,0,0,0,0,0.057657,-0.0504363,0.0204007,0,0.0335165,0,0,0,0,0,0,-3.14159,-3.14159,-3.14159,0,0,0,0,0,0,0,0,0,0,0,0,0
0,0,0,0,0,0,0,0,0,0,0,0,0,0,0,0,0,0,0,0,0,0,0,0,0,0,0,0,0,0,-0.0523675,0.0505795,-0.0206474,0.448675,-0.158459,0.155869,0.448675,-0.158459,0,0,0,0,0,0,0,0,0,0,0,0,0,0,0,0.057744,-0.050806,0.0203572,0,0.0345344,0,0,0,0,0,0,-3.14159,-3.14159,-3.14159,0,0,0,0,0,0,0,0,0,0,0,0,0
0,0,0,0,0,0,0,0,0,0,0,0,0,0,0,0,0,0,0,0,0,0,0,0,0,0,0,0,0,0,-0.0515844,0.04899,-0.0184363,0.448089,-0.15776,0.156027,0.448089,-0.15776,0,0,0,0,0,0,0,0,0,0,0,0,0,0,0,0.057744,-0.0509365,0.019944,0,0.0355316,0,0,0,0,0,0,-3.14159,-3.14159,-3.14159,0,0,0,0,0,0,0,0,0,0,0,0,0
0,0,0,0,0,0,0,0,0,0,0,0,0,0,0,0,0,0,0,0,0,0,0,0,0,0,0,0,0,0,-0.0515798,0.0487044,-0.0217057,0.447526,-0.156894,0.156286,0.447526,-0.156894,0,0,0,0,0,0,0,0,0,0,0,0,0,0,0,0.0577875,-0.0510453,0.0200745,0,0.0365353,0,0,0,0,0,0,-3.14159,-3.14159,-3.14159,0,0,0,0,0,0,0,0,0,0,0,0,0
0,0,0,0,0,0,0,0,0,0,0,0,0,0,0,0,0,0,0,0,0,0,0,0,0,0,0,0,0,0,-0.0519632,0.0484143,-0.0202783,0.447129,-0.156137,0.156288,0.447129,-0.156137,0,0,0,0,0,0,0,0,0,0,0,0,0,0,0,0.0579615,-0.051154,0.0200527,0,0.0375379,0,0,0,0,0,0,-3.14159,-3.14159,-3.14159,0,0,0,0,0,0,0,0,0,0,0,0,0
0,0,0,0,0,0,0,0,0,0,0,0,0,0,0,0,0,0,0,0,0,0,0,0,0,0,0,0,0,0,-0.0494727,0.0478562,-0.0192418,0.447314,-0.155818,0.15715,0.447314,-0.155818,0,0,0,0,0,0,0,0,0,0,0,0,0,0,0,0.0577657,-0.0511975,0.019857,0,0.0385308,0,0,0,0,0,0,-3.14159,-3.14159,-3.14159,0,0,0,0,0,0,0,0,0,0,0,0,0
0,0,0,0,0,0,0,0,0,0,0,0,0,0,0,0,0,0,0,0,0,0,0,0,0,0,0,0,0,0,-0.0516746,0.048993,-0.0202923,0.448317,-0.156533,0.1594,0.448317,-0.156533,0,0,0,0,0,0,0,0,0,0,0,0,0,0,0,0.0580702,-0.0511975,0.0199222,0,0.0395269,0,0,0,0,0,0,-3.14159,-3.14159,-3.14159,0,0,0,0,0,0,0,0,0,0,0,0,0
0,0,0,0,0,0,0,0,0,0,0,0,0,0,0,0,0,0,0,0,0,0,0,0,0,0,0,0,0,0,-0.0504828,0.0479049,-0.0201698,0.449104,-0.157873,0.161474,0.449104,-0.157873,0,0,0,0,0,0,0,0,0,0,0,0,0,0,0,0.0580267,-0.0509148,0.0198352,0,0.0405187,0,0,0,0,0,0,-3.14159,-3.14159,-3.14159,0,0,0,0,0,0,0,0,0,0,0,0,0
0,0,0,0,0,0,0,0,0,0,0,0,0,0,0,0,0,0,0,0,0,0,0,0,0,0,0,0,0,0,-0.0491556,0.0487696,-0.0199166,0.448727,-0.15854,0.161935,0.448727,-0.15854,0,0,0,0,0,0,0,0,0,0,0,0,0,0,0,0.0578962,-0.0510453,0.0200745,0,0.0415224,0,0,0,0,0,0,-3.14159,-3.14159,-3.14159,0,0,0,0,0,0,0,0,0,0,0,0,0
0,0,0,0,0,0,0,0,0,0,0,0,0,0,0,0,0,0,0,0,0,0,0,0,0,0,0,0,0,0,-0.0500396,0.0475435,-0.0191409,0.44792,-0.158807,0.16158,0.44792,-0.158807,0,0,0,0,0,0,0,0,0,0,0,0,0,0,0,0.057918,-0.0510235,0.0196395,0,0.0425044,0,0,0,0,0,0,-3.14159,-3.14159,-3.14159,0,0,0,0,0,0,0,0,0,0,0,0,0
0,0,0,0,0,0,0,0,0,0,0,0,0,0,0,0,0,0,0,0,0,0,0,0,0,0,0,0,0,0,-0.0485717,0.0484005,-0.0198011,0.447312,-0.158692,0.162202,0.447312,-0.158692,0,0,0,0,0,0,0,0,0,0,0,0,0,0,0,0.0576352,-0.0511975,0.0195525,0,0.043482,0,0,0,0,0,0,-3.14159,-3.14159,-3.14159,0,0,0,0,0,0,0,0,0,0,0,0,0
0,0,0,0,0,0,0,0,0,0,0,0,0,0,0,0,0,0,0,0,0,0,0,0,0,0,0,0,0,0,-0.0499713,0.0462513,-0.0204609,0.446837,-0.15815,0.162701,0.446837,-0.15815,0,0,0,0,0,0,0,0,0,0,0,0,0,0,0,0.058005,-0.0511105,0.0197482,0,0.0444694,0,0,0,0,0,0,-3.14159,-3.14159,-3.14159,0,0,0,0,0,0,0,0,0,0,0,0,0
0,0,0,0,0,0,0,0,0,0,0,0,0,0,0,0,0,0,0,0,0,0,0,0,0,0,0,0,0,0,-0.0484979,0.0491867,-0.0187716,0.446181,-0.157643,0.161805,0.446181,-0.157643,0,0,0,0,0,0,0,0,0,0,0,0,0,0,0,0.0577657,-0.051328,0.0194872,0,0.0454438,0,0,0,0,0,0,-3.14159,-3.14159,-3.14159,0,0,0,0,0,0,0,0,0,0,0,0,0
0,0,0,0,0,0,0,0,0,0,0,0,0,0,0,0,0,0,0,0,0,0,0,0,0,0,0,0,0,0,-0.0523707,0.0483338,-0.019172,0.445766,-0.156538,0.160346,0.445766,-0.156538,0,0,0,0,0,0,0,0,0,0,0,0,0,0,0,0.0583747,-0.051589,0.0193132,0,0.0464094,0,0,0,0,0,0,-3.14159,-3.14159,-3.14159,0,0,0,0,0,0,0,0,0,0,0,0,0
0,0,0,0,0,0,0,0,0,0,0,0,0,0,0,0,0,0,0,0,0,0,0,0,0,0,0,0,0,0,-0.0473662,0.0460394,-0.0203549,0.446404,-0.154842,0.159126,0.446404,-0.154842,0,0,0,0,0,0,0,0,0,0,0,0,0,0,0,0.0583747,-0.051328,0.0193785,0,0.0473783,0,0,0,0,0,0,-3.14159,-3.14159,-3.14159,0,0,0,0,0,0,0,0,0,0,0,0,0
0,0,0,0,0,0,0,0,0,0,0,0,0,0,0,0,0,0,0,0,0,0,0,0,0,0,0,0,0,0,-0.0477092,0.0479165,-0.018928,0.447762,-0.153599,0.15885,0.447762,-0.153599,0,0,0,0,0,0,0,0,0,0,0,0,0,0,0,0.0582877,-0.051589,0.019335,0,0.0483451,0,0,0,0,0,0,-3.14159,-3.14159,-3.14159,0,0,0,0,0,0,0,0,0,0,0,0,0
0,0,0,0,0,0,0,0,0,0,0,0,0,0,0,0,0,0,0,0,0,0,0,0,0,0,0,0,0,0,-0.0459615,0.0479645,-0.0206337,0.44926,-0.153773,0.158972,0.44926,-0.153773,0,0,0,0,0,0,0,0,0,0,0,0,0,0,0,0.0581572,-0.0517195,0.0194655,0,0.0493184,0,0,0,0,0,0,-3.14159,-3.14159,-3.14159,0,0,0,0,0,0,0,0,0,0,0,0,0
0,0,0,0,0,0,0,0,0,0,0,0,0,0,0,0,0,0,0,0,0,0,0,0,0,0,0,0,0,0,-0.0482579,0.0464432,-0.0214258,0.450138,-0.154279,0.158785,0.450138,-0.154279,0,0,0,0,0,0,0,0,0,0,0,0,0,0,0,0.058179,-0.0519587,0.0196177,0,0.0502993,0,0,0,0,0,0,-3.14159,-3.14159,-3.14159,0,0,0,0,0,0,0,0,0,0,0,0,0
0,0,0,0,0,0,0,0,0,0,0,0,0,0,0,0,0,0,0,0,0,0,0,0,0,0,0,0,0,0,-0.0454606,0.0466153,-0.0206502,0.450173,-0.154103,0.158852,0.450173,-0.154103,0,0,0,0,0,0,0,0,0,0,0,0,0,0,0,0.0579832,-0.0517412,0.0199222,0,0.0512954,0,0,0,0,0,0,-3.14159,-3.14159,-3.14159,0,0,0,0,0,0,0,0,0,0,0,0,0
0,0,0,0,0,0,0,0,0,0,0,0,0,0,0,0,0,0,0,0,0,0,0,0,0,0,0,0,0,0,-0.0472243,0.0460006,-0.0201371,0.449584,-0.154688,0.159907,0.449584,-0.154688,0,0,0,0,0,0,0,0,0,0,0,0,0,0,0,0.0574395,-0.0515672,0.0200745,0,0.0522991,0,0,0,0,0,0,-3.14159,-3.14159,-3.14159,0,0,0,0,0,0,0,0,0,0,0,0,0
0,0,0,0,0,0,0,0,0,0,0,0,0,0,0,0,0,0,0,0,0,0,0,0,0,0,0,0,0,0,-0.0480718,0.0448597,-0.0214508,0.44835,-0.155771,0.161182,0.44835,-0.155771,0,0,0,0,0,0,0,0,0,0,0,0,0,0,0,0.0578745,-0.051589,0.0202485,0,0.0533115,0,0,0,0,0,0,-3.14159,-3.14159,-3.14159,0,0,0,0,0,0,0,0,0,0,0,0,0
0,0,0,0,0,0,0,0,0,0,0,0,0,0,0,0,0,0,0,0,0,0,0,0,0,0,0,0,0,0,-0.0472184,0.0471088,-0.0195024,0.447224,-0.156167,0.161585,0.447224,-0.156167,0,0,0,0,0,0,0,0,0,0,0,0,0,0,0,0.0581137,-0.051676,0.0203355,0,0.0543283,0,0,0,0,0,0,-3.14159,-3.14159,-3.14159,0,0,0,0,0,0,0,0,0,0,0,0,0
0,0,0,0,0,0,0,0,0,0,0,0,0,0,0,0,0,0,0,0,0,0,0,0,0,0,0,0,0,0,-0.0462336,0.0433512,-0.0195112,0.446675,-0.155894,0.161454,0.446675,-0.155894,0,0,0,0,0,0,0,0,0,0,0,0,0,0,0,0.0584835,-0.0511322,0.0201397,0,0.0553353,0,0,0,0,0,0,-3.14159,-3.14159,-3.14159,0,0,0,0,0,0,0,0,0,0,0,0,0
0,0,0,0,0,0,0,0,0,0,0,0,0,0,0,0,0,0,0,0,0,0,0,0,0,0,0,0,0,0,-0.0466826,0.0459848,-0.0204346,0.446489,-0.155271,0.160654,0.446489,-0.155271,0,0,0,0,0,0,0,0,0,0,0,0,0,0,0,0.0585487,-0.0512845,0.0199657,0,0.0563336,0,0,0,0,0,0,-3.14159,-3.14159,-3.14159,0,0,0,0,0,0,0,0,0,0,0,0,0
0,0,0,0,0,0,0,0,0,0,0,0,0,0,0,0,0,0,0,0,0,0,0,0,0,0,0,0,0,0,-0.0459541,0.0443082,-0.0208347,0.446729,-0.154236,0.159917,0.446729,-0.154236,0,0,0,0,0,0,0,0,0,0,0,0,0,0,0,0.0589619,-0.0511322,0.0199875,0,0.0573329,0,0,0,0,0,0,-3.14159,-3.14159,-3.14159,0,0,0,0,0,0,0,0,0,0,0,0,0
0,0,0,0,0,0,0,0,0,0,0,0,0,0,0,0,0,0,0,0,0,0,0,0,0,0,0,0,0,0,-0.0447007,0.0454974,-0.0211048,0.447492,-0.153028,0.159791,0.447492,-0.153028,0,0,0,0,0,0,0,0,0,0,0,0,0,0,0,0.0588749,-0.0512845,0.0201397,0,0.0583399,0,0,0,0,0,0,-3.14159,-3.14159,-3.14159,0,0,0,0,0,0,0,0,0,0,0,0,0
0,0,0,0,0,0,0,0,0,0,0,0,0,0,0,0,0,0,0,0,0,0,0,0,0,0,0,0,0,0,-0.0438362,0.0430301,-0.021897,0.447947,-0.152621,0.159918,0.447947,-0.152621,0,0,0,0,0,0,0,0,0,0,0,0,0,0,0,0.0585052,-0.0512192,0.020205,0,0.0593502,0,0,0,0,0,0,-3.14159,-3.14159,-3.14159,0,0,0,0,0,0,0,0,0,0,0,0,0
0,0,0,0,0,0,0,0,0,0,0,0,0,0,0,0,0,0,0,0,0,0,0,0,0,0,0,0,0,0,-0.0454475,0.0440841,-0.0217762,0.447027,-0.152419,0.160085,0.447027,-0.152419,0,0,0,0,0,0,0,0,0,0,0,0,0,0,0,0.0585487,-0.0509583,0.0205747,0,0.0603789,0,0,0,0,0,0,-3.14159,-3.14159,-3.14159,0,0,0,0,0,0,0,0,0,0,0,0,0
0,0,0,0,0,0,0,0,0,0,0,0,0,0,0,0,0,0,0,0,0,0,0,0,0,0,0,0,0,0,-0.0444458,0.0444819,-0.0216552,0.445751,-0.151845,0.159654,0.445751,-0.151845,0,0,0,0,0,0,0,0,0,0,0,0,0,0,0,0.0585922,-0.0513932,0.0209227,0,0.061425,0,0,0,0,0,0,-3.14159,-3.14159,-3.14159,0,0,0,0,0,0,0,0,0,0,0,0,0
0,0,0,0,0,0,0,0,0,0,0,0,0,0,0,0,0,0,0,0,0,0,0,0,0,0,0,0,0,0,-0.0423987,0.0429195,-0.0199675,0.445879,-0.151822,0.159421,0.445879,-0.151822,0,0,0,0,0,0,0,0,0,0,0,0,0,0,0,0.0582225,-0.0511322,0.0208357,0,0.0624668,0,0,0,0,0,0,-3.14159,-3.14159,-3.14159,0,0,0,0,0,0,0,0,0,0,0,0,0
0,0,0,0,0,0,0,0,0,0,0,0,0,0,0,0,0,0,0,0,0,0,0,0,0,0,0,0,0,0,-0.0449188,0.0433125,-0.0201077,0.446361,-0.153118,0.159787,0.446361,-0.153118,0,0,0,0,0,0,0,0,0,0,0,0,0,0,0,0.0583965,-0.0512192,0.0207052,0,0.0635021,0,0,0,0,0,0,-3.14159,-3.14159,-3.14159,0,0,0,0,0,0,0,0,0,0,0,0,0
0,0,0,0,0,0,0,0,0,0,0,0,0,0,0,0,0,0,0,0,0,0,0,0,0,0,0,0,0,0,-0.0440425,0.0420074,-0.020901,0.445959,-0.15473,0.16047,0.445959,-0.15473,0,0,0,0,0,0,0,0,0,0,0,0,0,0,0,0.0586357,-0.050893,0.0206617,0,0.0645352,0,0,0,0,0,0,-3.14159,-3.14159,-3.14159,0,0,0,0,0,0,0,0,0,0,0,0,0
0,0,0,0,0,0,0,0,0,0,0,0,0,0,0,0,0,0,0,0,0,0,0,0,0,0,0,0,0,0,-0.0422497,0.0416139,-0.0214309,0.445906,-0.155414,0.161167,0.445906,-0.155414,0,0,0,0,0,0,0,0,0,0,0,0,0,0,0,0.0587227,-0.0509148,0.0205747,0,0.0655639,0,0,0,0,0,0,-3.14159,-3.14159,-3.14159,0,0,0,0,0,0,0,0,0,0,0,0,0
0,0,0,0,0,0,0,0,0,0,0,0,0,0,0,0,0,0,0,0,0,0,0,0,0,0,0,0,0,0,-0.0437162,0.0418697,-0.0207874,0.446647,-0.156365,0.161489,0.446647,-0.156365,0,0,0,0,0,0,0,0,0,0,0,0,0,0,0,0.0587879,-0.050806,0.0204007,0,0.0665839,0,0,0,0,0,0,-3.14159,-3.14159,-3.14159,0,0,0,0,0,0,0,0,0,0,0,0,0
0,0,0,0,0,0,0,0,0,0,0,0,0,0,0,0,0,0,0,0,0,0,0,0,0,0,0,0,0,0,-0.0425709,0.0417322,-0.0211874,0.447182,-0.157943,0.161866,0.447182,-0.157943,0,0,0,0,0,0,0,0,0,0,0,0,0,0,0,0.0588314,-0.0506103,0.0203137,0,0.0675996,0,0,0,0,0,0,-3.14159,-3.14159,-3.14159,0,0,0,0,0,0,0,0,0,0,0,0,0
0,0,0,0,0,0,0,0,0,0,0,0,0,0,0,0,0,0,0,0,0,0,0,0,0,0,0,0,0,0,-0.041423,0.0409407,-0.020805,0.446851,-0.158686,0.161928,0.446851,-0.158686,0,0,0,0,0,0,0,0,0,0,0,0,0,0,0,0.0590272,-0.050545,0.0204442,0,0.0686218,0,0,0,0,0,0,-3.14159,-3.14159,-3.14159,0,0,0,0,0,0,0,0,0,0,0,0,0
0,0,0,0,0,0,0,0,0,0,0,0,0,0,0,0,0,0,0,0,0,0,0,0,0,0,0,0,0,0,-0.0417087,0.0411898,-0.0213363,0.446116,-0.158152,0.161688,0.446116,-0.158152,0,0,0,0,0,0,0,0,0,0,0,0,0,0,0,0.0588532,-0.050458,0.0206399,0,0.0696538,0,0,0,0,0,0,-3.14159,-3.14159,-3.14159,0,0,0,0,0,0,0,0,0,0,0,0,0
0,0,0,0,0,0,0,0,0,0,0,0,0,0,0,0,0,0,0,0,0,0,0,0,0,0,0,0,0,0,-0.0422542,0.0406516,-0.0192573,0.445822,-0.157615,0.161531,0.445822,-0.157615,0,0,0,0,0,0,0,0,0,0,0,0,0,0,0,0.0589184,-0.0505015,0.0203572,0,0.0706717,0,0,0,0,0,0,-3.14159,-3.14159,-3.14159,0,0,0,0,0,0,0,0,0,0,0,0,0
0,0,0,0,0,0,0,0,0,0,0,0,0,0,0,0,0,0,0,0,0,0,0,0,0,0,0,0,0,0,-0.0409701,0.0416781,-0.0204409,0.445977,-0.157473,0.161514,0.445977,-0.157473,0,0,0,0,0,0,0,0,0,0,0,0,0,0,0,0.0590707,-0.0507843,0.0201832,0,0.0716808,0,0,0,0,0,0,-3.14159,-3.14159,-3.14159,0,0,0,0,0,0,0,0,0,0,0,0,0
0,0,0,0,0,0,0,0,0,0,0,0,0,0,0,0,0,0,0,0,0,0,0,0,0,0,0,0,0,0,-0.0396861,0.0416575,-0.0216246,0.446437,-0.157039,0.161833,0.446437,-0.157039,0,0,0,0,0,0,0,0,0,0,0,0,0,0,0,0.0587662,-0.0510235,0.0203137,0,0.0726965,0,0,0,0,0,0,-3.14159,-3.14159,-3.14159,0,0,0,0,0,0,0,0,0,0,0,0,0
0,0,0,0,0,0,0,0,0,0,0,0,0,0,0,0,0,0,0,0,0,0,0,0,0,0,0,0,0,0,-0.0406196,0.0411127,-0.0215033,0.446936,-0.156479,0.162333,0.446936,-0.156479,0,0,0,0,0,0,0,0,0,0,0,0,0,0,0,0.0588097,-0.0511975,0.0203572,0,0.0737144,0,0,0,0,0,0,-3.14159,-3.14159,-3.14159,0,0,0,0,0,0,0,0,0,0,0,0,0
0,0,0,0,0,0,0,0,0,0,0,0,0,0,0,0,0,0,0,0,0,0,0,0,0,0,0,0,0,0,-0.0385495,0.0401761,-0.020076,0.44715,-0.156144,0.163301,0.44715,-0.156144,0,0,0,0,0,0,0,0,0,0,0,0,0,0,0,0.058701,-0.0513497,0.0202267,0,0.0747257,0,0,0,0,0,0,-3.14159,-3.14159,-3.14159,0,0,0,0,0,0,0,0,0,0,0,0,0
0,0,0,0,0,0,0,0,0,0,0,0,0,0,0,0,0,0,0,0,0,0,0,0,0,0,0,0,0,0,-0.038956,0.0396285,-0.0202157,0.447619,-0.156152,0.16415,0.447619,-0.156152,0,0,0,0,0,0,0,0,0,0,0,0,0,0,0,0.058614,-0.0513715,0.020031,0,0.0757273,0,0,0,0,0,0,-3.14159,-3.14159,-3.14159,0,0,0,0,0,0,0,0,0,0,0,0,0
0,0,0,0,0,0,0,0,0,0,0,0,0,0,0,0,0,0,0,0,0,0,0,0,0,0,0,0,0,0,-0.0372746,0.0379024,-0.0224436,0.448372,-0.155421,0.164277,0.448372,-0.155421,0,0,0,0,0,0,0,0,0,0,0,0,0,0,0,0.0581572,-0.0511975,0.0205529,0,0.0767549,0,0,0,0,0,0,-3.14159,-3.14159,-3.14159,0,0,0,0,0,0,0,0,0,0,0,0,0
0,0,0,0,0,0,0,0,0,0,0,0,0,0,0,0,0,0,0,0,0,0,0,0,0,0,0,0,0,0,-0.0374174,0.0408727,-0.0203649,0.448233,-0.154542,0.16416,0.448233,-0.154542,0,0,0,0,0,0,0,0,0,0,0,0,0,0,0,0.0579397,-0.0513497,0.0205312,0,0.0777815,0,0,0,0,0,0,-3.14159,-3.14159,-3.14159,0,0,0,0,0,0,0,0,0,0,0,0,0
0,0,0,0,0,0,0,0,0,0,0,0,0,0,0,0,0,0,0,0,0,0,0,0,0,0,0,0,0,0,-0.0362524,0.0392734,-0.0205052,0.447578,-0.154756,0.163145,0.447578,-0.154756,0,0,0,0,0,0,0,0,0,0,0,0,0,0,0,0.057744,-0.051241,0.0203355,0,0.0787983,0,0,0,0,0,0,-3.14159,-3.14159,-3.14159,0,0,0,0,0,0,0,0,0,0,0,0,0
0,0,0,0,0,0,0,0,0,0,0,0,0,0,0,0,0,0,0,0,0,0,0,0,0,0,0,0,0,0,-0.0374352,0.0372824,-0.0194706,0.447485,-0.155169,0.161674,0.447485,-0.155169,0,0,0,0,0,0,0,0,0,0,0,0,0,0,0,0.0575917,-0.050893,0.0199875,0,0.0797976,0,0,0,0,0,0,-3.14159,-3.14159,-3.14159,0,0,0,0,0,0,0,0,0,0,0,0,0
0,0,0,0,0,0,0,0,0,0,0,0,0,0,0,0,0,0,0,0,0,0,0,0,0,0,0,0,0,0,-0.0375745,0.0373785,-0.0211762,0.447831,-0.155191,0.161527,0.447831,-0.155191,0,0,0,0,0,0,0,0,0,0,0,0,0,0,0,0.0578092,-0.050719,0.0201615,0,0.0808057,0,0,0,0,0,0,-3.14159,-3.14159,-3.14159,0,0,0,0,0,0,0,0,0,0,0,0,0
0,0,0,0,0,0,0,0,0,0,0,0,0,0,0,0,0,0,0,0,0,0,0,0,0,0,0,0,0,0,-0.0341902,0.0387764,-0.0206643,0.448022,-0.154916,0.162188,0.448022,-0.154916,0,0,0,0,0,0,0,0,0,0,0,0,0,0,0,0.057396,-0.0508713,0.0202267,0,0.081817,0,0,0,0,0,0,-3.14159,-3.14159,-3.14159,0,0,0,0,0,0,0,0,0,0,0,0,0
0,0,0,0,0,0,0,0,0,0,0,0,0,0,0,0,0,0,0,0,0,0,0,0,0,0,0,0,0,0,-0.0353715,0.03717,-0.0206752,0.447904,-0.155263,0.16195,0.447904,-0.155263,0,0,0,0,0,0,0,0,0,0,0,0,0,0,0,0.0574613,-0.0510453,0.0199222,0,0.0828131,0,0,0,0,0,0,-3.14159,-3.14159,-3.14159,0,0,0,0,0,0,0,0,0,0,0,0,0
0,0,0,0,0,0,0,0,0,0,0,0,0,0,0,0,0,0,0,0,0,0,0,0,0,0,0,0,0,0,-0.0343313,0.0375198,-0.0204252,0.448456,-0.155924,0.16172,0.448456,-0.155924,0,0,0,0,0,0,0,0,0,0,0,0,0,0,0,0.0573308,-0.0507843,0.0199222,0,0.0838093,0,0,0,0,0,0,-3.14159,-3.14159,-3.14159,0,0,0,0,0,0,0,0,0,0,0,0,0
0,0,0,0,0,0,0,0,0,0,0,0,0,0,0,0,0,0,0,0,0,0,0,0,0,0,0,0,0,0,-0.035378,0.0355213,-0.0221313,0.449412,-0.155806,0.163135,0.449412,-0.155806,0,0,0,0,0,0,0,0,0,0,0,0,0,0,0,0.05757,-0.050458,0.0201832,0,0.0848184,0,0,0,0,0,0,-3.14159,-3.14159,-3.14159,0,0,0,0,0,0,0,0,0,0,0,0,0
0,0,0,0,0,0,0,0,0,0,0,0,0,0,0,0,0,0,0,0,0,0,0,0,0,0,0,0,0,0,-0.0356421,0.0367847,-0.0197916,0.449697,-0.154903,0.164372,0.449697,-0.154903,0,0,0,0,0,0,0,0,0,0,0,0,0,0,0,0.057657,-0.0506755,0.0202267,0,0.0858298,0,0,0,0,0,0,-3.14159,-3.14159,-3.14159,0,0,0,0,0,0,0,0,0,0,0,0,0
0,0,0,0,0,0,0,0,0,0,0,0,0,0,0,0,0,0,0,0,0,0,0,0,0,0,0,0,0,0,-0.0351219,0.0350434,-0.0208458,0.44965,-0.154397,0.164451,0.44965,-0.154397,0,0,0,0,0,0,0,0,0,0,0,0,0,0,0,0.0576352,-0.0505885,0.0201615,0,0.0868378,0,0,0,0,0,0,-3.14159,-3.14159,-3.14159,0,0,0,0,0,0,0,0,0,0,0,0,0
0,0,0,0,0,0,0,0,0,0,0,0,0,0,0,0,0,0,0,0,0,0,0,0,0,0,0,0,0,0,-0.033818,0.0360415,-0.0222913,0.44963,-0.155195,0.16456,0.44963,-0.155195,0,0,0,0,0,0,0,0,0,0,0,0,0,0,0,0.0579615,-0.0504363,0.0204225,0,0.0878589,0,0,0,0,0,0,-3.14159,-3.14159,-3.14159,0,0,0,0,0,0,0,0,0,0,0,0,0
0,0,0,0,0,0,0,0,0,0,0,0,0,0,0,0,0,0,0,0,0,0,0,0,1.81517,1.29234,-3.05559,36.3033,25.8468,-61.1117,-0.0342093,0.0348215,-0.0204746,0.449404,-0.156246,0.164664,-0.461165,0.117065,726.066,516.936,-1222.23,0,0,0,0,0,0,0,0,0,0,0,0,0.0581572,-0.0503493,0.020379,0,0.0888779,0,0,0,0,0,0,-3.14159,-3.14159,-3.14159,0,0,0,0,0,0,0,0,0,0,0,0,0
0,0,0,0,0,0,0,0,0,0,0,0,0,0,0,0,0,0,0,0,0,0,-0,0,1.81517,1.29234,-3.05554,2.44141e-06,-4.88281e-05,0.000844002,-0.0335538,0.0362102,-0.0207457,0.448706,-0.15684,0.164353,-0.460525,0.117697,-726.066,-516.937,1222.25,0,0,0,0,0,0,0,0,0,0,0,0,0.0584182,-0.0504363,0.0204225,0,0.089899,0,0,0,0,0,0,-3.14159,-3.14159,-3.14159,0,0,0,0,0,0,0,0,0,0,0,0,0
0,0,0,0,0,0,0,0,0,0,0,0,0,0,0,0,0,0,0,0,0,0,-0,0,1.81517,1.29234,-3.05557,8.54492e-05,-1.95312e-05,-0.000491142,-0.0339424,0.0339429,-0.0215377,0.448014,-0.157011,0.164247,-0.459848,0.117938,0.00166016,0.000585937,-0.0267029,0,0,0,0,0,0,0,0,0,0,0,0,0.0585705,-0.0504798,0.0203137,0,0.0909147,0,0,0,0,0,0,-3.14159,-3.14159,-3.14159,0,0,0,0,0,0,0,0,0,0,0,0,0
0,0,0,0,0,0,0,0,0,0,0,0,0,0,0,0,0,0,0,0,0,0,-0,0,1.81517,1.29234,-3.05557,8.54492e-05,-1.95312e-05,-0.000491142,-0.0327651,0.0348068,-0.0203727,0.447813,-0.157406,0.165119,-0.459681,0.118349,0.00166016,0.000585937,-0.0267029,0,0,0,0,0,0,0,0,0,0,0,0,0.0584835,-0.050458,0.0204007,0,0.0919347,0,0,0,0,0,0,-3.14159,-3.14159,-3.14159,0,0,0,0,0,0,0,0,0,0,0,0,0
1.3822,0,0,0,2.69866,1.18445,-3.0029,53.9732,23.6889,-60.058,0,0,0,0,0,0,0,0,1079.46,473.779,-1201.16,0,-0,0,1.81517,1.29234,-3.05558,9.76563e-06,7.08008e-05,-0.000243187,-0.0330237,0.0333204,-0.0209048,0.447201,-0.157844,0.165459,-0.459107,0.118844,-0.00151367,0.00180664,0.00495911,0,0,0,0,0,0,0,0,0,0,0,0,0.058527,-0.0504798,0.0204007,0,0.0929548,0,0,0,0,0,0,-3.14159,-3.14159,-3.14159,0,0,0,0,0,0,0,0,0,0,0,0,0
1.4447,0,0,0,2.69866,1.18441,-3.00294,7.8125e-05,-0.000634766,-0.00084877,0,0,0,0,0,0,0,0,-1079.46,-473.791,1201.14,0,-0,0,1.81516,1.29234,-3.05558,-0.000134277,-4.15039e-05,-9.53674e-06,-0.0305396,0.0339204,-0.0197409,0.446183,-0.157104,0.164725,-0.45803,0.118194,-0.00288086,-0.00224609,0.004673,0,0,0,0,0,0,0,0,0,0,0,0,0.0583747,-0.0504363,0.0199657,0,0.0939531,0,0,0,0,0,0,-3.14159,-3.14159,-3.14159,0,0,0,0,0,0,0,0,0,0,0,0,0
1.50715,0,0,0,2.69865,1.18443,-3.00304,-0.000170898,0.000270996,-0.00192165,0,0,0,0,0,0,0,0,-0.00498047,0.0181152,-0.0214577,0,-0,0,1.81516,1.29234,-3.05559,7.32422e-06,0.000126953,-6.67572e-05,-0.0313155,0.0304738,-0.0202734,0.446405,-0.156152,0.165134,-0.458169,0.117228,0.00283203,0.00336914,-0.00114441,0,0,0,0,0,0,0,0,0,0,0,0,0.0582877,-0.050023,0.0199222,0,0.0949492,0,0,0,0,0,0,-3.14159,-3.14159,-3.14159,0,0,0,0,0,0,0,0,0,0,0,0,0
1.56968,0,0,0,2.69869,1.18435,-3.00318,0.000708008,-0.00156494,-0.00284672,0,0,0,0,0,0,0,0,0.0175781,-0.0367187,-0.0185013,0,-0,0,1.81516,1.29233,-3.0556,1.95312e-05,-0.000327148,-0.000309944,-0.029614,0.0327683,-0.0201537,0.447398,-0.156396,0.166751,-0.459177,0.117393,0.000244141,-0.00908203,-0.00486374,0,0,0,0,0,0,0,0,0,0,0,0,0.0580267,-0.0497621,0.0198135,0,0.0959398,0,0,0,0,0,0,-3.14159,-3.14159,-3.14159,0,0,0,0,0,0,0,0,0,0,0,0,0
1.63215,0,0,0,2.69869,1.18435,-3.00319,-5.85938e-05,3.17383e-05,-0.000290871,0,0,0,0,0,0,0,0,-0.015332,0.0319336,0.0511169,0,-0,0,1.81516,1.29234,-3.05561,-5.61523e-05,0.00020752,-0.00017643,-0.0301307,0.0338903,-0.0201641,0.447506,-0.156881,0.167937,-0.459325,0.117871,-0.00151367,0.0106934,0.00267029,0,0,0,0,0,0,0,0,0,0,0,0,0.0577875,-0.0500665,0.0195742,0,0.0969186,0,0,0,0,0,0,-3.14159,-3.14159,-3.14159,0,0,0,0,0,0,0,0,0,0,0,0,0
1.63215,0,0,0,2.69869,1.18435,-3.00319,-5.85938e-05,3.17383e-05,-0.000290871,0,0,0,0,0,0,0,0,-0.015332,0.0319336,0.0511169,0,-0,0,1.81516,1.29234,-3.05561,-5.61523e-05,0.00020752,-0.00017643,-0.0303845,0.030183,-0.0195218,0.447511,-0.156459,0.168332,-0.459294,0.11745,-0.00151367,0.0106934,0.00267029,0,0,0,0,0,0,0,0,0,0,0,0,0.0577875,-0.0496098,0.019422,0,0.0978897,0,0,0,0,0,0,-3.14159,-3.14159,-3.14159,0,0,0,0,0,0,0,0,0,0,0,0,0
1.6947,0,0,0,2.6987,1.18433,-3.00323,0.000351563,-0.000427246,-0.000658035,0,0,0,0,0,0,0,0,0.00820313,-0.00917969,-0.00734329,0,-0,0,1.81516,1.29235,-3.05559,5.61523e-05,0.000126953,0.000324249,-0.0284211,0.0324754,-0.0213594,0.448252,-0.155791,0.168012,-0.459977,0.116714,0.00224609,-0.00161133,0.0100136,0,0,0,0,0,0,0,0,0,0,0,0,0.0574178,-0.0497838,0.0194872,0,0.098864,0,0,0,0,0,0,-3.14159,-3.14159,-3.14159,0,0,0,0,0,0,0,0,0,0,0,0,0
1.75718,0,0,0,2.69869,1.18434,-3.00309,-0.000229492,0.000244141,0.00280857,0,0,0,0,0,0,0,0,-0.0116211,0.0134277,0.0693321,0,-0,0,1.81516,1.29234,-3.05559,-0.00010498,-0.000168457,7.62939e-05,-0.0275012,0.0324178,-0.0201961,0.448895,-0.15598,0.167827,-0.460634,0.116845,-0.00322266,-0.0059082,-0.00495911,0,0,0,0,0,0,0,0,0,0,0,0,0.057309,-0.049849,0.0195525,0,0.0998416,0,0,0,0,0,0,-3.14159,-3.14159,-3.14159,0,0,0,0,0,0,0,0,0,0,0,0,0
1.81962,0,0,0,2.6987,1.18437,-3.00314,6.34766e-05,0.000524902,-0.00099659,0,0,0,0,0,0,0,0,0.00585938,0.00561523,-0.0761032,0,-0,0,1.81517,1.29235,-3.05561,0.000170898,0.000275879,-0.000414848,-0.0291927,0.0334024,-0.020337,0.448943,-0.156446,0.168233,-0.460719,0.117314,0.00551758,0.00888672,-0.00982285,0,0,0,0,0,0,0,0,0,0,0,0,0.0573525,-0.0506538,0.0195525,0,0.100819,0,0,0,0,0,0,-3.14159,-3.14159,-3.14159,0,0,0,0,0,0,0,0,0,0,0,0,0
1.81962,0,0,0,2.6987,1.18437,-3.00314,6.34766e-05,0.000524902,-0.00099659,0,0,0,0,0,0,0,0,0.00585938,0.00561523,-0.0761032,0,-0,0,1.81517,1.29235,-3.05561,0.000170898,0.000275879,-0.000414848,-0.0259222,0.0324313,-0.0204789,0.448774,-0.155829,0.168089,-0.460498,0.116714,0.00551758,0.00888672,-0.00982285,0,0,0,0,0,0,0,0,0,0,0,0,0.057135,-0.0509148,0.019596,0,0.101799,0,0,0,0,0,0,-3.14159,-3.14159,-3.14159,0,0,0,0,0,0,0,0,0,0,0,0,0
1.88212,0,0,0,2.6987,1.18433,-3.00326,9.76563e-05,-0.000725098,-0.00241756,0,0,0,0,0,0,0,0,0.000683594,-0.025,-0.0284195,0,-0,0,1.81517,1.29234,-3.0556,-2.92969e-05,-0.000200195,0.000185966,-0.0280028,0.031199,-0.0198368,0.448386,-0.154843,0.166529,-0.460028,0.115761,-0.00400391,-0.00952148,0.0120163,0,0,0,0,0,0,0,0,0,0,0,0,0.0571785,-0.0507843,0.0195307,0,0.102776,0,0,0,0,0,0,-3.14159,-3.14159,-3.14159,0,0,0,0,0,0,0,0,0,0,0,0,0
