0,0,0,0,0,0,0,0,0,0,0,0,0,0,0,0,0,0,0,0,0,0,0,0,0,0,0,0,0,0,0,0,0,0,0,0,0,0,0,0,0,0,0,0,0,0,0,0,0,0,0,0,0,0,0,0,0,0,0,0,0,0,0,0,0,0,0,0,0,0,0,0,0,0,0,0,0.853607,-0.201956,-0.0490874,0.999996
0,0,0,0,0,0,0,0,0,0,0.0183998,0.0814288,0.0298833,8.76856e-05,-0.0108146,9.33349,8.76856e-05,-0.0108146,0,0,0,0,0,0,0,0,0,0,0,0,0,0,0,0,0,0,0,0,0,0,0,0,0,0,0,0,0,0,0,0,-0.00306663,-0.0135715,-0.00498056,0,0,0,-0.000249028,0,0,0,0,0,0,0,0,0,0,0,0,0,0,0,0,0,0,0,0.85398,-0.201983,-0.0490874,0.999996
0,0,0,0,0,0,0,0,0,0,0.019847,0.0810271,0.0317105,0.000467657,-0.0424983,7.90301,0.000467657,-0.0424983,0,0,0,0,0,0,0,0,0,0,0,0,0,0,0,0,0,0,0,0,0,0,0,0,0,0,0,0,0,0,0,0,-0.0063725,-0.0270777,-0.0102656,0,0,0,-0.000762308,0,0,0,0,0,0,0,-3.14159,-3.14159,-3.14159,0,0,0,0,0,0,0,0,0,0.853819,-0.201935,-0.0490874,0.999996
0,0,0,0,0,0,0,0,0,0,0.0198663,0.0805932,0.0321037,0.00124178,-0.0819427,6.07661,0.00124178,-0.0819427,0,0,0,0,0,0,0,0,0,0,0,0,0,0,0,0,0,0,0,0,0,0,0,0,0,0,0,0,0,0,0,0,-0.00967837,-0.0405187,-0.0156159,0,0,0,-0.0015431,0,0,0,0,0,0,0,-3.14159,-3.14159,-3.14159,0,0,0,0,0,0,0,0,0,0.853819,-0.201935,-0.0490874,0.999996
0,0,0,0,0,0,0,0,0,0,0.0194885,0.0800129,0.0302795,0.00214113,-0.117456,4.41374,0.00214113,-0.117456,0,0,0,0,0,0,0,0,0,0,0,0,0,0,0,0,0,0,0,0,0,0,0,0,0,0,0,0,0,0,0,0,-0.012919,-0.0538726,-0.0206617,0,0,0,-0.00257619,0,0,0,0,0,0,0,-3.14159,-3.14159,-3.14159,0,0,0,0,0,0,0,0,0,0.853819,-0.201935,-0.0490874,0.999996
0,0,0,0,0,0,0,0,0,0,0.0196324,0.0816506,0.0305416,0.0027098,-0.151374,2.81857,0.0027098,-0.151374,0,0,0,0,0,0,0,0,0,0,0,0,0,0,0,0,0,0,0,0,0,0,0,0,0,0,0,0,0,0,0,0,-0.0161814,-0.0675094,-0.025751,0,0,0,-0.00386374,0,0,0,0,0,0,0,-3.14159,-3.14159,-3.14159,0,0,0,0,0,0,0,0,0,0.853819,-0.201935,-0.0490874,0.999996
0,0,0,0,0,0,0,0,0,0,0.0189923,0.0806718,0.0313254,0.00296469,-0.185734,1.1949,0.00296469,-0.185734,0,0,0,0,0,0,0,0,0,0,0,0,0,0,0,0,0,0,0,0,0,0,0,0,0,0,0,0,0,0,0,0,-0.019335,-0.0809938,-0.0309708,0,0,0,-0.00541228,0,0,0,0,0,0,0,-3.14159,-3.14159,-3.14159,0,0,0,0,0,0,0,0,0,0.853819,-0.201935,-0.0490874,0.999996
0,0,0,0,0,0,0,0,0,0,0.0170436,0.0811176,0.0309346,0.00301327,-0.209376,0.0363277,0.00301327,-0.209376,0,0,0,0,0,0,0,0,0,0,0,0,0,0,0,0,0,0,0,0,0,0,0,0,0,0,0,0,0,0,0,0,-0.0190958,-0.0809938,-0.0311448,0,0,0,-0.00696951,0,0,0,0,0,0,0,-3.14159,-3.14159,-3.14159,0,0,0,0,0,0,0,0,0,0.853819,-0.201935,-0.0490874,0.999996
0,0,0,0,0,0,0,0,0,0,0.018877,0.0805094,0.0305439,0.00258956,-0.212513,-0.162718,0.00258956,-0.212513,0,0,0,0,0,0,0,0,0,0,0,0,0,0,0,0,0,0,0,0,0,0,0,0,0,0,0,0,0,0,0,0,-0.0189218,-0.0809721,-0.030949,0,0,0,-0.00851697,0,0,0,0,0,0,0,-3.14159,-3.14159,-3.14159,0,0,0,0,0,0,0,0,0,0.853819,-0.201935,-0.0490874,0.999996
0,0,0,0,0,0,0,0,0,0,0.0174451,0.0808078,0.0311967,0.00182129,-0.20869,0.0360316,0.00182129,-0.20869,0,0,0,0,0,0,0,0,0,0,0,0,0,0,0,0,0,0,0,0,0,0,0,0,0,0,0,0,0,0,0,0,-0.0185085,-0.0810808,-0.0307968,0,0,0,-0.0100568,0,0,0,0,0,0,0,-3.14159,-3.14159,-3.14159,0,0,0,0,0,0,0,0,0,0.853819,-0.201935,-0.0490874,0.999996
0,0,0,0,0,0,0,0,0,0,0.0186215,0.0809676,0.0302838,0.00151401,-0.208561,0.0697733,0.00151401,-0.208561,0,0,0,0,0,0,0,0,0,0,0,0,0,0,0,0,0,0,0,0,0,0,0,0,0,0,0,0,0,0,0,0,-0.0183563,-0.0813201,-0.0307968,0,0,0,-0.0115966,0,0,0,0,0,0,0,-3.14159,-3.14159,-3.14159,0,0,0,0,0,0,0,0,0,0.853819,-0.201935,-0.0490874,0.999996
0,0,0,0,0,0,0,0,0,0,0.0175746,0.0790297,0.0301546,0.00185043,-0.209568,0.0357025,0.00185043,-0.209568,0,0,0,0,0,0,0,0,0,0,0,0,0,0,0,0,0,0,0,0,0,0,0,0,0,0,0,0,0,0,0,0,-0.0180083,-0.0809721,-0.0307315,0,0,0,-0.0131332,0,0,0,0,0,0,0,-3.14159,-3.14159,-3.14159,0,0,0,0,0,0,0,0,0,0.853819,-0.201935,-0.0490874,0.999996
0,0,0,0,0,0,0,0,0,0,0.0178302,0.0804748,0.0311998,0.00234158,-0.209882,0.0304686,0.00234158,-0.209882,0,0,0,0,0,0,0,0,0,0,0,0,0,0,0,0,0,0,0,0,0,0,0,0,0,0,0,0,0,0,0,0,-0.0178126,-0.0810373,-0.0307098,0,0,0,-0.0146687,0,0,0,0,0,0,0,-3.14159,-3.14159,-3.14159,0,0,0,0,0,0,0,0,0,0.853819,-0.201935,-0.0490874,0.999996
0,0,0,0,0,0,0,0,0,0,0.0178252,0.0789079,0.0306786,0.0032484,-0.21044,0.0362266,0.0032484,-0.21044,0,0,0,0,0,0,0,0,0,0,0,0,0,0,0,0,0,0,0,0,0,0,0,0,0,0,0,0,0,0,0,0,-0.017943,-0.0807763,-0.0306663,0,0,0,-0.016202,0,0,0,0,0,0,0,-3.14159,-3.14159,-3.14159,0,0,0,0,0,0,0,0,0,0.853339,-0.201906,-0.0490874,0.999996
0,0,0,0,0,0,0,0,0,0,0.0189897,0.0802051,0.0302864,0.00462556,-0.210386,0.0364231,0.00462556,-0.210386,0,0,0,0,0,0,0,0,0,0,0,0,0,0,0,0,0,0,0,0,0,0,0,0,0,0,0,0,0,0,0,0,-0.0179648,-0.0808416,-0.0306228,0,0,0,-0.0177332,0,0,0,0,0,0,0,-3.14159,-3.14159,-3.14159,0,0,0,0,0,0,0,0,0,0.853339,-0.201906,-0.0490874,0.999996
0,0,0,0,0,0,0,0,0,0,0.0187166,0.0769251,0.0317215,0.00596063,-0.208859,0.0346752,0.00596063,-0.208859,0,0,0,0,0,0,0,0,0,0,0,0,0,0,0,0,0,0,0,0,0,0,0,0,0,0,0,0,0,0,0,0,-0.0181823,-0.0803196,-0.0307098,0,0,0,-0.0192687,0,0,0,0,0,0,0,-3.14159,-3.14159,-3.14159,0,0,0,0,0,0,0,0,0,0.853339,-0.201906,-0.0490874,0.999996
0,0,0,0,0,0,0,0,0,0,0.0189628,0.0785943,0.0304174,0.00665966,-0.20802,0.0339985,0.00665966,-0.20802,0,0,0,0,0,0,0,0,0,0,0,0,0,0,0,0,0,0,0,0,0,0,0,0,0,0,0,0,0,0,0,0,-0.0182475,-0.0800586,-0.0307315,0,0,0,-0.0208052,0,0,0,0,0,0,0,-3.14159,-3.14159,-3.14159,0,0,0,0,0,0,0,0,0,0.853339,-0.201906,-0.0490874,0.999996
0,0,0,0,0,0,0,0,0,0,0.017249,0.0805174,0.0296337,0.00657674,-0.208136,0.0337138,0.00657674,-0.208136,0,0,0,0,0,0,0,0,0,0,0,0,0,0,0,0,0,0,0,0,0,0,0,0,0,0,0,0,0,0,0,0,-0.018204,-0.0804501,-0.0306446,0,0,0,-0.0223375,0,0,0,0,0,0,0,-3.14159,-3.14159,-3.14159,0,0,0,0,0,0,0,0,0,0.853339,-0.201906,-0.0490874,0.999996
0,0,0,0,0,0,0,0,0,0,0.0203634,0.0770817,0.0310687,0.00607683,-0.208163,0.03307,0.00607683,-0.208163,0,0,0,0,0,0,0,0,0,0,0,0,0,0,0,0,0,0,0,0,0,0,0,0,0,0,0,0,0,0,0,0,-0.018639,-0.0800369,-0.0306228,0,0,0,-0.0238686,0,0,0,0,0,0,0,-3.14159,-3.14159,-3.14159,0,0,0,0,0,0,0,0,0,0.853339,-0.201906,-0.0490874,0.999996
0,0,0,0,0,0,0,0,0,0,0.0192978,0.0784668,0.0311984,0.0052142,-0.207325,0.0323589,0.0052142,-0.207325,0,0,0,0,0,0,0,0,0,0,0,0,0,0,0,0,0,0,0,0,0,0,0,0,0,0,0,0,0,0,0,0,-0.0189,-0.0801239,-0.0307098,0,0,0,-0.0254041,0,0,0,0,0,0,0,-3.14159,-3.14159,-3.14159,0,0,0,0,0,0,0,0,0,0.853339,-0.201906,-0.0490874,0.999996
0,0,0,0,0,0,0,0,0,0,0.0181004,0.0756654,0.0309372,0.00459849,-0.207408,0.0317971,0.00459849,-0.207408,0,0,0,0,0,0,0,0,0,0,0,0,0,0,0,0,0,0,0,0,0,0,0,0,0,0,0,0,0,0,0,0,-0.0187695,-0.0795366,-0.0308185,0,0,0,-0.026945,0,0,0,0,0,0,0,-3.14159,-3.14159,-3.14159,0,0,0,0,0,0,0,0,0,0.853339,-0.201906,-0.0490874,0.999996
0,0,0,0,0,0,0,0,0,0,0.0162466,0.0789914,0.0313282,0.00442498,-0.208165,0.031656,0.00442498,-0.208165,0,0,0,0,0,0,0,0,0,0,0,0,0,0,0,0,0,0,0,0,0,0,0,0,0,0,0,0,0,0,0,0,-0.018378,-0.0800586,-0.0307533,0,0,0,-0.0284827,0,0,0,0,0,0,0,-3.14159,-3.14159,-3.14159,0,0,0,0,0,0,0,0,0,0.85424,-0.201693,-0.0490874,0.999996
0,0,0,0,0,0,0,0,0,0,0.0203939,0.0772188,0.0291099,0.00394605,-0.207742,0.0315186,0.00394605,-0.207742,0,0,0,0,0,0,0,0,0,0,0,0,0,0,0,0,0,0,0,0,0,0,0,0,0,0,0,0,0,0,0,0,-0.018639,-0.0800151,-0.0305358,0,0,0,-0.0300095,0,0,0,0,0,0,0,-3.14159,-3.14159,-3.14159,0,0,0,0,0,0,0,0,0,0.85424,-0.201693,-0.0490874,0.999996
0,0,0,0,0,0,0,0,0,0,0.0197101,0.0776556,0.0310658,0.0032451,-0.206589,0.0308121,0.0032451,-0.206589,0,0,0,0,0,0,0,0,0,0,0,0,0,0,0,0,0,0,0,0,0,0,0,0,0,0,0,0,0,0,0,0,-0.019074,-0.0797324,-0.030775,0,0,0,-0.0315482,0,0,0,0,0,0,0,-3.14159,-3.14159,-3.14159,0,0,0,0,0,0,0,0,0,0.85424,-0.201693,-0.0490874,0.999996
0,0,0,0,0,0,0,0,0,0,0.0168064,0.0783455,0.030152,0.00291808,-0.205814,0.0304849,0.00291808,-0.205814,0,0,0,0,0,0,0,0,0,0,0,0,0,0,0,0,0,0,0,0,0,0,0,0,0,0,0,0,0,0,0,0,-0.0185085,-0.0801456,-0.0306228,0,0,0,-0.0330794,0,0,0,0,0,0,0,-3.14159,-3.14159,-3.14159,0,0,0,0,0,0,0,0,0,0.85424,-0.201693,-0.0490874,0.999996
0,0,0,0,0,0,0,0,0,0,0.0204261,0.0775918,0.0317176,0.0026876,-0.20648,0.0311322,0.0026876,-0.20648,0,0,0,0,0,0,0,0,0,0,0,0,0,0,0,0,0,0,0,0,0,0,0,0,0,0,0,0,0,0,0,0,-0.018726,-0.0802109,-0.0307098,0,0,0,-0.0346149,0,0,0,0,0,0,0,-3.14159,-3.14159,-3.14159,0,0,0,0,0,0,0,0,0,0.85424,-0.201693,-0.0490874,0.999996
0,0,0,0,0,0,0,0,0,0,0.0183015,0.077354,0.0300199,0.00195453,-0.2067,0.0314514,0.00195453,-0.2067,0,0,0,0,0,0,0,0,0,0,0,0,0,0,0,0,0,0,0,0,0,0,0,0,0,0,0,0,0,0,0,0,-0.0187913,-0.0807111,-0.0305576,0,0,0,-0.0361427,0,0,0,0,0,0,0,-3.14159,-3.14159,-3.14159,0,0,0,0,0,0,0,0,0,0.85424,-0.201693,-0.0490874,0.999996
0,0,0,0,0,0,0,0,0,0,0.0183908,0.0752829,0.0297571,0.000824937,-0.20682,0.0304927,0.000824937,-0.20682,0,0,0,0,0,0,0,0,0,0,0,0,0,0,0,0,0,0,0,0,0,0,0,0,0,0,0,0,0,0,0,0,-0.0191827,-0.0803196,-0.0302966,0,0,0,-0.0376576,0,0,0,0,0,0,0,-3.14159,-3.14159,-3.14159,0,0,0,0,0,0,0,0,0,0.85424,-0.201693,-0.0490874,0.999996
0,0,0,0,0,0,0,0,0,0,0.0186084,0.0768572,0.0310611,-0.000159974,-0.207922,0.0299119,-0.000159974,-0.207922,0,0,0,0,0,0,0,0,0,0,0,0,0,0,0,0,0,0,0,0,0,0,0,0,0,0,0,0,0,0,0,0,-0.0189218,-0.0804936,-0.0306228,0,0,0,-0.0391887,0,0,0,0,0,0,0,-3.14159,-3.14159,-3.14159,0,0,0,0,0,0,0,0,0,0.85424,-0.201693,-0.0490874,0.999996
0,0,0,0,0,0,0,0,0,0,0.0197362,0.0773816,0.0311893,-0.00028768,-0.209217,0.0302809,-0.00028768,-0.209217,0,0,0,0,0,0,0,0,0,0,0,0,0,0,0,0,0,0,0,0,0,0,0,0,0,0,0,0,0,0,0,0,-0.0189653,-0.0806893,-0.0306446,0,0,0,-0.0407209,0,0,0,0,0,0,0,-3.14159,-3.14159,-3.14159,0,0,0,0,0,0,0,0,0,0.85424,-0.201693,-0.0490874,0.999996
0,0,0,0,0,0,0,0,0,0,0.0195565,0.0763322,0.0310578,0.000144361,-0.209817,0.0304975,0.000144361,-0.209817,0,0,0,0,0,0,0,0,0,0,0,0,0,0,0,0,0,0,0,0,0,0,0,0,0,0,0,0,0,0,0,0,-0.0194655,-0.0806023,-0.0307968,0,0,0,-0.0422608,0,0,0,0,0,0,0,-3.14159,-3.14159,-3.14159,0,0,0,0,0,0,0,0,0,0.85434,-0.202289,-0.0490874,0.999996
0,0,0,0,0,0,0,0,0,0,0.0168945,0.0768398,0.0314477,0.000575472,-0.208864,0.0305511,0.000575472,-0.208864,0,0,0,0,0,0,0,0,0,0,0,0,0,0,0,0,0,0,0,0,0,0,0,0,0,0,0,0,0,0,0,0,-0.0189218,-0.0807328,-0.0307533,0,0,0,-0.0437984,0,0,0,0,0,0,0,-3.14159,-3.14159,-3.14159,0,0,0,0,0,0,0,0,0,0.85434,-0.202289,-0.0490874,0.999996
0,0,0,0,0,0,0,0,0,0,0.0197126,0.0747283,0.0306633,0.00114437,-0.208001,0.0309816,0.00114437,-0.208001,0,0,0,0,0,0,0,0,0,0,0,0,0,0,0,0,0,0,0,0,0,0,0,0,0,0,0,0,0,0,0,0,-0.0192045,-0.0805588,-0.030862,0,0,0,-0.0453415,0,0,0,0,0,0,0,-3.14159,-3.14159,-3.14159,0,0,0,0,0,0,0,0,0,0.85434,-0.202289,-0.0490874,0.999996
0,0,0,0,0,0,0,0,0,0,0.0201803,0.0750894,0.0311846,0.00177189,-0.207083,0.0316154,0.00177189,-0.207083,0,0,0,0,0,0,0,0,0,0,0,0,0,0,0,0,0,0,0,0,0,0,0,0,0,0,0,0,0,0,0,0,-0.0195525,-0.0807981,-0.0311013,0,0,0,-0.0468966,0,0,0,0,0,0,0,-3.14159,-3.14159,-3.14159,0,0,0,0,0,0,0,0,0,0.85434,-0.202289,-0.0490874,0.999996
0,0,0,0,0,0,0,0,0,0,0.0190781,0.0732253,0.0305297,0.00246345,-0.206383,0.0318923,0.00246345,-0.206383,0,0,0,0,0,0,0,0,0,0,0,0,0,0,0,0,0,0,0,0,0,0,0,0,0,0,0,0,0,0,0,0,-0.019683,-0.0804719,-0.0310143,0,0,0,-0.0484473,0,0,0,0,0,0,0,-3.14159,-3.14159,-3.14159,0,0,0,0,0,0,0,0,0,0.85434,-0.202289,-0.0490874,0.999996
0,0,0,0,0,0,0,0,0,0,0.0169298,0.0738351,0.0303971,0.00282345,-0.206658,0.032602,0.00282345,-0.206658,0,0,0,0,0,0,0,0,0,0,0,0,0,0,0,0,0,0,0,0,0,0,0,0,0,0,0,0,0,0,0,0,-0.0192697,-0.0801674,-0.0308838,0,0,0,-0.0499915,0,0,0,0,0,0,0,-3.14159,-3.14159,-3.14159,0,0,0,0,0,0,0,0,0,0.85434,-0.202289,-0.0490874,0.999996
0,0,0,0,0,0,0,0,0,0,0.0164754,0.0754851,0.0292224,0.00308476,-0.20821,0.0333144,0.00308476,-0.20821,0,0,0,0,0,0,0,0,0,0,0,0,0,0,0,0,0,0,0,0,0,0,0,0,0,0,0,0,0,0,0,0,-0.018813,-0.0803196,-0.0305793,0,0,0,-0.0515205,0,0,0,0,0,0,0,-3.14159,-3.14159,-3.14159,0,0,0,0,0,0,0,0,0,0.85434,-0.202289,-0.0490874,0.999996
0,0,0,0,0,0,0,0,0,0,0.0187589,0.0742577,0.031569,0.00375371,-0.210297,0.0319358,0.00375371,-0.210297,0,0,0,0,0,0,0,0,0,0,0,0,0,0,0,0,0,0,0,0,0,0,0,0,0,0,0,0,0,0,0,0,-0.0191827,-0.0801891,-0.0306011,0,0,0,-0.0530505,0,0,0,0,0,0,0,-3.14159,-3.14159,-3.14159,0,0,0,0,0,0,0,0,0,0.85434,-0.202289,-0.0490874,0.999996
0,0,0,0,0,0,0,0,0,0,0.0186885,0.0723713,0.0306528,0.00443959,-0.211053,0.0298845,0.00443959,-0.211053,0,0,0,0,0,0,0,0,0,0,0,0,0,0,0,0,0,0,0,0,0,0,0,0,0,0,0,0,0,0,0,0,-0.019074,-0.0801021,-0.0306011,0,0,0,-0.0545806,0,0,0,0,0,0,0,-3.14159,-3.14159,-3.14159,0,0,0,0,0,0,0,0,0,0.85434,-0.202289,-0.0490874,0.999996
0,0,0,0,0,0,0,0,0,0,0.0187466,0.0741297,0.032606,0.00493862,-0.212391,0.0298288,0.00493862,-0.212391,0,0,0,0,0,0,0,0,0,0,0,0,0,0,0,0,0,0,0,0,0,0,0,0,0,0,0,0,0,0,0,0,-0.0189,-0.0802544,-0.0308403,0,0,0,-0.0561226,0,0,0,0,0,0,0,-3.14159,-3.14159,-3.14159,0,0,0,0,0,0,0,0,0,0.853502,-0.201739,-0.0490874,0.999996
0,0,0,0,0,0,0,0,0,0,0.0190641,0.0739262,0.0306465,0.00514245,-0.213371,0.0305899,0.00514245,-0.213371,0,0,0,0,0,0,0,0,0,0,0,0,0,0,0,0,0,0,0,0,0,0,0,0,0,0,0,0,0,0,0,0,-0.0189653,-0.0806893,-0.030862,0,0,0,-0.0576657,0,0,0,0,0,0,0,-3.14159,-3.14159,-3.14159,0,0,0,0,0,0,0,0,0,0.853502,-0.201739,-0.0490874,0.999996
0,0,0,0,0,0,0,0,0,0,0.0188604,0.0733235,0.0309068,0.00546603,-0.21358,0.0297518,0.00546603,-0.21358,0,0,0,0,0,0,0,0,0,0,0,0,0,0,0,0,0,0,0,0,0,0,0,0,0,0,0,0,0,0,0,0,-0.0193567,-0.0809286,-0.030949,0,0,0,-0.0592131,0,0,0,0,0,0,0,-3.14159,-3.14159,-3.14159,0,0,0,0,0,0,0,0,0,0.853502,-0.201739,-0.0490874,0.999996
