0,0,0,0,0,0,0,0,0,0,0,0,0,0,0,0,0,0,0,0,0,0,0,0,0,0,0,0,0,0,0,0,0,0,0,0,0,0,0,0,0,0,0,0,0,0,0,0,0,0,0,0,0,0,0,0,0,0,0,0,0,0,0,0,0,0,0,0,0,0,0,0,0,0,0,0,0,0,0,0,0
0,0,0,0,0,0,0,0,0,0,0.0178778,0.0824728,0.0267515,-0.00780402,-0.015345,9.33451,-0.00780402,-0.015345,0,0,0,0,0,0,0,0,0,0,0,0,0,0,0,0,0,0,0,0,0,0,0,0,0,0,0,0,0,0,0,0,-0.00297963,-0.0137455,-0.00445858,0,0,0,-0.000222929,0,0,0,0,0,0,0,0,0,0,0,0,0,1.5708,1.5708,0,0,0,0,0,0,0,0,0
0,0,0,0,0,0,0,0,0,0,0.0187952,0.0812883,0.0263602,-0.0313038,-0.0613799,7.90751,-0.0313038,-0.0613799,0,0,0,0,0,0,0,0,0,0,0,0,0,0,0,0,0,0,0,0,0,0,0,0,0,0,0,0,0,0,0,0,-0.00611151,-0.0272952,-0.0088519,0,0,0,-0.000665524,0,0,0,0,0,0,0,0,0,0,0,0,0,1.5708,1.5708,0,0,0,0,0,0,0,0,0
0,0,0,0,0,0,0,0,0,0,0.0189284,0.0811196,0.0266221,-0.0612101,-0.120361,6.08562,-0.0612101,-0.120361,0,0,0,0,0,0,0,0,0,0,0,0,0,0,0,0,0,0,0,0,0,0,0,0,0,0,0,0,0,0,0,0,-0.00926514,-0.0408232,-0.0132887,0,0,0,-0.00132996,0,0,0,0,0,0,0,0,0,0,0,0,0,1.5708,1.5708,0,0,0,0,0,0,0,0,0
0,0,0,0,0,0,0,0,0,0,0.0168402,0.0809352,0.0270151,-0.0882481,-0.174573,4.4265,-0.0882481,-0.174573,0,0,0,0,0,0,0,0,0,0,0,0,0,0,0,0,0,0,0,0,0,0,0,0,0,0,0,0,0,0,0,0,-0.0120708,-0.0543294,-0.0177908,0,0,0,-0.0022195,0,0,0,0,0,0,0,0,0,0,0,0,0,1.5708,1.5708,0,0,0,0,0,0,0,0,0
0,0,0,0,0,0,0,0,0,0,0.0190579,0.0819257,0.0258418,-0.114362,-0.226447,2.83555,-0.114362,-0.226447,0,0,0,0,0,0,0,0,0,0,0,0,0,0,0,0,0,0,0,0,0,0,0,0,0,0,0,0,0,0,0,0,-0.0152462,-0.0680096,-0.0220971,0,0,0,-0.00332436,0,0,0,0,0,0,0,0,0,0,0,0,0,1.5708,1.5708,0,0,0,0,0,0,0,0,0
0,0,0,0,0,0,0,0,0,0,0.018273,0.0822565,0.0270179,-0.140881,-0.278964,1.217,-0.140881,-0.278964,0,0,0,0,0,0,0,0,0,0,0,0,0,0,0,0,0,0,0,0,0,0,0,0,0,0,0,0,0,0,0,0,-0.018291,-0.0817551,-0.0265992,0,0,0,-0.00465432,0,0,0,0,0,0,0,0,0,0,0,0,0,1.5708,1.5708,0,0,0,0,0,0,0,0,0
0,0,0,0,0,0,0,0,0,0,0.0185296,0.0797032,0.0267587,-0.159316,-0.317268,0.0619404,-0.159316,-0.317268,0,0,0,0,0,0,0,0,0,0,0,0,0,0,0,0,0,0,0,0,0,0,0,0,0,0,0,0,0,0,0,0,-0.0183998,-0.0813418,-0.0265992,0,0,0,-0.00598428,0,0,0,0,0,0,0,0,0,0,0,0,0,1.5708,1.5708,0,0,0,0,0,0,0,0,0
0,0,0,0,0,0,0,0,0,0,0.0207397,0.0806665,0.0274119,-0.161898,-0.325093,-0.13655,-0.161898,-0.325093,0,0,0,0,0,0,0,0,0,0,0,0,0,0,0,0,0,0,0,0,0,0,0,0,0,0,0,0,0,0,0,0,-0.018726,-0.0812983,-0.0267732,0,0,0,-0.00732294,0,0,0,0,0,0,0,0,0,0,0,0,0,1.5708,1.5708,0,0,0,0,0,0,0,0,0
0,0,0,0,0,0,0,0,0,0,0.0187712,0.0827965,0.0261074,-0.158209,-0.319486,0.0621518,-0.158209,-0.319486,0,0,0,0,0,0,0,0,0,0,0,0,0,0,0,0,0,0,0,0,0,0,0,0,0,0,0,0,0,0,0,0,-0.0187043,-0.0816463,-0.0266862,0,0,0,-0.00865725,0,0,0,0,0,0,0,0,0,0,0,0,0,1.5708,1.5708,0,0,0,0,0,0,0,0,0
0,0,0,0,0,0,0,0,0,0,0.0181063,0.0802176,0.0279363,-0.157649,-0.318407,0.0963536,-0.157649,-0.318407,0,0,0,0,0,0,0,0,0,0,0,0,0,0,0,0,0,0,0,0,0,0,0,0,0,0,0,0,0,0,0,0,-0.0189218,-0.0816028,-0.0268384,0,0,0,-0.00999917,0,0,0,0,0,0,0,0,0,0,0,0,0,1.5708,1.5708,0,0,0,0,0,0,0,0,0
0,0,0,0,0,0,0,0,0,0,0.0191347,0.0801106,0.0263708,-0.158252,-0.319398,0.0618232,-0.158252,-0.319398,0,0,0,0,0,0,0,0,0,0,0,0,0,0,0,0,0,0,0,0,0,0,0,0,0,0,0,0,0,0,0,0,-0.0189435,-0.0813853,-0.0269254,0,0,0,-0.0113454,0,0,0,0,0,0,0,0,0,0,0,0,0,1.5708,1.5708,0,0,0,0,0,0,0,0,0
0,0,0,0,0,0,0,0,0,0,0.0188563,0.0816901,0.0279374,-0.158436,-0.319554,0.0554582,-0.158436,-0.319554,0,0,0,0,0,0,0,0,0,0,0,0,0,0,0,0,0,0,0,0,0,0,0,0,0,0,0,0,0,0,0,0,-0.0190523,-0.0813853,-0.0270777,0,0,0,-0.0126993,0,0,0,0,0,0,0,0,0,0,0,0,0,1.5708,1.5708,0,0,0,0,0,0,0,0,0
0,0,0,0,0,0,0,0,0,0,0.0185755,0.0793455,0.0266336,-0.159034,-0.318945,0.0607689,-0.159034,-0.318945,0,0,0,0,0,0,0,0,0,0,0,0,0,0,0,0,0,0,0,0,0,0,0,0,0,0,0,0,0,0,0,0,-0.019074,-0.0814288,-0.0270559,0,0,0,-0.0140521,0,0,0,0,0,0,0,0,0,0,0,0,0,1.5708,1.5708,0,0,0,0,0,0,0,0,0
0,0,0,0,0,0,0,0,0,0,0.0194675,0.0805155,0.0275461,-0.160142,-0.318246,0.060838,-0.160142,-0.318246,0,0,0,0,0,0,0,0,0,0,0,0,0,0,0,0,0,0,0,0,0,0,0,0,0,0,0,0,0,0,0,0,-0.0188783,-0.0815158,-0.0270777,0,0,0,-0.015406,0,0,0,0,0,0,0,0,0,0,0,0,0,1.5708,1.5708,0,0,0,0,0,0,0,0,0
0,0,0,0,0,0,0,0,0,0,0.018661,0.0799808,0.0262413,-0.161034,-0.31762,0.0589915,-0.161034,-0.31762,0,0,0,0,0,0,0,0,0,0,0,0,0,0,0,0,0,0,0,0,0,0,0,0,0,0,0,0,0,0,0,0,-0.0188783,-0.0811678,-0.0270994,0,0,0,-0.016761,0,0,0,0,0,0,0,0,0,0,0,0,0,1.5708,1.5708,0,0,0,0,0,0,0,0,0
0,0,0,0,0,0,0,0,0,0,0.0187647,0.0796986,0.0272858,-0.16137,-0.317302,0.0592719,-0.16137,-0.317302,0,0,0,0,0,0,0,0,0,0,0,0,0,0,0,0,0,0,0,0,0,0,0,0,0,0,0,0,0,0,0,0,-0.0190088,-0.0812113,-0.0269907,0,0,0,-0.0181105,0,0,0,0,0,0,0,0,0,0,0,0,0,1.5708,1.5708,0,0,0,0,0,0,0,0,0
0,0,0,0,0,0,0,0,0,0,0.0188655,0.0814957,0.0268947,-0.161275,-0.317263,0.0600564,-0.161275,-0.317263,0,0,0,0,0,0,0,0,0,0,0,0,0,0,0,0,0,0,0,0,0,0,0,0,0,0,0,0,0,0,0,0,-0.018987,-0.0815811,-0.0270777,0,0,0,-0.0194644,0,0,0,0,0,0,0,0,0,0,0,0,0,1.5708,1.5708,0,0,0,0,0,0,0,0,0
0,0,0,0,0,0,0,0,0,0,0.0188326,0.0805447,0.0258527,-0.161159,-0.317084,0.0594822,-0.161159,-0.317084,0,0,0,0,0,0,0,0,0,0,0,0,0,0,0,0,0,0,0,0,0,0,0,0,0,0,0,0,0,0,0,0,-0.0190088,-0.0815376,-0.0267297,0,0,0,-0.0208009,0,0,0,0,0,0,0,0,0,0,0,0,0,1.5708,1.5708,0,0,0,0,0,0,0,0,0
0,0,0,0,0,0,0,0,0,0,0.017493,0.0799746,0.0259837,-0.161087,-0.316623,0.0586169,-0.161087,-0.316623,0,0,0,0,0,0,0,0,0,0,0,0,0,0,0,0,0,0,0,0,0,0,0,0,0,0,0,0,0,0,0,0,-0.0188565,-0.0817985,-0.026621,0,0,0,-0.0221319,0,0,0,0,0,0,0,0,0,0,0,0,0,1.5708,1.5708,0,0,0,0,0,0,0,0,0
0,0,0,0,0,0,0,0,0,0,0.0178468,0.0803122,0.0265052,-0.160552,-0.316186,0.0579847,-0.160552,-0.316186,0,0,0,0,0,0,0,0,0,0,0,0,0,0,0,0,0,0,0,0,0,0,0,0,0,0,0,0,0,0,0,0,-0.0186173,-0.081929,-0.026447,0,0,0,-0.0234543,0,0,0,0,0,0,0,0,0,0,0,0,0,1.5708,1.5708,0,0,0,0,0,0,0,0,0
0,0,0,0,0,0,0,0,0,0,0.0193735,0.0792045,0.0282025,-0.159951,-0.315973,0.0574024,-0.159951,-0.315973,0,0,0,0,0,0,0,0,0,0,0,0,0,0,0,0,0,0,0,0,0,0,0,0,0,0,0,0,0,0,0,0,-0.0187695,-0.0819725,-0.0267732,0,0,0,-0.0247929,0,0,0,0,0,0,0,0,0,0,0,0,0,1.5708,1.5708,0,0,0,0,0,0,0,0,0
0,0,0,0,0,0,0,0,0,0,0.0186779,0.0792646,0.0271601,-0.159692,-0.315434,0.0568386,-0.159692,-0.315434,0,0,0,0,0,0,0,0,0,0,0,0,0,0,0,0,0,0,0,0,0,0,0,0,0,0,0,0,0,0,0,0,-0.0187913,-0.0820813,-0.0267515,0,0,0,-0.0261305,0,0,0,0,0,0,0,0,0,0,0,0,0,1.5708,1.5708,0,0,0,0,0,0,0,0,0
0,0,0,0,0,0,0,0,0,0,0.0178496,0.0781419,0.0262476,-0.159532,-0.31512,0.0564124,-0.159532,-0.31512,0,0,0,0,0,0,0,0,0,0,0,0,0,0,0,0,0,0,0,0,0,0,0,0,0,0,0,0,0,0,0,0,-0.0186608,-0.0817116,-0.0266427,0,0,0,-0.0274627,0,0,0,0,0,0,0,0,0,0,0,0,0,1.5708,1.5708,0,0,0,0,0,0,0,0,0
0,0,0,0,0,0,0,0,0,0,0.0154526,0.0788395,0.0261186,-0.159547,-0.315329,0.0567722,-0.159547,-0.315329,0,0,0,0,0,0,0,0,0,0,0,0,0,0,0,0,0,0,0,0,0,0,0,0,0,0,0,0,0,0,0,0,-0.0181388,-0.0816246,-0.0266862,0,0,0,-0.028797,0,0,0,0,0,0,0,0,0,0,0,0,0,1.5708,1.5708,0,0,0,0,0,0,0,0,0
0,0,0,0,0,0,0,0,0,0,0.0185355,0.0778316,0.0261196,-0.160013,-0.315091,0.0576929,-0.160013,-0.315091,0,0,0,0,0,0,0,0,0,0,0,0,0,0,0,0,0,0,0,0,0,0,0,0,0,0,0,0,0,0,0,0,-0.0183563,-0.0814723,-0.026708,0,0,0,-0.0301324,0,0,0,0,0,0,0,0,0,0,0,0,0,1.5708,1.5708,0,0,0,0,0,0,0,0,0
0,0,0,0,0,0,0,0,0,0,0.0160067,0.0785106,0.0269031,-0.160595,-0.314821,0.0582742,-0.160595,-0.314821,0,0,0,0,0,0,0,0,0,0,0,0,0,0,0,0,0,0,0,0,0,0,0,0,0,0,0,0,0,0,0,0,-0.0180953,-0.0813853,-0.0267732,0,0,0,-0.031471,0,0,0,0,0,0,0,0,0,0,0,0,0,1.5708,1.5708,0,0,0,0,0,0,0,0,0
0,0,0,0,0,0,0,0,0,0,0.0176515,0.079051,0.0262516,-0.160836,-0.315037,0.0582916,-0.160836,-0.315037,0,0,0,0,0,0,0,0,0,0,0,0,0,0,0,0,0,0,0,0,0,0,0,0,0,0,0,0,0,0,0,0,-0.0178561,-0.0815811,-0.026447,0,0,0,-0.0327934,0,0,0,0,0,0,0,0,0,0,0,0,0,1.5708,1.5708,0,0,0,0,0,0,0,0,0
0,0,0,0,0,0,0,0,0,0,0.0169442,0.0793231,0.0267739,-0.16138,-0.315726,0.0583088,-0.16138,-0.315726,0,0,0,0,0,0,0,0,0,0,0,0,0,0,0,0,0,0,0,0,0,0,0,0,0,0,0,0,0,0,0,0,-0.0176168,-0.0818203,-0.0263817,0,0,0,-0.0341125,0,0,0,0,0,0,0,0,0,0,0,0,0,1.5708,1.5708,0,0,0,0,0,0,0,0,0
0,0,0,0,0,0,0,0,0,0,0.0187145,0.0775012,0.0263834,-0.16239,-0.316069,0.0586858,-0.16239,-0.316069,0,0,0,0,0,0,0,0,0,0,0,0,0,0,0,0,0,0,0,0,0,0,0,0,0,0,0,0,0,0,0,0,-0.0178126,-0.0819508,-0.0264035,0,0,0,-0.0354326,0,0,0,0,0,0,0,0,0,0,0,0,0,1.5708,1.5708,0,0,0,0,0,0,0,0,0
0,0,0,0,0,0,0,0,0,0,0.0173517,0.0781505,0.0255995,-0.162619,-0.315513,0.0587413,-0.162619,-0.315513,0,0,0,0,0,0,0,0,0,0,0,0,0,0,0,0,0,0,0,0,0,0,0,0,0,0,0,0,0,0,0,0,-0.0181823,-0.0820813,-0.0263165,0,0,0,-0.0367484,0,0,0,0,0,0,0,0,0,0,0,0,0,1.5708,1.5708,0,0,0,0,0,0,0,0,0
0,0,0,0,0,0,0,0,0,0,0.0182023,0.0768354,0.0250774,-0.161568,-0.315308,0.0582967,-0.161568,-0.315308,0,0,0,0,0,0,0,0,0,0,0,0,0,0,0,0,0,0,0,0,0,0,0,0,0,0,0,0,0,0,0,0,-0.0181823,-0.0821683,-0.0261425,0,0,0,-0.0380556,0,0,0,0,0,0,0,0,0,0,0,0,0,1.5708,1.5708,0,0,0,0,0,0,0,0,0
0,0,0,0,0,0,0,0,0,0,0.0169622,0.0764257,0.0267734,-0.160799,-0.315783,0.0582871,-0.160799,-0.315783,0,0,0,0,0,0,0,0,0,0,0,0,0,0,0,0,0,0,0,0,0,0,0,0,0,0,0,0,0,0,0,0,-0.0183998,-0.0820813,-0.0261207,0,0,0,-0.0393616,0,0,0,0,0,0,0,0,0,0,0,0,0,1.5708,1.5708,0,0,0,0,0,0,0,0,0
0,0,0,0,0,0,0,0,0,0,0.0159818,0.0754892,0.0278174,-0.16092,-0.31611,0.0589188,-0.16092,-0.31611,0,0,0,0,0,0,0,0,0,0,0,0,0,0,0,0,0,0,0,0,0,0,0,0,0,0,0,0,0,0,0,0,-0.0181823,-0.0817551,-0.0263817,0,0,0,-0.0406807,0,0,0,0,0,0,0,0,0,0,0,0,0,1.5708,1.5708,0,0,0,0,0,0,0,0,0
0,0,0,0,0,0,0,0,0,0,0.0180024,0.0753276,0.0261209,-0.160731,-0.31521,0.0589496,-0.160731,-0.31521,0,0,0,0,0,0,0,0,0,0,0,0,0,0,0,0,0,0,0,0,0,0,0,0,0,0,0,0,0,0,0,0,-0.0184215,-0.0813636,-0.026273,0,0,0,-0.0419943,0,0,0,0,0,0,0,0,0,0,0,0,0,1.5708,1.5708,0,0,0,0,0,0,0,0,0
0,0,0,0,0,0,0,0,0,0,0.0176714,0.0762012,0.0261208,-0.160242,-0.31419,0.0579352,-0.160242,-0.31419,0,0,0,0,0,0,0,0,0,0,0,0,0,0,0,0,0,0,0,0,0,0,0,0,0,0,0,0,0,0,0,0,-0.0183128,-0.0814288,-0.0262295,0,0,0,-0.0433058,0,0,0,0,0,0,0,0,0,0,0,0,0,1.5708,1.5708,0,0,0,0,0,0,0,0,0
0,0,0,0,0,0,0,0,0,0,0.0172068,0.0760258,0.0276858,-0.160479,-0.315163,0.057053,-0.160479,-0.315163,0,0,0,0,0,0,0,0,0,0,0,0,0,0,0,0,0,0,0,0,0,0,0,0,0,0,0,0,0,0,0,0,-0.0183563,-0.0813636,-0.0265775,0,0,0,-0.0446347,0,0,0,0,0,0,0,0,0,0,0,0,0,1.5708,1.5708,0,0,0,0,0,0,0,0,0
0,0,0,0,0,0,0,0,0,0,0.0170018,0.0738879,0.0278161,-0.161265,-0.316828,0.056701,-0.161265,-0.316828,0,0,0,0,0,0,0,0,0,0,0,0,0,0,0,0,0,0,0,0,0,0,0,0,0,0,0,0,0,0,0,0,-0.0182258,-0.0811678,-0.0270342,0,0,0,-0.0459864,0,0,0,0,0,0,0,0,0,0,0,0,0,1.5708,1.5708,0,0,0,0,0,0,0,0,0
0,0,0,0,0,0,0,0,0,0,0.0164025,0.0743553,0.0262493,-0.161925,-0.316954,0.056297,-0.161925,-0.316954,0,0,0,0,0,0,0,0,0,0,0,0,0,0,0,0,0,0,0,0,0,0,0,0,0,0,0,0,0,0,0,0,-0.018204,-0.0811243,-0.0269472,0,0,0,-0.0473338,0,0,0,0,0,0,0,0,0,0,0,0,0,1.5708,1.5708,0,0,0,0,0,0,0,0,0
0,0,0,0,0,0,0,0,0,0,0.0171067,0.0733783,0.0258565,-0.162258,-0.316346,0.0556851,-0.162258,-0.316346,0,0,0,0,0,0,0,0,0,0,0,0,0,0,0,0,0,0,0,0,0,0,0,0,0,0,0,0,0,0,0,0,-0.018465,-0.0810808,-0.026621,0,0,0,-0.0486648,0,0,0,0,0,0,0,0,0,0,0,0,0,1.5708,1.5708,0,0,0,0,0,0,0,0,0
0,0,0,0,0,0,0,0,0,0,0.0159823,0.0740903,0.0276824,-0.161882,-0.316997,0.0551406,-0.161882,-0.316997,0,0,0,0,0,0,0,0,0,0,0,0,0,0,0,0,0,0,0,0,0,0,0,0,0,0,0,0,0,0,0,0,-0.018204,-0.0811896,-0.0268819,0,0,0,-0.0500089,0,0,0,0,0,0,0,0,0,0,0,0,0,1.5708,1.5708,0,0,0,0,0,0,0,0,0
0,0,0,0,0,0,0,0,0,0,0.0164205,0.0732308,0.0267677,-0.161416,-0.317686,0.0551287,-0.161416,-0.317686,0,0,0,0,0,0,0,0,0,0,0,0,0,0,0,0,0,0,0,0,0,0,0,0,0,0,0,0,0,0,0,0,-0.0180735,-0.0810156,-0.0269907,0,0,0,-0.0513584,0,0,0,0,0,0,0,0,0,0,0,0,0,1.5708,1.5708,0,0,0,0,0,0,0,0,0
0,0,0,0,0,0,0,0,0,0,0.016595,0.0745851,0.0275501,-0.161393,-0.317048,0.0556606,-0.161393,-0.317048,0,0,0,0,0,0,0,0,0,0,0,0,0,0,0,0,0,0,0,0,0,0,0,0,0,0,0,0,0,0,0,0,-0.0180518,-0.0811026,-0.0269689,0,0,0,-0.0527069,0,0,0,0,0,0,0,0,0,0,0,0,0,1.5708,1.5708,0,0,0,0,0,0,0,0,0
0,0,0,0,0,0,0,0,0,0,0.0168993,0.0712356,0.0266379,-0.161093,-0.316316,0.0566564,-0.161093,-0.316316,0,0,0,0,0,0,0,0,0,0,0,0,0,0,0,0,0,0,0,0,0,0,0,0,0,0,0,0,0,0,0,0,-0.018117,-0.0809938,-0.0267732,0,0,0,-0.0540455,0,0,0,0,0,0,0,0,0,0,0,0,0,1.5708,1.5708,0,0,0,0,0,0,0,0,0
0,0,0,0,0,0,0,0,0,0,0.0165487,0.0736223,0.0267681,-0.160424,-0.316338,0.0578804,-0.160424,-0.316338,0,0,0,0,0,0,0,0,0,0,0,0,0,0,0,0,0,0,0,0,0,0,0,0,0,0,0,0,0,0,0,0,-0.0182258,-0.0812113,-0.0268602,0,0,0,-0.0553886,0,0,0,0,0,0,0,0,0,0,0,0,0,1.5708,1.5708,0,0,0,0,0,0,0,0,0
0,0,0,0,0,0,0,0,0,0,0.0167178,0.0731322,0.025854,-0.15992,-0.316464,0.0582941,-0.15992,-0.316464,0,0,0,0,0,0,0,0,0,0,0,0,0,0,0,0,0,0,0,0,0,0,0,0,0,0,0,0,0,0,0,0,-0.0182475,-0.0815158,-0.0268602,0,0,0,-0.0567316,0,0,0,0,0,0,0,0,0,0,0,0,0,1.5708,1.5708,0,0,0,0,0,0,0,0,0
0,0,0,0,0,0,0,0,0,0,0.014015,0.07146,0.027288,-0.160327,-0.316197,0.0586102,-0.160327,-0.316197,0,0,0,0,0,0,0,0,0,0,0,0,0,0,0,0,0,0,0,0,0,0,0,0,0,0,0,0,0,0,0,0,-0.0180083,-0.0814288,-0.026795,0,0,0,-0.0580713,0,0,0,0,0,0,0,0,0,0,0,0,0,1.5708,1.5708,0,0,0,0,0,0,0,0,0
0,0,0,0,0,0,0,0,0,0,0.0190095,0.0731764,0.0262439,-0.161291,-0.316847,0.0591823,-0.161291,-0.316847,0,0,0,0,0,0,0,0,0,0,0,0,0,0,0,0,0,0,0,0,0,0,0,0,0,0,0,0,0,0,0,0,-0.0185303,-0.0817768,-0.026708,0,0,0,-0.0594067,0,0,0,0,0,0,0,0,0,0,0,0,0,1.5708,1.5708,0,0,0,0,0,0,0,0,0
0,0,0,0,0,0,0,0,0,0,0.0161741,0.0697974,0.0274179,-0.161455,-0.318004,0.0592449,-0.161455,-0.318004,0,0,0,0,0,0,0,0,0,0,0,0,0,0,0,0,0,0,0,0,0,0,0,0,0,0,0,0,0,0,0,0,-0.018552,-0.0813418,-0.0266862,0,0,0,-0.060741,0,0,0,0,0,0,0,0,0,0,0,0,0,1.5708,1.5708,0,0,0,0,0,0,0,0,0
0,0,0,0,0,0,0,0,0,0,0.0169894,0.0708516,0.0267638,-0.161172,-0.317571,0.0597606,-0.161172,-0.317571,0,0,0,0,0,0,0,0,0,0,0,0,0,0,0,0,0,0,0,0,0,0,0,0,0,0,0,0,0,0,0,0,-0.0186608,-0.0816463,-0.026708,0,0,0,-0.0620764,0,0,0,0,0,0,0,0,0,0,0,0,0,1.5708,1.5708,0,0,0,0,0,0,0,0,0
0,0,0,0,0,0,0,0,0,0,0.0163651,0.0722912,0.0276762,-0.161729,-0.316174,0.0610359,-0.161729,-0.316174,0,0,0,0,0,0,0,0,0,0,0,0,0,0,0,0,0,0,0,0,0,0,0,0,0,0,0,0,0,0,0,0,-0.018726,-0.0817985,-0.0268602,0,0,0,-0.0634194,0,0,0,0,0,0,0,0,0,0,0,0,0,1.5708,1.5708,0,0,0,0,0,0,0,0,0
0,0,0,0,0,0,0,0,0,0,0.016654,0.0691574,0.0263704,-0.163063,-0.315927,0.0621166,-0.163063,-0.315927,0,0,0,0,0,0,0,0,0,0,0,0,0,0,0,0,0,0,0,0,0,0,0,0,0,0,0,0,0,0,0,0,-0.018813,-0.0815158,-0.0269472,0,0,0,-0.0647668,0,0,0,0,0,0,0,0,0,0,0,0,0,1.5708,1.5708,0,0,0,0,0,0,0,0,0
0,0,0,0,0,0,0,0,0,0,0.0170737,0.0708482,0.0272845,-0.163582,-0.317306,0.0619854,-0.163582,-0.317306,0,0,0,0,0,0,0,0,0,0,0,0,0,0,0,0,0,0,0,0,0,0,0,0,0,0,0,0,0,0,0,0,-0.019422,-0.0817985,-0.0269472,0,0,0,-0.0661142,0,0,0,0,0,0,0,0,0,0,0,0,0,1.5708,1.5708,0,0,0,0,0,0,0,0,0
0,0,0,0,0,0,0,0,0,0,0.0142275,0.0709692,0.0267618,-0.16271,-0.318606,0.0618293,-0.16271,-0.318606,0,0,0,0,0,0,0,0,0,0,0,0,0,0,0,0,0,0,0,0,0,0,0,0,0,0,0,0,0,0,0,0,-0.018726,-0.0818203,-0.0270342,0,0,0,-0.0674659,0,0,0,0,0,0,0,0,0,0,0,0,0,1.5708,1.5708,0,0,0,0,0,0,0,0,0
0,0,0,0,0,0,0,0,0,0,0.0163375,0.0679531,0.0275427,-0.162065,-0.318983,0.0628455,-0.162065,-0.318983,0,0,0,0,0,0,0,0,0,0,0,0,0,0,0,0,0,0,0,0,0,0,0,0,0,0,0,0,0,0,0,0,-0.0188565,-0.0819073,-0.0270559,0,0,0,-0.0688187,0,0,0,0,0,0,0,0,0,0,0,0,0,1.5708,1.5708,0,0,0,0,0,0,0,0,0
0,0,0,0,0,0,0,0,0,0,0.0144006,0.0684552,0.0270207,-0.162157,-0.319374,0.06334,-0.162157,-0.319374,0,0,0,0,0,0,0,0,0,0,0,0,0,0,0,0,0,0,0,0,0,0,0,0,0,0,0,0,0,0,0,0,-0.0185303,-0.0819073,-0.0270994,0,0,0,-0.0701736,0,0,0,0,0,0,0,0,0,0,0,0,0,1.5708,1.5708,0,0,0,0,0,0,0,0,0
0,0,0,0,0,0,0,0,0,0,0.0162464,0.0685594,0.028325,-0.161624,-0.320156,0.0625226,-0.161624,-0.320156,0,0,0,0,0,0,0,0,0,0,0,0,0,0,0,0,0,0,0,0,0,0,0,0,0,0,0,0,0,0,0,0,-0.0186173,-0.0816898,-0.0272082,0,0,0,-0.071534,0,0,0,0,0,0,0,0,0,0,0,0,0,1.5708,1.5708,0,0,0,0,0,0,0,0,0
0,0,0,0,0,0,0,0,0,0,0.0165248,0.0672225,0.0254541,-0.160322,-0.320469,0.0625547,-0.160322,-0.320469,0,0,0,0,0,0,0,0,0,0,0,0,0,0,0,0,0,0,0,0,0,0,0,0,0,0,0,0,0,0,0,0,-0.0187043,-0.0817768,-0.0270559,0,0,0,-0.0728868,0,0,0,0,0,0,0,0,0,0,0,0,0,1.5708,1.5708,0,0,0,0,0,0,0,0,0
0,0,0,0,0,0,0,0,0,0,0.0162826,0.0679647,0.0258453,-0.159712,-0.319341,0.0650917,-0.159712,-0.319341,0,0,0,0,0,0,0,0,0,0,0,0,0,0,0,0,0,0,0,0,0,0,0,0,0,0,0,0,0,0,0,0,-0.0186825,-0.0817116,-0.0268167,0,0,0,-0.0742277,0,0,0,0,0,0,0,0,0,0,0,0,0,1.5708,1.5708,0,0,0,0,0,0,0,0,0
0,0,0,0,0,0,0,0,0,0,0.0155138,0.0675353,0.0266279,-0.160169,-0.317563,0.0673952,-0.160169,-0.317563,0,0,0,0,0,0,0,0,0,0,0,0,0,0,0,0,0,0,0,0,0,0,0,0,0,0,0,0,0,0,0,0,-0.0190088,-0.0815593,-0.026795,0,0,0,-0.0755674,0,0,0,0,0,0,0,0,0,0,0,0,0,1.5708,1.5708,0,0,0,0,0,0,0,0,0
0,0,0,0,0,0,0,0,0,0,0.014875,0.0689265,0.0288458,-0.16045,-0.316734,0.0677199,-0.16045,-0.316734,0,0,0,0,0,0,0,0,0,0,0,0,0,0,0,0,0,0,0,0,0,0,0,0,0,0,0,0,0,0,0,0,-0.0188783,-0.0821465,-0.0270124,0,0,0,-0.076918,0,0,0,0,0,0,0,0,0,0,0,0,0,1.5708,1.5708,0,0,0,0,0,0,0,0,0
0,0,0,0,0,0,0,0,0,0,0.014756,0.0667902,0.0263653,-0.16002,-0.317156,0.0679092,-0.16002,-0.317156,0,0,0,0,0,0,0,0,0,0,0,0,0,0,0,0,0,0,0,0,0,0,0,0,0,0,0,0,0,0,0,0,-0.0190523,-0.0822988,-0.0269037,0,0,0,-0.0782632,0,0,0,0,0,0,0,0,0,0,0,0,0,1.5708,1.5708,0,0,0,0,0,0,0,0,0
0,0,0,0,0,0,0,0,0,0,0.0126765,0.0653031,0.025711,-0.159475,-0.31762,0.0684089,-0.159475,-0.31762,0,0,0,0,0,0,0,0,0,0,0,0,0,0,0,0,0,0,0,0,0,0,0,0,0,0,0,0,0,0,0,0,-0.0185738,-0.08219,-0.0264687,0,0,0,-0.0795867,0,0,0,0,0,0,0,0,0,0,0,0,0,1.5708,1.5708,0,0,0,0,0,0,0,0,0
0,0,0,0,0,0,0,0,0,0,0.0147709,0.0652481,0.025971,-0.159461,-0.317781,0.0686687,-0.159461,-0.317781,0,0,0,0,0,0,0,0,0,0,0,0,0,0,0,0,0,0,0,0,0,0,0,0,0,0,0,0,0,0,0,0,-0.0183998,-0.0822988,-0.0265557,0,0,0,-0.0809144,0,0,0,0,0,0,0,0,0,0,0,0,0,1.5708,1.5708,0,0,0,0,0,0,0,0,0
0,0,0,0,0,0,0,0,0,0,0.014648,0.0657097,0.0259693,-0.159672,-0.318578,0.0686706,-0.159672,-0.318578,0,0,0,0,0,0,0,0,0,0,0,0,0,0,0,0,0,0,0,0,0,0,0,0,0,0,0,0,0,0,0,0,-0.0182475,-0.082364,-0.0265775,0,0,0,-0.0822433,0,0,0,0,0,0,0,0,0,0,0,0,0,1.5708,1.5708,0,0,0,0,0,0,0,0,0
0,0,0,0,0,0,0,0,0,0,0.0150474,0.0638179,0.0275335,-0.159119,-0.319018,0.0690352,-0.159119,-0.319018,0,0,0,0,0,0,0,0,0,0,0,0,0,0,0,0,0,0,0,0,0,0,0,0,0,0,0,0,0,0,0,0,-0.018291,-0.08219,-0.0267297,0,0,0,-0.0835798,0,0,0,0,0,0,0,0,0,0,0,0,0,1.5708,1.5708,0,0,0,0,0,0,0,0,0
0,0,0,0,0,0,0,0,0,0,0.0142684,0.0651859,0.0254439,-0.158469,-0.317946,0.070584,-0.158469,-0.317946,0,0,0,0,0,0,0,0,0,0,0,0,0,0,0,0,0,0,0,0,0,0,0,0,0,0,0,0,0,0,0,0,-0.0183128,-0.082016,-0.0261642,0,0,0,-0.084888,0,0,0,0,0,0,0,0,0,0,0,0,0,1.5708,1.5708,0,0,0,0,0,0,0,0,0
0,0,0,0,0,0,0,0,0,0,0.0141389,0.0628972,0.0263549,-0.158564,-0.316409,0.0722459,-0.158564,-0.316409,0,0,0,0,0,0,0,0,0,0,0,0,0,0,0,0,0,0,0,0,0,0,0,0,0,0,0,0,0,0,0,0,-0.0183345,-0.0818203,-0.0261642,0,0,0,-0.0861962,0,0,0,0,0,0,0,0,0,0,0,0,0,1.5708,1.5708,0,0,0,0,0,0,0,0,0
0,0,0,0,0,0,0,0,0,0,0.0141396,0.0634743,0.0276585,-0.158763,-0.315453,0.0734416,-0.158763,-0.315453,0,0,0,0,0,0,0,0,0,0,0,0,0,0,0,0,0,0,0,0,0,0,0,0,0,0,0,0,0,0,0,0,-0.0187043,-0.0819725,-0.0264905,0,0,0,-0.0875208,0,0,0,0,0,0,0,0,0,0,0,0,0,1.5708,1.5708,0,0,0,0,0,0,0,0,0
0,0,0,0,0,0,0,0,0,0,0.0137485,0.0623495,0.0264823,-0.158893,-0.314986,0.0746764,-0.158893,-0.314986,0,0,0,0,0,0,0,0,0,0,0,0,0,0,0,0,0,0,0,0,0,0,0,0,0,0,0,0,0,0,0,0,-0.0186608,-0.0819508,-0.0265775,0,0,0,-0.0888496,0,0,0,0,0,0,0,0,0,0,0,0,0,1.5708,1.5708,0,0,0,0,0,0,0,0,0
0,0,0,0,0,0,0,0,0,0,0.0137478,0.0618777,0.0267421,-0.159414,-0.314566,0.0746174,-0.159414,-0.314566,0,0,0,0,0,0,0,0,0,0,0,0,0,0,0,0,0,0,0,0,0,0,0,0,0,0,0,0,0,0,0,0,-0.018639,-0.0817768,-0.026708,0,0,0,-0.090185,0,0,0,0,0,0,0,0,0,0,0,0,0,1.5708,1.5708,0,0,0,0,0,0,0,0,0
0,0,0,0,0,0,0,0,0,0,0.0124431,0.0598355,0.0259578,-0.159976,-0.31447,0.0736164,-0.159976,-0.31447,0,0,0,0,0,0,0,0,0,0,0,0,0,0,0,0,0,0,0,0,0,0,0,0,0,0,0,0,0,0,0,0,-0.0183345,-0.0815811,-0.026447,0,0,0,-0.0915074,0,0,0,0,0,0,0,0,0,0,0,0,0,1.5708,1.5708,0,0,0,0,0,0,0,0,0
0,0,0,0,0,0,0,0,0,0,0.0141363,0.0618367,0.0258254,-0.160033,-0.315156,0.0731588,-0.160033,-0.315156,0,0,0,0,0,0,0,0,0,0,0,0,0,0,0,0,0,0,0,0,0,0,0,0,0,0,0,0,0,0,0,0,-0.0184433,-0.0814941,-0.0265122,0,0,0,-0.092833,0,0,0,0,0,0,0,0,0,0,0,0,0,1.5708,1.5708,0,0,0,0,0,0,0,0,0
0,0,0,0,0,0,0,0,0,0,0.0138698,0.0592666,0.0271277,-0.160492,-0.316517,0.0728045,-0.160492,-0.316517,0,0,0,0,0,0,0,0,0,0,0,0,0,0,0,0,0,0,0,0,0,0,0,0,0,0,0,0,0,0,0,0,-0.0185303,-0.0813636,-0.0266427,0,0,0,-0.0941651,0,0,0,0,0,0,0,0,0,0,0,0,0,1.5708,1.5708,0,0,0,0,0,0,0,0,0
0,0,0,0,0,0,0,0,0,0,0.0155605,0.059697,0.0268647,-0.161447,-0.318124,0.0727076,-0.161447,-0.318124,0,0,0,0,0,0,0,0,0,0,0,0,0,0,0,0,0,0,0,0,0,0,0,0,0,0,0,0,0,0,0,0,-0.0189,-0.0812113,-0.0265122,0,0,0,-0.0954907,0,0,0,0,0,0,0,0,0,0,0,0,0,1.5708,1.5708,0,0,0,0,0,0,0,0,0
0,0,0,0,0,0,0,0,0,0,0.0132051,0.0589508,0.0258192,-0.161806,-0.318738,0.072973,-0.161806,-0.318738,0,0,0,0,0,0,0,0,0,0,0,0,0,0,0,0,0,0,0,0,0,0,0,0,0,0,0,0,0,0,0,0,-0.0189435,-0.0811243,-0.0264035,0,0,0,-0.0968109,0,0,0,0,0,0,0,0,0,0,0,0,0,1.5708,1.5708,0,0,0,0,0,0,0,0,0
0,0,0,0,0,0,0,0,0,0,0.0137208,0.058981,0.0272542,-0.161847,-0.318141,0.0736034,-0.161847,-0.318141,0,0,0,0,0,0,0,0,0,0,0,0,0,0,0,0,0,0,0,0,0,0,0,0,0,0,0,0,0,0,0,0,-0.019074,-0.0811243,-0.0264905,0,0,0,-0.0981354,0,0,0,0,0,0,0,0,0,0,0,0,0,1.5708,1.5708,0,0,0,0,0,0,0,0,0
0,0,0,0,0,0,0,0,0,0,0.0147572,0.0599231,0.0279037,-0.162312,-0.317743,0.0745516,-0.162312,-0.317743,0,0,0,0,0,0,0,0,0,0,0,0,0,0,0,0,0,0,0,0,0,0,0,0,0,0,0,0,0,0,0,0,-0.019596,-0.0816246,-0.0268167,0,0,0,-0.0994763,0,0,0,0,0,0,0,0,0,0,0,0,0,1.5708,1.5708,0,0,0,0,0,0,0,0,0
0,0,0,0,0,0,0,0,0,0,0.0122682,0.0572096,0.0269899,-0.163065,-0.317933,0.075028,-0.163065,-0.317933,0,0,0,0,0,0,0,0,0,0,0,0,0,0,0,0,0,0,0,0,0,0,0,0,0,0,0,0,0,0,0,0,-0.019422,-0.0813418,-0.0270124,0,0,0,-0.100827,0,0,0,0,0,0,0,0,0,0,0,0,0,1.5708,1.5708,0,0,0,0,0,0,0,0,0
0,0,0,0,0,0,0,0,0,0,0.0130405,0.0556671,0.0276406,-0.162751,-0.318148,0.0761806,-0.162751,-0.318148,0,0,0,0,0,0,0,0,0,0,0,0,0,0,0,0,0,0,0,0,0,0,0,0,0,0,0,0,0,0,0,0,-0.019422,-0.0812331,-0.0270994,0,0,0,-0.102182,0,0,0,0,0,0,0,0,0,0,0,0,0,1.5708,1.5708,0,0,0,0,0,0,0,0,0
0,0,0,0,0,0,0,0,0,0,0.0119839,0.0559505,0.026855,-0.161423,-0.318144,0.0778526,-0.161423,-0.318144,0,0,0,0,0,0,0,0,0,0,0,0,0,0,0,0,0,0,0,0,0,0,0,0,0,0,0,0,0,0,0,0,-0.0189653,-0.0811026,-0.0270994,0,0,0,-0.103537,0,0,0,0,0,0,0,0,0,0,0,0,0,1.5708,1.5708,0,0,0,0,0,0,0,0,0
0,0,0,0,0,0,0,0,0,0,0.0131437,0.055189,0.0267219,-0.160279,-0.317961,0.0778887,-0.160279,-0.317961,0,0,0,0,0,0,0,0,0,0,0,0,0,0,0,0,0,0,0,0,0,0,0,0,0,0,0,0,0,0,0,0,-0.0190958,-0.0809721,-0.0272517,0,0,0,-0.104899,0,0,0,0,0,0,0,0,0,0,0,0,0,1.5708,1.5708,0,0,0,0,0,0,0,0,0
0,0,0,0,0,0,0,0,0,0,0.0135207,0.0552048,0.0267192,-0.159367,-0.31805,0.076988,-0.159367,-0.31805,0,0,0,0,0,0,0,0,0,0,0,0,0,0,0,0,0,0,0,0,0,0,0,0,0,0,0,0,0,0,0,0,-0.0192045,-0.0808416,-0.0271647,0,0,0,-0.106258,0,0,0,0,0,0,0,0,0,0,0,0,0,1.5708,1.5708,0,0,0,0,0,0,0,0,0
0,0,0,0,0,0,0,0,0,0,0.0128536,0.0560018,0.0271087,-0.158774,-0.31849,0.0768357,-0.158774,-0.31849,0,0,0,0,0,0,0,0,0,0,0,0,0,0,0,0,0,0,0,0,0,0,0,0,0,0,0,0,0,0,0,0,-0.0190305,-0.0806893,-0.0270342,0,0,0,-0.107609,0,0,0,0,0,0,0,0,0,0,0,0,0,1.5708,1.5708,0,0,0,0,0,0,0,0,0
0,0,0,0,0,0,0,0,0,0,0.0115337,0.0537961,0.0277592,-0.158726,-0.318446,0.0766395,-0.158726,-0.318446,0,0,0,0,0,0,0,0,0,0,0,0,0,0,0,0,0,0,0,0,0,0,0,0,0,0,0,0,0,0,0,0,-0.0190523,-0.0806241,-0.0271647,0,0,0,-0.108968,0,0,0,0,0,0,0,0,0,0,0,0,0,1.5708,1.5708,0,0,0,0,0,0,0,0,0
0,0,0,0,0,0,0,0,0,0,0.0108652,0.0532851,0.0261907,-0.159588,-0.31802,0.0743273,-0.159588,-0.31802,0,0,0,0,0,0,0,0,0,0,0,0,0,0,0,0,0,0,0,0,0,0,0,0,0,0,0,0,0,0,0,0,-0.0188348,-0.0807328,-0.0269254,0,0,0,-0.110314,0,0,0,0,0,0,0,0,0,0,0,0,0,1.5708,1.5708,0,0,0,0,0,0,0,0,0
0,0,0,0,0,0,0,0,0,0,0.0122845,0.0535539,0.0260582,-0.160736,-0.31756,0.0715551,-0.160736,-0.31756,0,0,0,0,0,0,0,0,0,0,0,0,0,0,0,0,0,0,0,0,0,0,0,0,0,0,0,0,0,0,0,0,-0.0190305,-0.0808416,-0.026795,0,0,0,-0.111654,0,0,0,0,0,0,0,0,0,0,0,0,0,1.5708,1.5708,0,0,0,0,0,0,0,0,0
0,0,0,0,0,0,0,0,0,0,0.0135726,0.0517317,0.0270996,-0.161143,-0.317253,0.0709872,-0.161143,-0.317253,0,0,0,0,0,0,0,0,0,0,0,0,0,0,0,0,0,0,0,0,0,0,0,0,0,0,0,0,0,0,0,0,-0.019248,-0.0807763,-0.0268602,0,0,0,-0.112997,0,0,0,0,0,0,0,0,0,0,0,0,0,1.5708,1.5708,0,0,0,0,0,0,0,0,0
0,0,0,0,0,0,0,0,0,0,0.0119869,0.0534336,0.0255313,-0.1608,-0.317098,0.0712583,-0.1608,-0.317098,0,0,0,0,0,0,0,0,0,0,0,0,0,0,0,0,0,0,0,0,0,0,0,0,0,0,0,0,0,0,0,0,-0.0191393,-0.0809938,-0.0266645,0,0,0,-0.11433,0,0,0,0,0,0,0,0,0,0,0,0,0,1.5708,1.5708,0,0,0,0,0,0,0,0,0
0,0,0,0,0,0,0,0,0,0,0.0109229,0.0509568,0.0259208,-0.160292,-0.317034,0.0712972,-0.160292,-0.317034,0,0,0,0,0,0,0,0,0,0,0,0,0,0,0,0,0,0,0,0,0,0,0,0,0,0,0,0,0,0,0,0,-0.0189653,-0.0806676,-0.0264687,0,0,0,-0.115653,0,0,0,0,0,0,0,0,0,0,0,0,0,1.5708,1.5708,0,0,0,0,0,0,0,0,0
0,0,0,0,0,0,0,0,0,0,0.0123392,0.0509567,0.0261783,-0.159971,-0.317177,0.0717184,-0.159971,-0.317177,0,0,0,0,0,0,0,0,0,0,0,0,0,0,0,0,0,0,0,0,0,0,0,0,0,0,0,0,0,0,0,0,-0.019248,-0.0807111,-0.0262077,0,0,0,-0.116964,0,0,0,0,0,0,0,0,0,0,0,0,0,1.5708,1.5708,0,0,0,0,0,0,0,0,0
0,0,0,0,0,0,0,0,0,0,0.0111451,0.0510864,0.0261746,-0.159619,-0.316925,0.0727932,-0.159619,-0.316925,0,0,0,0,0,0,0,0,0,0,0,0,0,0,0,0,0,0,0,0,0,0,0,0,0,0,0,0,0,0,0,0,-0.0194437,-0.0808633,-0.0262077,0,0,0,-0.118274,0,0,0,0,0,0,0,0,0,0,0,0,0,1.5708,1.5708,0,0,0,0,0,0,0,0,0
0,0,0,0,0,0,0,0,0,0,0.0100805,0.0509539,0.02552,-0.159119,-0.316871,0.0737147,-0.159119,-0.316871,0,0,0,0,0,0,0,0,0,0,0,0,0,0,0,0,0,0,0,0,0,0,0,0,0,0,0,0,0,0,0,0,-0.0192262,-0.0809503,-0.0261207,0,0,0,-0.11958,0,0,0,0,0,0,0,0,0,0,0,0,0,1.5708,1.5708,0,0,0,0,0,0,0,0,0
0,0,0,0,0,0,0,0,0,0,0.010189,0.051212,0.0262999,-0.158683,-0.31709,0.0739979,-0.158683,-0.31709,0,0,0,0,0,0,0,0,0,0,0,0,0,0,0,0,0,0,0,0,0,0,0,0,0,0,0,0,0,0,0,0,-0.018813,-0.0813853,-0.0259902,0,0,0,-0.12088,0,0,0,0,0,0,0,0,0,0,0,0,0,1.5708,1.5708,0,0,0,0,0,0,0,0,0
0,0,0,0,0,0,0,0,0,0,0.0108182,0.0506858,0.0273405,-0.158827,-0.316865,0.0740152,-0.158827,-0.316865,0,0,0,0,0,0,0,0,0,0,0,0,0,0,0,0,0,0,0,0,0,0,0,0,0,0,0,0,0,0,0,0,-0.0187695,-0.0814506,-0.0262947,0,0,0,-0.122194,0,0,0,0,0,0,0,0,0,0,0,0,0,1.5708,1.5708,0,0,0,0,0,0,0,0,0
0,0,0,0,0,0,0,0,0,0,0.00909884,0.0498969,0.0272068,-0.15972,-0.316126,0.0729436,-0.15972,-0.316126,0,0,0,0,0,0,0,0,0,0,0,0,0,0,0,0,0,0,0,0,0,0,0,0,0,0,0,0,0,0,0,0,-0.0186173,-0.0817985,-0.0265122,0,0,0,-0.12352,0,0,0,0,0,0,0,0,0,0,0,0,0,1.5708,1.5708,0,0,0,0,0,0,0,0,0
0,0,0,0,0,0,0,0,0,0,0.0101218,0.0470167,0.0268118,-0.160572,-0.315434,0.0710408,-0.160572,-0.315434,0,0,0,0,0,0,0,0,0,0,0,0,0,0,0,0,0,0,0,0,0,0,0,0,0,0,0,0,0,0,0,0,-0.0183998,-0.0816681,-0.026621,0,0,0,-0.124851,0,0,0,0,0,0,0,0,0,0,0,0,0,1.5708,1.5708,0,0,0,0,0,0,0,0,0
0,0,0,0,0,0,0,0,0,0,0.0104915,0.0481815,0.0258945,-0.160419,-0.315064,0.069734,-0.160419,-0.315064,0,0,0,0,0,0,0,0,0,0,0,0,0,0,0,0,0,0,0,0,0,0,0,0,0,0,0,0,0,0,0,0,-0.0184433,-0.0817116,-0.0265775,0,0,0,-0.12618,0,0,0,0,0,0,0,0,0,0,0,0,0,1.5708,1.5708,0,0,0,0,0,0,0,0,0
0,0,0,0,0,0,0,0,0,0,0.00955445,0.045821,0.0275874,-0.160244,-0.31416,0.0686575,-0.160244,-0.31416,0,0,0,0,0,0,0,0,0,0,0,0,0,0,0,0,0,0,0,0,0,0,0,0,0,0,0,0,0,0,0,0,-0.0185085,-0.0813853,-0.0269254,0,0,0,-0.127526,0,0,0,0,0,0,0,0,0,0,0,0,0,1.5708,1.5708,0,0,0,0,0,0,0,0,0
0,0,0,0,0,0,0,0,0,0,0.011096,0.0475044,0.0266718,-0.16065,-0.313492,0.0669526,-0.16065,-0.313492,0,0,0,0,0,0,0,0,0,0,0,0,0,0,0,0,0,0,0,0,0,0,0,0,0,0,0,0,0,0,0,0,-0.018813,-0.0812983,-0.0269907,0,0,0,-0.128876,0,0,0,0,0,0,0,0,0,0,0,0,0,1.5708,1.5708,0,0,0,0,0,0,0,0,0
0,0,0,0,0,0,0,0,0,0,0.00859235,0.0464464,0.0277119,-0.160534,-0.314086,0.0652374,-0.160534,-0.314086,0,0,0,0,0,0,0,0,0,0,0,0,0,0,0,0,0,0,0,0,0,0,0,0,0,0,0,0,0,0,0,0,-0.0185955,-0.0811243,-0.0270559,0,0,0,-0.130228,0,0,0,0,0,0,0,0,0,0,0,0,0,1.5708,1.5708,0,0,0,0,0,0,0,0,0
0,0,0,0,0,0,0,0,0,0,0.0093501,0.0453903,0.0254897,-0.159821,-0.315311,0.0645654,-0.159821,-0.315311,0,0,0,0,0,0,0,0,0,0,0,0,0,0,0,0,0,0,0,0,0,0,0,0,0,0,0,0,0,0,0,0,-0.0187913,-0.0809068,-0.0267732,0,0,0,-0.131567,0,0,0,0,0,0,0,0,0,0,0,0,0,1.5708,1.5708,0,0,0,0,0,0,0,0,0
0,0,0,0,0,0,0,0,0,0,0.00815128,0.0457688,0.0267916,-0.15949,-0.316086,0.0651812,-0.15949,-0.316086,0,0,0,0,0,0,0,0,0,0,0,0,0,0,0,0,0,0,0,0,0,0,0,0,0,0,0,0,0,0,0,0,-0.0186173,-0.0812331,-0.0267732,0,0,0,-0.132906,0,0,0,0,0,0,0,0,0,0,0,0,0,1.5708,1.5708,0,0,0,0,0,0,0,0,0
0,0,0,0,0,0,0,0,0,0,0.00864965,0.0452333,0.027049,-0.159905,-0.316256,0.0665533,-0.159905,-0.316256,0,0,0,0,0,0,0,0,0,0,0,0,0,0,0,0,0,0,0,0,0,0,0,0,0,0,0,0,0,0,0,0,-0.018465,-0.0812766,-0.0269689,0,0,0,-0.134254,0,0,0,0,0,0,0,0,0,0,0,0,0,1.5708,1.5708,0,0,0,0,0,0,0,0,0
0,0,0,0,0,0,0,0,0,0,0.00940856,0.0445657,0.0274367,-0.160049,-0.31662,0.0678506,-0.160049,-0.31662,0,0,0,0,0,0,0,0,0,0,0,0,0,0,0,0,0,0,0,0,0,0,0,0,0,0,0,0,0,0,0,0,-0.0185955,-0.0816028,-0.0269472,0,0,0,-0.135602,0,0,0,0,0,0,0,0,0,0,0,0,0,1.5708,1.5708,0,0,0,0,0,0,0,0,0
0,0,0,0,0,0,0,0,0,0,0.00703454,0.0433737,0.0270418,-0.160007,-0.317789,0.0696612,-0.160007,-0.317789,0,0,0,0,0,0,0,0,0,0,0,0,0,0,0,0,0,0,0,0,0,0,0,0,0,0,0,0,0,0,0,0,-0.0180735,-0.0814506,-0.0270124,0,0,0,-0.136952,0,0,0,0,0,0,0,0,0,0,0,0,0,1.5708,1.5708,0,0,0,0,0,0,0,0,0
0,0,0,0,0,0,0,0,0,0,0.0102714,0.0420545,0.0270388,-0.160655,-0.318808,0.072683,-0.160655,-0.318808,0,0,0,0,0,0,0,0,0,0,0,0,0,0,0,0,0,0,0,0,0,0,0,0,0,0,0,0,0,0,0,0,-0.0185085,-0.0812548,-0.0269037,0,0,0,-0.138297,0,0,0,0,0,0,0,0,0,0,0,0,0,1.5708,1.5708,0,0,0,0,0,0,0,0,0
0,0,0,0,0,0,0,0,0,0,0.0059412,0.0430838,0.0263825,-0.1611,-0.318198,0.0754998,-0.1611,-0.318198,0,0,0,0,0,0,0,0,0,0,0,0,0,0,0,0,0,0,0,0,0,0,0,0,0,0,0,0,0,0,0,0,-0.0180953,-0.0814071,-0.0270559,0,0,0,-0.13965,0,0,0,0,0,0,0,0,0,0,0,0,0,1.5708,1.5708,0,0,0,0,0,0,0,0,0
0,0,0,0,0,0,0,0,0,0,0.0093103,0.0416304,0.0261186,-0.160814,-0.31703,0.0775827,-0.160814,-0.31703,0,0,0,0,0,0,0,0,0,0,0,0,0,0,0,0,0,0,0,0,0,0,0,0,0,0,0,0,0,0,0,0,-0.0184433,-0.0812548,-0.0269472,0,0,0,-0.140998,0,0,0,0,0,0,0,0,0,0,0,0,0,1.5708,1.5708,0,0,0,0,0,0,0,0,0
0,0,0,0,0,0,0,0,0,0,0.0092847,0.0425275,0.0250711,-0.160854,-0.316696,0.0794962,-0.160854,-0.316696,0,0,0,0,0,0,0,0,0,0,0,0,0,0,0,0,0,0,0,0,0,0,0,0,0,0,0,0,0,0,0,0,-0.0187043,-0.0813418,-0.026621,0,0,0,-0.142329,0,0,0,0,0,0,0,0,0,0,0,0,0,1.5708,1.5708,0,0,0,0,0,0,0,0,0
0.885664,0,0,0,2.63558,1.08743,3.06215,52.7115,21.7486,61.2431,0.00769431,0.0417279,0.0263737,-0.161605,-0.31675,0.0811556,0.186231,0.302927,1054.23,434.972,1224.86,0,0,0,0,0,0,0,0,0,0,0,0,0,0,0,0,0,0,0,0,0,0,0,0,0,0,0,0,0,-0.0185738,-0.0814071,-0.026447,0,0,0,-0.143651,0,0,0,0,0,0,0,0,0,0,0,0,0,1.5708,1.5708,0,0,0,0,0,0,0,0,0
0.948061,-0,0,0,2.63482,1.08598,3.06206,-0.0151172,-0.0290259,-0.00190258,0.00832167,0.0410601,0.0251954,-0.162183,-0.316106,0.0824348,0.186784,0.302222,-1054.53,-435.552,-1224.9,0,0,0,0,0,0,0,0,0,0,0,0,0,0,0,0,0,0,0,0,0,0,0,0,0,0,0,0,0,-0.0189435,-0.0815593,-0.0261425,0,0,0,-0.144958,0,0,0,0,0,0,0,0,0,0,0,0,0,1.5708,1.5708,0,0,0,0,0,0,0,0,0
1.01057,-0,0,0,2.63482,1.08597,3.06205,-8.78906e-05,-0.00013916,-0.000267029,0.00868816,0.0413038,0.0263658,-0.162054,-0.315074,0.0826762,0.186578,0.3012,0.300586,0.577734,0.032711,0,0,0,0,0,0,0,0,0,0,0,0,0,0,0,0,0,0,0,0,0,0,0,0,0,0,0,0,0,-0.0188348,-0.0819725,-0.0260337,0,0,0,-0.14626,0,0,0,0,0,0,0,0,0,0,0,0,0,1.5708,1.5708,0,0,0,0,0,0,0,0,0
1.01057,-0,0,0,2.63482,1.08597,3.06205,-8.78906e-05,-0.00013916,-0.000267029,0.00670519,0.0382863,0.0262312,-0.161604,-0.315214,0.0822229,0.186141,0.301375,0.300586,0.577734,0.032711,0,0,0,0,0,0,0,0,0,0,0,0,0,0,0,0,0,0,0,0,0,0,0,0,0,0,0,0,0,-0.0191175,-0.0817116,-0.026012,0,0,0,-0.14756,0,0,0,0,0,0,0,0,0,0,0,0,0,1.5708,1.5708,0,0,0,0,0,0,0,0,0
1.0731,-0,0,0,2.63482,1.08597,3.06212,2.92969e-05,-4.15039e-05,0.0013876,0.00707064,0.0394447,0.0263585,-0.161246,-0.316501,0.0820061,0.185865,0.3027,0.00234375,0.00195312,0.0330925,0,0,0,1.79772,1.10055,3.08071,35.9543,22.011,61.6143,0,0,0,0,0,0,0,0,719.087,440.219,1232.29,0,0,0,0,0,0,0,0,0,-0.0189,-0.0818855,-0.0260555,0,0,0,-0.148863,0,0,0,0,0,0,0,0,0,0,0,0,0,1.5708,1.5708,0,0,0,0,0,0,0,0,0
1.13556,-0,0,0,2.63482,1.08598,3.06211,-9.76563e-06,0.000224609,-5.72205e-05,0.00678421,0.038254,0.02779,-0.161382,-0.317939,0.0816162,0.186115,0.304122,-0.00078125,0.00532227,-0.0288963,0,0,0,1.79771,1.10054,3.08076,-6.5918e-05,-0.000144043,0.000929832,0,0,0,0,0,0,0,0,-719.088,-440.222,-1232.27,0,0,0,0,0,0,0,0,0,-0.018639,-0.0817116,-0.0265122,0,0,0,-0.150189,0,0,0,0,0,0,0,0,0,0,0,0,0,1.5708,1.5708,0,0,0,0,0,0,0,0,0
1.19812,-0,0,0,2.63481,1.08597,3.0621,-0.000161133,-0.000112305,-0.000243187,0.00767437,0.0390211,0.0259597,-0.161735,-0.318478,0.0805135,0.186515,0.304629,-0.00302734,-0.00673828,-0.00371933,0,0,0,1.79771,1.10054,3.08072,1.46484e-05,-9.52148e-05,-0.00079155,0,0,0,0,0,0,0,0,0.00161133,0.000976562,-0.0344276,0,0,0,0,0,0,0,0,0,-0.0187913,-0.0817985,-0.026447,0,0,0,-0.151511,0,0,0,0,0,0,0,0,0,0,0,0,0,1.5708,1.5708,0,0,0,0,0,0,0,0,0
1.26053,-0,0,0,2.63482,1.08598,3.06209,0.000161133,8.78906e-05,-0.000281334,0.00634584,0.0391343,0.0242602,-0.161508,-0.318231,0.0792067,0.186272,0.304399,0.00644531,0.00400391,-0.000762939,0,0,0,1.79772,1.10055,3.08071,0.000124512,0.000319824,-0.000100136,0,0,0,0,0,0,0,0,0.00219727,0.00830078,0.0138283,0,0,0,0,0,0,0,0,0,-0.0186173,-0.082016,-0.0262947,0,0,0,-0.152826,0,0,0,0,0,0,0,0,0,0,0,0,0,1.5708,1.5708,0,0,0,0,0,0,0,0,0
1.26053,-0,0,0,2.63482,1.08598,3.06209,0.000161133,8.78906e-05,-0.000281334,0.00579867,0.0374193,0.0276489,-0.161184,-0.318343,0.0785775,0.185958,0.304536,0.00644531,0.00400391,-0.000762939,0,0,0,1.79772,1.10055,3.08071,0.000124512,0.000319824,-0.000100136,0,0,0,0,0,0,0,0,0.00219727,0.00830078,0.0138283,0,0,0,0,0,0,0,0,0,-0.018291,-0.0819073,-0.0265122,0,0,0,-0.154151,0,0,0,0,0,0,0,0,0,0,0,0,0,1.5708,1.5708,0,0,0,0,0,0,0,0,0
1.3231,-0,0,0,2.63483,1.08597,3.06205,0.000244141,-0.000114746,-0.000715256,0.00655686,0.0360978,0.0268615,-0.161661,-0.318795,0.0782464,0.186481,0.304942,0.00166016,-0.00405273,-0.00867844,0,0,0,1.79772,1.10056,3.08071,4.39453e-05,0.000117188,-0.000185966,0,0,0,0,0,0,0,0,-0.00161133,-0.00405273,-0.00171661,0,0,0,0,0,0,0,0,0,-0.0184215,-0.0820813,-0.026621,0,0,0,-0.155482,0,0,0,0,0,0,0,0,0,0,0,0,0,1.5708,1.5708,0,0,0,0,0,0,0,0,0
1.38565,-0,0,0,2.63483,1.08597,3.06202,2.44141e-05,-5.85938e-05,-0.000681877,0.00692507,0.0346465,0.0252921,-0.162565,-0.319068,0.0771852,0.187413,0.305136,-0.00439453,0.00112305,0.000667572,0,0,0,1.79772,1.10056,3.08072,-6.83594e-05,-3.17383e-05,0.000348091,0,0,0,0,0,0,0,0,-0.00224609,-0.00297852,0.0106812,0,0,0,0,0,0,0,0,0,-0.018552,-0.0818203,-0.026447,0,0,0,-0.156805,0,0,0,0,0,0,0,0,0,0,0,0,0,1.5708,1.5708,0,0,0,0,0,0,0,0,0
1.4481,-0,0,0,2.63483,1.08598,3.06212,-0.000102539,0.000126953,0.0020647,0.00572785,0.0350227,0.0267241,-0.162541,-0.319224,0.0756052,0.187371,0.305313,-0.00253906,0.00371094,0.0549316,0,0,0,1.79772,1.10055,3.0807,0.00010498,-7.56836e-05,-0.000448227,0,0,0,0,0,0,0,0,0.0034668,-0.000878906,-0.0159264,0,0,0,0,0,0,0,0,0,-0.0185303,-0.0818203,-0.026273,0,0,0,-0.158118,0,0,0,0,0,0,0,0,0,0,0,0,0,1.5708,1.5708,0,0,0,0,0,0,0,0,0
1.51063,-0,0,0,2.63482,1.08598,3.06208,-9.76562e-05,4.15039e-05,-0.00079155,0.0051826,0.0356614,0.0258061,-0.161948,-0.320697,0.0743258,0.186909,0.306821,9.76563e-05,-0.00170898,-0.0571251,0,0,0,1.79772,1.10056,3.0807,0.00010498,7.56836e-05,5.72205e-05,0,0,0,0,0,0,0,0,0.0034668,0.00302734,0.0101089,0,0,0,0,0,0,0,0,0,-0.0182693,-0.0817985,-0.0262512,0,0,0,-0.159431,0,0,0,0,0,0,0,0,0,0,0,0,0,1.5708,1.5708,0,0,0,0,0,0,0,0,0
1.51063,-0,0,0,2.63482,1.08598,3.06208,-9.76562e-05,4.15039e-05,-0.00079155,0.00476828,0.0347332,0.0256709,-0.162069,-0.322833,0.0733109,0.187199,0.30894,9.76563e-05,-0.00170898,-0.0571251,0,0,0,1.79772,1.10056,3.0807,0.00010498,7.56836e-05,5.72205e-05,0,0,0,0,0,0,0,0,0.0034668,0.00302734,0.0101089,0,0,0,0,0,0,0,0,0,-0.0181605,-0.0816028,-0.0264905,0,0,0,-0.160756,0,0,0,0,0,0,0,0,0,0,0,0,0,1.5708,1.5708,0,0,0,0,0,0,0,0,0
1.57312,-0,0,0,2.63483,1.08598,3.06214,0.000151367,2.44141e-05,0.00125885,0.0048762,0.0332838,0.0257974,-0.1622,-0.323107,0.0728873,0.187332,0.309214,0.00498047,-0.000341797,0.041008,0,0,0,1.79773,1.10056,3.08071,1.70898e-05,6.5918e-05,0.000214577,0,0,0,0,0,0,0,0,-0.00175781,-0.000195312,0.00314713,0,0,0,0,0,0,0,0,0,-0.0181605,-0.0814506,-0.026186,0,0,0,-0.162065,0,0,0,0,0,0,0,0,0,0,0,0,0,1.5708,1.5708,0,0,0,0,0,0,0,0,0
1.63554,-0,0,0,2.63482,1.08599,3.06215,-9.27734e-05,0.000117188,0.000104904,0.00446308,0.0332667,0.0261837,-0.161828,-0.322156,0.0731784,0.186884,0.308297,-0.00488281,0.00185547,-0.0230789,0,0,0,1.79772,1.10055,3.08073,-6.83594e-05,-0.000109863,0.000290871,0,0,0,0,0,0,0,0,-0.00170898,-0.00351563,0.00152588,0,0,0,0,0,0,0,0,0,-0.0179648,-0.0815158,-0.0260772,0,0,0,-0.163369,0,0,0,0,0,0,0,0,0,0,0,0,0,1.5708,1.5708,0,0,0,0,0,0,0,0,0
1.69804,-0,0,0,2.63481,1.08598,3.06214,-0.000258789,-3.90625e-05,-0.000166893,0.0060079,0.032728,0.027614,-0.161367,-0.321407,0.0733095,0.186368,0.307586,-0.00332031,-0.003125,-0.00543594,0,0,0,1.79772,1.10055,3.08072,-0.000109863,-3.41797e-05,-0.000157356,0,0,0,0,0,0,0,0,-0.000830078,0.00151367,-0.00896454,0,0,0,0,0,0,0,0,0,-0.0179648,-0.0817333,-0.0264687,0,0,0,-0.164692,0,0,0,0,0,0,0,0,0,0,0,0,0,1.5708,1.5708,0,0,0,0,0,0,0,0,0
1.76055,-0,0,0,2.63481,1.08599,3.06214,-4.88281e-06,7.32422e-05,-4.76837e-05,0.00520397,0.0314094,0.0274796,-0.161197,-0.32046,0.0734349,0.186124,0.306654,0.00507812,0.00224609,0.00238419,0,0,0,1.79772,1.10055,3.08072,4.88281e-05,-1.46484e-05,4.76837e-05,0,0,0,0,0,0,0,0,0.00317383,0.000390625,0.0041008,0,0,0,0,0,0,0,0,0,-0.01803,-0.0816681,-0.0265992,0,0,0,-0.166022,0,0,0,0,0,0,0,0,0,0,0,0,0,1.5708,1.5708,0,0,0,0,0,0,0,0,0
1.76055,-0,0,0,2.63481,1.08599,3.06214,-4.88281e-06,7.32422e-05,-4.76837e-05,0.00583615,0.03244,0.0247337,-0.161159,-0.318571,0.0742308,0.185936,0.304775,0.00507812,0.00224609,0.00238419,0,0,0,1.79772,1.10055,3.08072,4.88281e-05,-1.46484e-05,4.76837e-05,0,0,0,0,0,0,0,0,0.00317383,0.000390625,0.0041008,0,0,0,0,0,0,0,0,0,-0.018291,-0.0816681,-0.0264252,0,0,0,-0.167343,0,0,0,0,0,0,0,0,0,0,0,0,0,1.5708,1.5708,0,0,0,0,0,0,0,0,0
1.82303,-0,0,0,2.63481,1.08598,3.06211,6.83594e-05,-0.000141602,-0.000519753,0.00464174,0.0300769,0.0272088,-0.160896,-0.317009,0.0753492,0.185558,0.303234,0.00146484,-0.00429687,-0.00944138,0,0,0,1.79772,1.10055,3.08072,-3.90625e-05,1.2207e-05,1.90735e-05,0,0,0,0,0,0,0,0,-0.00175781,0.000537109,-0.000572205,0,0,0,0,0,0,0,0,0,-0.0184215,-0.0814288,-0.0266862,0,0,0,-0.168678,0,0,0,0,0,0,0,0,0,0,0,0,0,1.5708,1.5708,0,0,0,0,0,0,0,0,0
1.88556,-0,0,0,2.63482,1.08598,3.06212,0.000136719,8.54492e-05,0.000185966,0.0063182,0.0312386,0.0258983,-0.16137,-0.317275,0.0750373,0.186049,0.303463,0.00136719,0.00454102,0.0141144,0,0,0,1.79773,1.10056,3.0807,0.000212402,0.000119629,-0.00041008,0,0,0,0,0,0,0,0,0.0050293,0.00214844,-0.00858307,0,0,0,0,0,0,0,0,0,-0.018813,-0.0816246,-0.026708,0,0,0,-0.170013,0,0,0,0,0,0,0,0,0,0,0,0,0,1.5708,1.5708,0,0,0,0,0,0,0,0,0
1.94809,-0,0,0,2.63482,1.086,3.06213,-5.85938e-05,0.000219727,0.000109673,0.00512514,0.0291403,0.0257635,-0.162292,-0.31842,0.0727702,0.187057,0.304532,-0.00390625,0.00268555,-0.00152588,0,0,0,1.79773,1.10056,3.0807,7.32422e-05,0.000109863,-1.43051e-05,0,0,0,0,0,0,0,0,-0.0027832,-0.000195313,0.0079155,0,0,0,0,0,0,0,0,0,-0.019074,-0.0814723,-0.0266427,0,0,0,-0.171345,0,0,0,0,0,0,0,0,0,0,0,0,0,1.5708,1.5708,0,0,0,0,0,0,0,0,0
1.94809,-0,0,0,2.63482,1.086,3.06213,-5.85938e-05,0.000219727,0.000109673,0.00445485,0.0295215,0.0266719,-0.162211,-0.3189,0.0702808,0.187014,0.305017,-0.00390625,0.00268555,-0.00152588,0,0,0,1.79773,1.10056,3.0807,7.32422e-05,0.000109863,-1.43051e-05,0,0,0,0,0,0,0,0,-0.0027832,-0.000195313,0.0079155,0,0,0,0,0,0,0,0,0,-0.0189653,-0.0814723,-0.0264905,0,0,0,-0.17267,0,0,0,0,0,0,0,0,0,0,0,0,0,1.5708,1.5708,0,0,0,0,0,0,0,0,0
2.01054,-0,0,0,2.63482,1.08598,3.06207,1.95312e-05,-0.00034668,-0.00116825,0.00286869,0.0278178,0.0256228,-0.161614,-0.319113,0.0678931,0.186454,0.305266,0.0015625,-0.0113281,-0.0255585,0,0,0,1.79772,1.10056,3.08072,-0.000146484,-7.8125e-05,0.000343323,0,0,0,0,0,0,0,0,-0.00439453,-0.00375977,0.00715256,0,0,0,0,0,0,0,0,0,-0.018726,-0.0814071,-0.026186,0,0,0,-0.173979,0,0,0,0,0,0,0,0,0,0,0,0,0,1.5708,1.5708,0,0,0,0,0,0,0,0,0
2.07301,-0,0,0,2.63482,1.08595,3.06207,1.95312e-05,-0.000483398,1.43051e-05,0.00519871,0.0284616,0.0265329,-0.161453,-0.319732,0.0655727,0.186342,0.305896,0.0015625,-0.00273438,0.0236511,0,0,0,1.79772,1.10054,3.0807,-0.000112305,-0.000310059,-0.000433922,0,0,0,0,0,0,0,0,0.000683594,-0.00463867,-0.0155449,0,0,0,0,0,0,0,0,0,-0.0187695,-0.0812766,-0.0264905,0,0,0,-0.175304,0,0,0,0,0,0,0,0,0,0,0,0,0,1.5708,1.5708,0,0,0,0,0,0,0,0,0
2.13553,-0,0,0,2.63484,1.08596,3.06202,0.000341797,0.000153809,-0.00105381,0.00387567,0.0272808,0.0256131,-0.161585,-0.320076,0.0636149,0.186517,0.306218,0.00644531,0.0127441,-0.0213623,0,0,0,1.79772,1.10056,3.08071,6.34766e-05,0.000251465,0.000295639,0,0,0,0,0,0,0,0,0.00351563,0.0112305,0.0145912,0,0,0,0,0,0,0,0,0,-0.0187913,-0.0813418,-0.0262295,0,0,0,-0.176615,0,0,0,0,0,0,0,0,0,0,0,0,0,1.5708,1.5708,0,0,0,0,0,0,0,0,0
2.19801,-0,0,0,2.63483,1.08597,3.06201,-0.000161133,0.000163574,-0.000157356,0.00177102,0.0264913,0.0260005,-0.161145,-0.320203,0.06261,0.186091,0.306379,-0.0100586,0.000195312,0.0179291,0,0,0,1.79772,1.10055,3.08071,1.46484e-05,-9.52148e-05,-9.53674e-06,0,0,0,0,0,0,0,0,-0.000976563,-0.00693359,-0.00610352,0,0,0,0,0,0,0,0,0,-0.0181823,-0.0810808,-0.0262512,0,0,0,-0.177928,0,0,0,0,0,0,0,0,0,0,0,0,0,1.5708,1.5708,0,0,0,0,0,0,0,0,0
2.26053,-0,0,0,2.63482,1.08598,3.06201,-0.000195312,0.000114746,6.19888e-05,0.00410387,0.0266179,0.026518,-0.160274,-0.32029,0.0632382,0.185229,0.306535,-0.000683594,-0.000976562,0.0043869,0,0,0,1.79773,1.10056,3.08071,6.10352e-05,9.52148e-05,-0.000143051,0,0,0,0,0,0,0,0,0.000927734,0.00380859,-0.00267029,0,0,0,0,0,0,0,0,0,-0.0181605,-0.0811896,-0.0263817,0,0,0,-0.179247,0,0,0,0,0,0,0,0,0,0,0,0,0,1.5708,1.5708,0,0,0,0,0,0,0,0,0
2.26053,-0,0,0,2.63482,1.08598,3.06201,-0.000195312,0.000114746,6.19888e-05,0.00265308,0.0267455,0.0258617,-0.160525,-0.320444,0.0645798,0.185492,0.306668,-0.000683594,-0.000976562,0.0043869,0,0,0,1.79773,1.10056,3.08071,6.10352e-05,9.52148e-05,-0.000143051,0,0,0,0,0,0,0,0,0.000927734,0.00380859,-0.00267029,0,0,0,0,0,0,0,0,0,-0.0180083,-0.0812548,-0.0262512,0,0,0,-0.180559,0,0,0,0,0,0,0,0,0,0,0,0,0,1.5708,1.5708,0,0,0,0,0,0,0,0,0
2.32299,-0,0,0,2.63483,1.08596,3.06203,0.000151367,-0.000400391,0.000357628,0.0019866,0.0264826,0.0265107,-0.161639,-0.319844,0.0666641,0.186549,0.305986,0.00693359,-0.0103027,0.00591278,0,0,0,1.79772,1.10055,3.0807,-9.27734e-05,-0.000168457,-1.43051e-05,0,0,0,0,0,0,0,0,-0.00307617,-0.00527344,0.00257492,0,0,0,0,0,0,0,0,0,-0.0180083,-0.0815593,-0.0264035,0,0,0,-0.181879,0,0,0,0,0,0,0,0,0,0,0,0,0,1.5708,1.5708,0,0,0,0,0,0,0,0,0
2.3855,-0,0,0,2.63482,1.08597,3.06211,-3.90625e-05,0.00036377,0.00157833,0.00406267,0.0246523,0.0265072,-0.162502,-0.318444,0.0690061,0.187274,0.304536,-0.00380859,0.0152832,0.0244141,0,0,0,1.79772,1.10056,3.08072,-3.66211e-05,0.000166016,0.00038147,0,0,0,0,0,0,0,0,0.00112305,0.00668945,0.0079155,0,0,0,0,0,0,0,0,0,-0.0179648,-0.0814506,-0.0264035,0,0,0,-0.1832,0,0,0,0,0,0,0,0,0,0,0,0,0,1.5708,1.5708,0,0,0,0,0,0,0,0,0
2.44803,-0,0,0,2.63483,1.08598,3.06216,9.76563e-05,4.88281e-05,0.0010252,0.00444217,0.0263471,0.0245463,-0.163217,-0.317583,0.0704606,0.187903,0.30363,0.00273438,-0.00629883,-0.0110626,0,0,0,1.79772,1.10055,3.08072,6.34766e-05,-7.08008e-05,-3.33786e-05,0,0,0,0,0,0,0,0,0.00200195,-0.00473633,-0.00829697,0,0,0,0,0,0,0,0,0,-0.018204,-0.0818203,-0.0262295,0,0,0,-0.184511,0,0,0,0,0,0,0,0,0,0,0,0,0,1.5708,1.5708,0,0,0,0,0,0,0,0,0
2.44803,-0,0,0,2.63483,1.08598,3.06216,9.76563e-05,4.88281e-05,0.0010252,0.0026032,0.0236079,0.0266296,-0.163917,-0.316712,0.0715495,0.188531,0.302707,0.00273438,-0.00629883,-0.0110626,0,0,0,1.79772,1.10055,3.08072,6.34766e-05,-7.08008e-05,-3.33786e-05,0,0,0,0,0,0,0,0,0.00200195,-0.00473633,-0.00829697,0,0,0,0,0,0,0,0,0,-0.0184868,-0.0818638,-0.0263382,0,0,0,-0.185828,0,0,0,0,0,0,0,0,0,0,0,0,0,1.5708,1.5708,0,0,0,0,0,0,0,0,0
2.5104,-0,0,0,2.63481,1.08598,3.06213,-0.000292969,0.00013916,-0.000576973,0.00376679,0.0242623,0.0267553,-0.164788,-0.315925,0.0733167,0.189345,0.301847,-0.0078125,0.00180664,-0.0320435,0,0,0,1.79772,1.10054,3.08071,-2.92969e-05,-0.000183105,-0.000162125,0,0,0,0,0,0,0,0,-0.00185547,-0.00224609,-0.00257492,0,0,0,0,0,0,0,0,0,-0.0185738,-0.0819943,-0.0263817,0,0,0,-0.187147,0,0,0,0,0,0,0,0,0,0,0,0,0,1.5708,1.5708,0,0,0,0,0,0,0,0,0
2.57303,-0,0,0,2.63483,1.08598,3.06208,0.000219727,7.32422e-06,-0.000920296,0.0028433,0.0246591,0.0260995,-0.165223,-0.315957,0.0752051,0.189796,0.301836,0.0102539,-0.00263672,-0.00686646,0,0,0,1.79772,1.10056,3.08069,8.05664e-05,0.000222168,-0.000386238,0,0,0,0,0,0,0,0,0.00219727,0.00810547,-0.00448227,0,0,0,0,0,0,0,0,0,-0.0187478,-0.0821683,-0.0264252,0,0,0,-0.188468,0,0,0,0,0,0,0,0,0,0,0,0,0,1.5708,1.5708,0,0,0,0,0,0,0,0,0
2.63544,-0,0,0,2.63483,1.08597,3.06213,8.30078e-05,-0.000249023,0.000839233,0.00440027,0.021924,0.0283135,-0.164781,-0.316881,0.0761587,0.189416,0.302801,-0.00273438,-0.00512695,0.0351906,0,0,0,1.79772,1.10055,3.08071,-9.76563e-05,-5.12695e-05,0.000290871,0,0,0,0,0,0,0,0,-0.00356445,-0.00546875,0.0135422,0,0,0,0,0,0,0,0,0,-0.0192915,-0.081929,-0.0267297,0,0,0,-0.189805,0,0,0,0,0,0,0,0,0,0,0,0,0,1.5708,1.5708,0,0,0,0,0,0,0,0,0
2.69797,-0,0,0,2.63483,1.08597,3.06203,-2.92969e-05,-7.8125e-05,-0.00190258,0.00151949,0.0223233,0.0259595,-0.164093,-0.318162,0.0778222,0.18886,0.304114,-0.00224609,0.00341797,-0.0548363,0,0,0,1.79772,1.10056,3.08073,-9.76562e-06,7.8125e-05,0.000367165,0,0,0,0,0,0,0,0,0.00175781,0.00258789,0.00152588,0,0,0,0,0,0,0,0,0,-0.0190088,-0.0820595,-0.0266427,0,0,0,-0.191137,0,0,0,0,0,0,0,0,0,0,0,0,0,1.5708,1.5708,0,0,0,0,0,0,0,0,0
2.76049,-0,0,0,2.63481,1.08599,3.06211,-0.000268555,0.00043457,0.00161171,0.000596691,0.0218114,0.0256936,-0.163759,-0.319172,0.0809322,0.188584,0.305163,-0.00478516,0.0102539,0.0702858,0,0,0,1.79772,1.10056,3.08072,9.76562e-06,1.95312e-05,-0.000171661,0,0,0,0,0,0,0,0,0.000390625,-0.00117187,-0.0107765,0,0,0,0,0,0,0,0,0,-0.0185085,-0.0818203,-0.0268384,0,0,0,-0.192479,0,0,0,0,0,0,0,0,0,0,0,0,0,1.5708,1.5708,0,0,0,0,0,0,0,0,0
2.76049,-0,0,0,2.63481,1.08599,3.06211,-0.000268555,0.00043457,0.00161171,0.00476493,0.0220853,0.0269938,-0.163468,-0.319888,0.0840958,0.18835,0.305899,-0.00478516,0.0102539,0.0702858,0,0,0,1.79772,1.10056,3.08072,9.76562e-06,1.95312e-05,-0.000171661,0,0,0,0,0,0,0,0,0.000390625,-0.00117187,-0.0107765,0,0,0,0,0,0,0,0,0,-0.0190088,-0.0820813,-0.0269037,0,0,0,-0.193824,0,0,0,0,0,0,0,0,0,0,0,0,0,1.5708,1.5708,0,0,0,0,0,0,0,0,0
2.82295,-0,0,0,2.63482,1.08599,3.06215,5.37109e-05,-6.10352e-05,0.000767708,0.00319129,0.0215793,0.0267285,-0.16221,-0.320212,0.0863681,0.18711,0.306329,0.00644531,-0.00991211,-0.01688,0,0,0,1.79772,1.10055,3.0807,7.8125e-05,-0.00012207,-0.000391006,0,0,0,0,0,0,0,0,0.00136719,-0.00283203,-0.0043869,0,0,0,0,0,0,0,0,0,-0.0190523,-0.0821465,-0.0269037,0,0,0,-0.195169,0,0,0,0,0,0,0,0,0,0,0,0,0,1.5708,1.5708,0,0,0,0,0,0,0,0,0
2.88552,-0,0,0,2.63482,1.08599,3.06217,0.000126953,4.15039e-05,0.000305176,0.00200886,0.0198977,0.0258104,-0.160653,-0.320615,0.0880759,0.185585,0.306857,0.00146484,0.00205078,-0.00925064,0,0,0,1.79772,1.10056,3.08072,-2.44141e-05,0.000192871,0.000400543,0,0,0,0,0,0,0,0,-0.00205078,0.00629883,0.015831,0,0,0,0,0,0,0,0,0,-0.0190523,-0.0818638,-0.0268602,0,0,0,-0.196512,0,0,0,0,0,0,0,0,0,0,0,0,0,1.5708,1.5708,0,0,0,0,0,0,0,0,0
2.94803,-0,0,0,2.63483,1.08598,3.06216,4.39453e-05,-0.000158691,-0.00017643,0.00239274,0.0204372,0.026327,-0.159787,-0.320735,0.0894398,0.184734,0.307044,-0.00166016,-0.00400391,-0.00963211,0,0,0,1.79773,1.10056,3.0807,9.0332e-05,-9.27734e-05,-0.000300407,0,0,0,0,0,0,0,0,0.00229492,-0.00571289,-0.014019,0,0,0,0,0,0,0,0,0,-0.0188565,-0.0821248,-0.026534,0,0,0,-0.197839,0,0,0,0,0,0,0,0,0,0,0,0,0,1.5708,1.5708,0,0,0,0,0,0,0,0,0
3.01047,-0,0,0,2.63481,1.08599,3.0621,-0.000292969,0.000192871,-0.00112534,0.000950914,0.0200647,0.0254077,-0.159382,-0.319876,0.089439,0.18428,0.30621,-0.00673828,0.00703125,-0.0189781,0,0,0,1.79772,1.10056,3.08071,-0.00015625,2.44141e-05,4.76837e-05,0,0,0,0,0,0,0,0,-0.00493164,0.00234375,0.00696182,0,0,0,0,0,0,0,0,0,-0.0189,-0.0822553,-0.026447,0,0,0,-0.199161,0,0,0,0,0,0,0,0,0,0,0,0,0,1.5708,1.5708,0,0,0,0,0,0,0,0,0
3.01047,-0,0,0,2.63481,1.08599,3.0621,-0.000292969,0.000192871,-0.00112534,0.000554823,0.0196903,0.0261859,-0.158829,-0.318424,0.0880651,0.183613,0.304806,-0.00673828,0.00703125,-0.0189781,0,0,0,1.79772,1.10056,3.08071,-0.00015625,2.44141e-05,4.76837e-05,0,0,0,0,0,0,0,0,-0.00493164,0.00234375,0.00696182,0,0,0,0,0,0,0,0,0,-0.0190305,-0.0824075,-0.026534,0,0,0,-0.200488,0,0,0,0,0,0,0,0,0,0,0,0,0,1.5708,1.5708,0,0,0,0,0,0,0,0,0
3.07299,-0,0,0,2.63481,1.08598,3.06213,4.88281e-06,-0.00012207,0.000548363,-0.000101913,0.017754,0.0261824,-0.158197,-0.317314,0.0862531,0.182887,0.303755,0.00595703,-0.00629883,0.033474,0,0,0,1.79772,1.10055,3.08069,5.12695e-05,-0.000114746,-0.000309944,0,0,0,0,0,0,0,0,0.00415039,-0.0027832,-0.00715256,0,0,0,0,0,0,0,0,0,-0.0183563,-0.08219,-0.0264035,0,0,0,-0.201808,0,0,0,0,0,0,0,0,0,0,0,0,0,1.5708,1.5708,0,0,0,0,0,0,0,0,0
3.13551,-0,0,0,2.63483,1.08597,3.06204,0.000361328,-0.000366211,-0.00181675,0.00028651,0.0182983,0.0260466,-0.158584,-0.316745,0.0846766,0.183255,0.30314,0.00712891,-0.00488281,-0.0473022,0,0,0,1.79772,1.10055,3.08073,-5.61523e-05,5.12695e-05,0.000810623,0,0,0,0,0,0,0,0,-0.00214844,0.00332031,0.0224113,0,0,0,0,0,0,0,0,0,-0.0180083,-0.0821465,-0.0262947,0,0,0,-0.203123,0,0,0,0,0,0,0,0,0,0,0,0,0,1.5708,1.5708,0,0,0,0,0,0,0,0,0
3.19798,-0,0,0,2.63483,1.08599,3.06212,8.30078e-05,0.000512695,0.00169277,0.00263411,0.016235,0.0266951,-0.15954,-0.316029,0.0827662,0.184125,0.302366,-0.00556641,0.0175781,0.0701904,0,0,0,1.79773,1.10057,3.08071,0.000151367,0.000214844,-0.000424385,0,0,0,0,0,0,0,0,0.00415039,0.00327148,-0.0247002,0,0,0,0,0,0,0,0,0,-0.0182475,-0.0820378,-0.026447,0,0,0,-0.204445,0,0,0,0,0,0,0,0,0,0,0,0,0,1.5708,1.5708,0,0,0,0,0,0,0,0,0
3.19798,-0,0,0,2.63483,1.08599,3.06212,8.30078e-05,0.000512695,0.00169277,-0.000759486,0.0161318,0.0255154,-0.160146,-0.316039,0.0806399,0.18473,0.302328,-0.00556641,0.0175781,0.0701904,0,0,0,1.79773,1.10057,3.08071,0.000151367,0.000214844,-0.000424385,0,0,0,0,0,0,0,0,0.00415039,0.00327148,-0.0247002,0,0,0,0,0,0,0,0,0,-0.0178561,-0.0818203,-0.0263165,0,0,0,-0.205761,0,0,0,0,0,0,0,0,0,0,0,0,0,1.5708,1.5708,0,0,0,0,0,0,0,0,0
3.2605,-0,0,0,2.63483,1.08596,3.06206,-4.88281e-05,-0.000700684,-0.00115871,0.00145841,0.0159021,0.0274669,-0.160976,-0.31701,0.0793017,0.185652,0.303219,-0.00263672,-0.0242676,-0.0570297,0,0,0,1.79772,1.10055,3.08072,-0.000109863,-0.000217285,0.000257492,0,0,0,0,0,0,0,0,-0.00522461,-0.00864258,0.0136375,0,0,0,0,0,0,0,0,0,-0.0180735,-0.0816246,-0.0266645,0,0,0,-0.207094,0,0,0,0,0,0,0,0,0,0,0,0,0,1.5708,1.5708,0,0,0,0,0,0,0,0,0
3.32302,-0,0,0,2.63482,1.08597,3.0621,-0.000219727,0.000332031,0.000777245,0.00237314,0.0135862,0.0264177,-0.162129,-0.317709,0.0782343,0.186845,0.303832,-0.00341797,0.0206543,0.0387192,0,0,0,1.79772,1.10055,3.08069,-5.85937e-05,-0.000148926,-0.000624657,0,0,0,0,0,0,0,0,0.00102539,0.00136719,-0.017643,0,0,0,0,0,0,0,0,0,-0.0185085,-0.0811026,-0.026708,0,0,0,-0.20843,0,0,0,0,0,0,0,0,0,0,0,0,0,1.5708,1.5708,0,0,0,0,0,0,0,0,0
3.38545,-0,0,0,2.63483,1.08598,3.06218,0.000126953,0.000246582,0.00147343,0.00107096,0.017013,0.0273272,-0.163302,-0.318127,0.0767686,0.188025,0.30417,0.00693359,-0.00170898,0.0139236,0,0,0,1.79772,1.10056,3.08072,5.61523e-05,0.000236816,0.000610352,0,0,0,0,0,0,0,0,0.00229492,0.00771484,0.0247002,0,0,0,0,0,0,0,0,0,-0.0188348,-0.0814723,-0.0269037,0,0,0,-0.209775,0,0,0,0,0,0,0,0,0,0,0,0,0,1.5708,1.5708,0,0,0,0,0,0,0,0,0
3.448,-0,0,0,2.63484,1.08596,3.0621,0.000292969,-0.000405273,-0.00159264,0.000422037,0.0146987,0.0265396,-0.163688,-0.318417,0.0749935,0.188458,0.304412,0.00332031,-0.0130371,-0.0613213,0,0,0,1.79772,1.10055,3.08074,-1.95312e-05,-0.000124512,0.000286102,0,0,0,0,0,0,0,0,-0.00151367,-0.00722656,-0.00648499,0,0,0,0,0,0,0,0,0,-0.018987,-0.0813636,-0.0269907,0,0,0,-0.211124,0,0,0,0,0,0,0,0,0,0,0,0,0,1.5708,1.5708,0,0,0,0,0,0,0,0,0
3.5104,-0,0,0,2.63482,1.08599,3.06209,-0.000400391,0.000427246,-3.8147e-05,-0.000227018,0.0156488,0.0266648,-0.16299,-0.318491,0.0742804,0.187768,0.304541,-0.0138672,0.0166504,0.0310898,0,0,0,1.79772,1.10056,3.08071,-9.76562e-06,6.83594e-05,-0.0004673,0,0,0,0,0,0,0,0,0.000195313,0.00385742,-0.0150681,0,0,0,0,0,0,0,0,0,-0.018639,-0.0817551,-0.0269907,0,0,0,-0.212474,0,0,0,0,0,0,0,0,0,0,0,0,0,1.5708,1.5708,0,0,0,0,0,0,0,0,0
3.5104,-0,0,0,2.63482,1.08599,3.06209,-0.000400391,0.000427246,-3.8147e-05,0.00134195,0.0137305,0.0266596,-0.162486,-0.318295,0.0743804,0.18725,0.304386,-0.0138672,0.0166504,0.0310898,0,0,0,1.79772,1.10056,3.08071,-9.76562e-06,6.83594e-05,-0.0004673,0,0,0,0,0,0,0,0,0.000195313,0.00385742,-0.0150681,0,0,0,0,0,0,0,0,0,-0.0191175,-0.081842,-0.0271864,0,0,0,-0.213833,0,0,0,0,0,0,0,0,0,0,0,0,0,1.5708,1.5708,0,0,0,0,0,0,0,0,0
