0,0,0,0,0,0,0,0,0,0,0,0,0,0,0,0,0,0,0,0,0,0,0,0,0,0,0,0,0,0,0,0,0,0,0,0,0,0,0,0,0,0,0,0,0,0,0,0,0,0,0,0,0,0,0,0,0,0,0,0,0,0,0,0,0,0,0,0,0,0,0,0,0,0,0,0,0.881732,0.0143187,0.0490874,0.999998
0,0,0,0,0,0,0,0,0,0,0.0191827,0.0816898,0.0302748,0.000379971,-0.00947005,9.33296,0.000379971,-0.00947005,0,0,0,0,0,0,0,0,0,0,0,0,0,0,0,0,0,0,0,0,0,0,0,0,0,0,0,0,0,0,0,0,-0.00319712,-0.013615,-0.0050458,0,0,0,-0.00025229,0,0,0,0,0,0,0,0,0,0,0,0,0,0,0,0,0,0,0,0.883068,0.014111,0.0490874,0.999998
0,0,0,0,0,0,0,0,0,0,0.0174987,0.0820719,0.0301445,0.00140297,-0.0381725,7.90205,0.00140297,-0.0381725,0,0,0,0,0,0,0,0,0,0,0,0,0,0,0,0,0,0,0,0,0,0,0,0,0,0,0,0,0,0,0,0,-0.00611151,-0.0272952,-0.0100699,0,0,0,-0.000755783,0,0,0,0,0,0,0,-3.14159,-3.14159,-3.14159,0,0,0,0,0,0,0,0,0,0.883068,0.014111,0.0490874,0.999998
0,0,0,0,0,0,0,0,0,0,0.0192188,0.0796836,0.0458053,0.0239022,-0.0967877,6.09085,0.0239022,-0.0967877,0,0,0,0,0,0,0,0,0,0,0,0,0,0,0,0,0,0,0,0,0,0,0,0,0,0,0,0,0,0,0,0,-0.00930864,-0.0405839,-0.0177038,0,0,0,-0.00164097,0,0,0,0,0,0,0,-3.14159,-3.14159,-3.14159,0,0,0,0,0,0,0,0,0,0.883068,0.014111,0.0490874,0.999998
0,0,0,0,0,0,0,0,0,0,0.022181,0.0775981,0.0362782,0.0756366,-0.179636,4.47353,0.0756366,-0.179636,0,0,0,0,0,0,0,0,0,0,0,0,0,0,0,0,0,0,0,0,0,0,0,0,0,0,0,0,0,0,0,0,-0.013006,-0.0535247,-0.0237501,0,0,0,-0.00282848,0,0,0,0,0,0,0,-3.14159,-3.14159,-3.14159,0,0,0,0,0,0,0,0,0,0.881543,0.0139751,0.0490874,0.999998
0,0,0,0,0,0,0,0,0,0,0.0230073,0.0837807,0.0476277,0.109569,-0.246831,2.9333,0.109569,-0.246831,0,0,0,0,0,0,0,0,0,0,0,0,0,0,0,0,0,0,0,0,0,0,0,0,0,0,0,0,0,0,0,0,-0.0168556,-0.0674876,-0.0316885,0,0,0,-0.0044129,0,0,0,0,0,0,0,-3.14159,-3.14159,-3.14159,0,0,0,0,0,0,0,0,0,0.881543,0.0139751,0.0490874,0.999998
0,0,0,0,0,0,0,0,0,0,0.021934,0.0820757,0.0404497,0.110367,-0.278826,1.33101,0.110367,-0.278826,0,0,0,0,0,0,0,0,0,0,0,0,0,0,0,0,0,0,0,0,0,0,0,0,0,0,0,0,0,0,0,0,-0.0205312,-0.0811678,-0.0384307,0,0,0,-0.00633444,0,0,0,0,0,0,0,-3.14159,-3.14159,-3.14159,0,0,0,0,0,0,0,0,0,0.881543,0.0139751,0.0490874,0.999998
0,0,0,0,0,0,0,0,0,0,0.0205337,0.0864137,0.0548065,0.117874,-0.304301,0.138262,0.117874,-0.304301,0,0,0,0,0,0,0,0,0,0,0,0,0,0,0,0,0,0,0,0,0,0,0,0,0,0,0,0,0,0,0,0,-0.0207704,-0.0819725,-0.0425196,0,0,0,-0.00846042,0,0,0,0,0,0,0,-3.14159,-3.14159,-3.14159,0,0,0,0,0,0,0,0,0,0.881543,0.0139751,0.0490874,0.999998
0,0,0,0,0,0,0,0,0,0,0.0219636,0.0756268,0.0546771,0.137495,-0.33675,-0.105109,0.137495,-0.33675,0,0,0,0,0,0,0,0,0,0,0,0,0,0,0,0,0,0,0,0,0,0,0,0,0,0,0,0,0,0,0,0,-0.0215317,-0.0809286,-0.0466084,0,0,0,-0.0107908,0,0,0,0,0,0,0,-3.14159,-3.14159,-3.14159,0,0,0,0,0,0,0,0,0,0.881543,0.0139751,0.0490874,0.999998
0,0,0,0,0,0,0,0,0,0,0.0160576,0.0840746,0.109875,0.127585,-0.322325,0.0706861,0.127585,-0.322325,0,0,0,0,0,0,0,0,0,0,0,0,0,0,0,0,0,0,0,0,0,0,0,0,0,0,0,0,0,0,0,0,-0.0210314,-0.0816898,-0.0572873,0,0,0,-0.0136552,0,0,0,0,0,0,0,-3.14159,-3.14159,-3.14159,0,0,0,0,0,0,0,0,0,0.881543,0.0139751,0.0490874,0.999998
0,0,0,0,0,0,0,0,0,0,0.0170899,0.0770683,0.0933029,0.0591263,-0.289955,0.0655595,0.0591263,-0.289955,0,0,0,0,0,0,0,0,0,0,0,0,0,0,0,0,0,0,0,0,0,0,0,0,0,0,0,0,0,0,0,0,-0.020205,-0.0816463,-0.0667916,0,0,0,-0.0169948,0,0,0,0,0,0,0,-3.14159,-3.14159,-3.14159,0,0,0,0,0,0,0,0,0,0.881543,0.0139751,0.0490874,0.999998
0,0,0,0,0,0,0,0,0,0,0.0171366,0.0802529,0.021796,-0.00669125,-0.313299,-0.00233626,-0.00669125,-0.313299,0,0,0,0,0,0,0,0,0,0,0,0,0,0,0,0,0,0,0,0,0,0,0,0,0,0,0,0,0,0,0,0,-0.0192262,-0.0811243,-0.0624853,0,0,0,-0.0201191,0,0,0,0,0,0,0,-3.14159,-3.14159,-3.14159,0,0,0,0,0,0,0,0,0,0.881543,0.0139751,0.0490874,0.999998
0,0,0,0,0,0,0,0,0,0,0.0175906,0.0762064,0.0150142,-0.00707548,-0.357551,0.0118423,-0.00707548,-0.357551,0,0,0,0,0,0,0,0,0,0,0,0,0,0,0,0,0,0,0,0,0,0,0,0,0,0,0,0,0,0,0,0,-0.0184868,-0.0802109,-0.0582442,0,0,0,-0.0230313,0,0,0,0,0,0,0,-3.14159,-3.14159,-3.14159,0,0,0,0,0,0,0,0,0,0.881543,0.0139751,0.0490874,0.999998
0,0,0,0,0,0,0,0,0,0,0.0261812,0.0818849,-0.429844,0.0257292,-0.388854,0.0569581,0.0257292,-0.388854,0,0,0,0,0,0,0,0,0,0,0,0,0,0,0,0,0,0,0,0,0,0,0,0,0,0,0,0,0,0,0,0,-0.019422,-0.0795149,0.0225321,0,0,0,-0.0219047,0,0,0,0,0,0,0,-3.14159,-3.14159,-3.14159,0,0,0,0,0,0,0,0,0,0.882459,0.0138132,0.0490874,0.999998
0,0,0,0,0,0,0,0,0,0,0.0324804,0.0688678,-1.21034,0.0717424,-0.444834,0.0817372,0.0717424,-0.444834,0,0,0,0,0,0,0,0,0,0,0,0,0,0,0,0,0,0,0,0,0,0,0,0,0,0,0,0,0,0,0,0,-0.0211837,-0.0784492,0.233368,0,0,0,-0.0102362,0,0,0,0,0,0,0,-3.14159,-3.14159,-3.14159,0,0,0,0,0,0,0,0,0,0.882459,0.0138132,0.0490874,0.999998
0,0,0,0,0,0,0,0,0,0,0.0311886,0.064571,-1.2936,0.124483,-0.475473,0.118336,0.124483,-0.475473,0,0,0,0,0,0,0,0,0,0,0,0,0,0,0,0,0,0,0,0,0,0,0,0,0,0,0,0,0,0,0,0,-0.0237283,-0.0752521,0.46728,0,0,0,0.0131278,0,0,0,0,0,0,0,-3.14159,-3.14159,-3.14159,0,0,0,0,0,0,0,0,0,0.882459,0.0138132,0.0490874,0.999998
0,0,0,0,0,0,0,0,0,0,0.0239294,0.0694219,-0.797588,0.198721,-0.310957,0.164241,0.198721,-0.310957,0,0,0,0,0,0,0,0,0,0,0,0,0,0,0,0,0,0,0,0,0,0,0,0,0,0,0,0,0,0,0,0,-0.0249028,-0.0740341,0.615762,0,0,0,0.0439159,0,0,0,0,0,0,0,-3.14159,-3.14159,-3.14159,0,0,0,0,0,0,0,0,0,0.882459,0.0138132,0.0490874,0.999998
0,0,0,0,0,0,0,0,0,0,0.0217861,0.0794839,-0.286957,0.277592,-0.0425262,0.153577,0.277592,-0.0425262,0,0,0,0,0,0,0,0,0,0,0,0,0,0,0,0,0,0,0,0,0,0,0,0,0,0,0,0,0,0,0,0,-0.0257292,-0.0740341,0.66722,0,0,0,0.0772769,0,0,0,0,0,0,0,-3.14159,-3.14159,-3.14159,0,0,0,0,0,0,0,0,0,0.882459,0.0138132,0.0490874,0.999998
0,0,0,0,0,0,0,0,0,0,0.0186163,0.0795862,0.000920999,0.279556,0.0953239,0.0913362,0.279556,0.0953239,0,0,0,0,0,0,0,0,0,0,0,0,0,0,0,0,0,0,0,0,0,0,0,0,0,0,0,0,0,0,0,0,-0.0259685,-0.0748171,0.669569,0,0,0,0.110755,0,0,0,0,0,0,0,-3.14159,-3.14159,-3.14159,0,0,0,0,0,0,0,0,0,0.882459,0.0138132,0.0490874,0.999998
0,0,0,0,0,0,0,0,0,0,0.0170996,0.0782985,0.037734,0.201254,0.129121,0.0709813,0.201254,0.129121,0,0,0,0,0,0,0,0,0,0,0,0,0,0,0,0,0,0,0,0,0,0,0,0,0,0,0,0,0,0,0,0,-0.0245113,-0.0744691,0.591642,0,0,0,0.140337,0,0,0,0,0,0,0,-3.14159,-3.14159,-3.14159,0,0,0,0,0,0,0,0,0,0.882459,0.0138132,0.0490874,0.999998
0,0,0,0,0,0,0,0,0,0,0.0162913,0.0778124,0.035534,0.110601,0.190875,0.0899611,0.110601,0.190875,0,0,0,0,0,0,0,0,0,0,0,0,0,0,0,0,0,0,0,0,0,0,0,0,0,0,0,0,0,0,0,0,-0.0218361,-0.076209,0.384003,0,0,0,0.159538,0,0,0,0,0,0,0,-3.14159,-3.14159,-3.14159,0,0,0,0,0,0,0,0,0,0.882459,0.0138132,0.0490874,0.999998
0,0,0,0,0,0,0,0,0,0,0.0176412,0.079131,0.0260215,0.0592647,0.218397,0.062062,0.0592647,0.218397,0,0,0,0,0,0,0,0,0,0,0,0,0,0,0,0,0,0,0,0,0,0,0,0,0,0,0,0,0,0,0,0,-0.0195742,-0.0789059,0.164076,0,0,0,0.167741,0,0,0,0,0,0,0,-3.14159,-3.14159,-3.14159,0,0,0,0,0,0,0,0,0,0.882459,0.0138132,0.0490874,0.999998
0,0,0,0,0,0,0,0,0,0,0.0172127,0.0803937,0.0315078,0.024896,0.0781148,0.00788949,0.024896,0.0781148,0,0,0,0,0,0,0,0,0,0,0,0,0,0,0,0,0,0,0,0,0,0,0,0,0,0,0,0,0,0,0,0,-0.0184433,-0.0810156,0.0259032,0,0,0,0.169037,0,0,0,0,0,0,0,-3.14159,-3.14159,-3.14159,0,0,0,0,0,0,0,0,0,0.882459,0.0138132,0.0490874,0.999998
0,0,0,0,0,0,0,0,0,0,0.018089,0.0780749,0.0362121,-0.0101682,-0.114021,-0.0128988,-0.0101682,-0.114021,0,0,0,0,0,0,0,0,0,0,0,0,0,0,0,0,0,0,0,0,0,0,0,0,0,0,0,0,0,0,0,0,-0.0178126,-0.0810156,-0.0279477,0,0,0,0.167639,0,0,0,0,0,0,0,-3.14159,-3.14159,-3.14159,0,0,0,0,0,0,0,0,0,0.874345,0.0046155,0,0.999999
0,0,0,0,0,0,0,0,0,0,0.0174306,0.0772978,0.0334806,-0.00658053,-0.202131,-0.00199665,-0.00658053,-0.202131,0,0,0,0,0,0,0,0,0,0,0,0,0,0,0,0,0,0,0,0,0,0,0,0,0,0,0,0,0,0,0,0,-0.0175951,-0.0808198,-0.0333632,0,0,0,0.165971,0,0,0,0,0,0,0,-3.14159,-3.14159,-3.14159,0,0,0,0,0,0,0,0,0,0.874345,0.0046155,0,0.999999
0,0,0,0,0,0,0,0,0,0,0.0189982,0.0792899,0.0287929,0.0360297,-0.209384,0.0122969,0.0360297,-0.209384,0,0,0,0,0,0,0,0,0,0,0,0,0,0,0,0,0,0,0,0,0,0,0,0,0,0,0,0,0,0,0,0,-0.0178995,-0.0811678,-0.0318625,0,0,0,0.164378,0,0,0,0,0,0,0,-3.14159,-3.14159,-3.14159,0,0,0,0,0,0,0,0,0,0.874345,0.0046155,0,0.999999
0,0,0,0,0,0,0,0,0,0,0.0174283,0.0773855,0.0327163,0.0623921,-0.190409,0.014343,0.0623921,-0.190409,0,0,0,0,0,0,0,0,0,0,0,0,0,0,0,0,0,0,0,0,0,0,0,0,0,0,0,0,0,0,0,0,-0.0180953,-0.0812983,-0.031384,0,0,0,0.162809,0,0,0,0,0,0,0,-3.14159,-3.14159,-3.14159,0,0,0,0,0,0,0,0,0,0.874345,0.0046155,0,0.999999
0,0,0,0,0,0,0,0,0,0,0.0186035,0.0767612,0.0292023,0.0501709,-0.173556,0.0111599,0.0501709,-0.173556,0,0,0,0,0,0,0,0,0,0,0,0,0,0,0,0,0,0,0,0,0,0,0,0,0,0,0,0,0,0,0,0,-0.0182693,-0.0811243,-0.031906,0,0,0,0.161213,0,0,0,0,0,0,0,-3.14159,-3.14159,-3.14159,0,0,0,0,0,0,0,0,0,0.874345,0.0046155,0,0.999999
0,0,0,0,0,0,0,0,0,0,0.0171615,0.0772912,0.028819,0.0307413,-0.179326,0.0114227,0.0307413,-0.179326,0,0,0,0,0,0,0,0,0,0,0,0,0,0,0,0,0,0,0,0,0,0,0,0,0,0,0,0,0,0,0,0,-0.0182693,-0.0808416,-0.0314493,0,0,0,0.159641,0,0,0,0,0,0,0,-3.14159,-3.14159,-3.14159,0,0,0,0,0,0,0,0,0,0.874345,0.0046155,0,0.999999
0,0,0,0,0,0,0,0,0,0,0.0178021,0.0797771,0.0301332,0.0215267,-0.199842,0.0208543,0.0215267,-0.199842,0,0,0,0,0,0,0,0,0,0,0,0,0,0,0,0,0,0,0,0,0,0,0,0,0,0,0,0,0,0,0,0,-0.0182258,-0.0813636,-0.0304271,0,0,0,0.15812,0,0,0,0,0,0,0,-3.14159,-3.14159,-3.14159,0,0,0,0,0,0,0,0,0,0.874345,0.0046155,0,0.999999
0,0,0,0,0,0,0,0,0,0,0.0175284,0.0770418,0.0304044,0.0159748,-0.207094,0.0308638,0.0159748,-0.207094,0,0,0,0,0,0,0,0,0,0,0,0,0,0,0,0,0,0,0,0,0,0,0,0,0,0,0,0,0,0,0,0,-0.0182475,-0.0815593,-0.0299051,0,0,0,0.156624,0,0,0,0,0,0,0,-3.14159,-3.14159,-3.14159,0,0,0,0,0,0,0,0,0,0.874345,0.0046155,0,0.999999
0,0,0,0,0,0,0,0,0,0,0.0176498,0.0759914,0.0315889,0.0116808,-0.201528,0.0324315,0.0116808,-0.201528,0,0,0,0,0,0,0,0,0,0,0,0,0,0,0,0,0,0,0,0,0,0,0,0,0,0,0,0,0,0,0,0,-0.01803,-0.0812548,-0.0303618,0,0,0,0.155106,0,0,0,0,0,0,0,-3.14159,-3.14159,-3.14159,0,0,0,0,0,0,0,0,0,0.874345,0.0046155,0,0.999999
0,0,0,0,0,0,0,0,0,0,0.0184177,0.0768925,0.0288574,0.0114642,-0.202184,0.031971,0.0114642,-0.202184,0,0,0,0,0,0,0,0,0,0,0,0,0,0,0,0,0,0,0,0,0,0,0,0,0,0,0,0,0,0,0,0,-0.018204,-0.0814288,-0.0297093,0,0,0,0.153621,0,0,0,0,0,0,0,-3.14159,-3.14159,-3.14159,0,0,0,0,0,0,0,0,0,0.895435,0.225807,0.245437,0.99997
0,0,0,0,0,0,0,0,0,0,0.0172231,0.0751822,0.0306914,0.0118794,-0.207552,0.0332804,0.0118794,-0.207552,0,0,0,0,0,0,0,0,0,0,0,0,0,0,0,0,0,0,0,0,0,0,0,0,0,0,0,0,0,0,0,0,-0.0179865,-0.0814288,-0.0299486,0,0,0,0.152123,0,0,0,0,0,0,0,-3.14159,-3.14159,-3.14159,0,0,0,0,0,0,0,0,0,0.895435,0.225807,0.245437,0.99997
0,0,0,0,0,0,0,0,0,0,0.0177221,0.0755492,0.0322669,0.00969524,-0.208404,0.0354931,0.00969524,-0.208404,0,0,0,0,0,0,0,0,0,0,0,0,0,0,0,0,0,0,0,0,0,0,0,0,0,0,0,0,0,0,0,0,-0.0180953,-0.0814071,-0.0305141,0,0,0,0.150598,0,0,0,0,0,0,0,-3.14159,-3.14159,-3.14159,0,0,0,0,0,0,0,0,0,0.895435,0.225807,0.245437,0.99997
0,0,0,0,0,0,0,0,0,0,0.0183486,0.0749903,0.0291435,0.00833794,-0.206694,0.0369052,0.00833794,-0.206694,0,0,0,0,0,0,0,0,0,0,0,0,0,0,0,0,0,0,0,0,0,0,0,0,0,0,0,0,0,0,0,0,-0.018204,-0.0808851,-0.0303401,0,0,0,0.149081,0,0,0,0,0,0,0,-3.14159,-3.14159,-3.14159,0,0,0,0,0,0,0,0,0,0.895435,0.225807,0.245437,0.99997
0,0,0,0,0,0,0,0,0,0,0.0187142,0.0772964,0.0294131,0.00862501,-0.205496,0.036321,0.00862501,-0.205496,0,0,0,0,0,0,0,0,0,0,0,0,0,0,0,0,0,0,0,0,0,0,0,0,0,0,0,0,0,0,0,0,-0.0184215,-0.0812113,-0.0301661,0,0,0,0.147572,0,0,0,0,0,0,0,-3.14159,-3.14159,-3.14159,0,0,0,0,0,0,0,0,0,0.895435,0.225807,0.245437,0.99997
0,0,0,0,0,0,0,0,0,0,0.0180337,0.0748968,0.0312489,0.00751337,-0.200703,0.0354064,0.00751337,-0.200703,0,0,0,0,0,0,0,0,0,0,0,0,0,0,0,0,0,0,0,0,0,0,0,0,0,0,0,0,0,0,0,0,-0.0185085,-0.0813201,-0.0301008,0,0,0,0.146067,0,0,0,0,0,0,0,-3.14159,-3.14159,-3.14159,0,0,0,0,0,0,0,0,0,0.895435,0.225807,0.245437,0.99997
0,0,0,0,0,0,0,0,0,0,0.0172215,0.0740503,0.0316494,0.00533043,-0.19366,0.0353897,0.00533043,-0.19366,0,0,0,0,0,0,0,0,0,0,0,0,0,0,0,0,0,0,0,0,0,0,0,0,0,0,0,0,0,0,0,0,-0.0183345,-0.0811461,-0.0305576,0,0,0,0.144539,0,0,0,0,0,0,0,-3.14159,-3.14159,-3.14159,0,0,0,0,0,0,0,0,0,0.895435,0.225807,0.245437,0.99997
0,0,0,0,0,0,0,0,0,0,0.0173197,0.0726786,0.0285253,0.00417665,-0.192261,0.035459,0.00417665,-0.192261,0,0,0,0,0,0,0,0,0,0,0,0,0,0,0,0,0,0,0,0,0,0,0,0,0,0,0,0,0,0,0,0,-0.018378,-0.0810373,-0.0301878,0,0,0,0.14303,0,0,0,0,0,0,0,-3.14159,-3.14159,-3.14159,0,0,0,0,0,0,0,0,0,0.895435,0.225807,0.245437,0.99997
0,0,0,0,0,0,0,0,0,0,0.0178053,0.0727458,0.0304906,0.00370355,-0.19309,0.0349357,0.00370355,-0.19309,0,0,0,0,0,0,0,0,0,0,0,0,0,0,0,0,0,0,0,0,0,0,0,0,0,0,0,0,0,0,0,0,-0.0184215,-0.0808851,-0.0298833,0,0,0,0.141536,0,0,0,0,0,0,0,-3.14159,-3.14159,-3.14159,0,0,0,0,0,0,0,0,0,0.895435,0.225807,0.245437,0.99997
0,0,0,0,0,0,0,0,0,0,0.017505,0.0712369,0.0319331,0.00358,-0.19181,0.0337839,0.00358,-0.19181,0,0,0,0,0,0,0,0,0,0,0,0,0,0,0,0,0,0,0,0,0,0,0,0,0,0,0,0,0,0,0,0,-0.0183128,-0.0805806,-0.0303401,0,0,0,0.140019,0,0,0,0,0,0,0,-3.14159,-3.14159,-3.14159,0,0,0,0,0,0,0,0,0,0.895435,0.225807,0.245437,0.99997
0,0,0,0,0,0,0,0,0,0,0.0170724,0.071283,0.0292004,0.00445034,-0.193743,0.0330845,0.00445034,-0.193743,0,0,0,0,0,0,0,0,0,0,0,0,0,0,0,0,0,0,0,0,0,0,0,0,0,0,0,0,0,0,0,0,-0.0180735,-0.0799064,-0.0302966,0,0,0,0.138504,0,0,0,0,0,0,0,-3.14159,-3.14159,-3.14159,0,0,0,0,0,0,0,0,0,0.896622,0.22574,0.245437,0.999969
0,0,0,0,0,0,0,0,0,0,0.0189862,0.0727655,0.0318189,0.00596219,-0.19975,0.0334575,0.00596219,-0.19975,0,0,0,0,0,0,0,0,0,0,0,0,0,0,0,0,0,0,0,0,0,0,0,0,0,0,0,0,0,0,0,0,-0.0182693,-0.0798846,-0.0303836,0,0,0,0.136985,0,0,0,0,0,0,0,-3.14159,-3.14159,-3.14159,0,0,0,0,0,0,0,0,0,0.896622,0.22574,0.245437,0.999969
0,0,0,0,0,0,0,0,0,0,0.0177678,0.0703275,0.0315652,0.00698201,-0.202692,0.0339575,0.00698201,-0.202692,0,0,0,0,0,0,0,0,0,0,0,0,0,0,0,0,0,0,0,0,0,0,0,0,0,0,0,0,0,0,0,0,-0.0183998,-0.0796019,-0.0303618,0,0,0,0.135467,0,0,0,0,0,0,0,-3.14159,-3.14159,-3.14159,0,0,0,0,0,0,0,0,0,0.896622,0.22574,0.245437,0.999969
0,0,0,0,0,0,0,0,0,0,0.017199,0.0723158,0.0315743,0.00719027,-0.20096,0.0343027,0.00719027,-0.20096,0,0,0,0,0,0,0,0,0,0,0,0,0,0,0,0,0,0,0,0,0,0,0,0,0,0,0,0,0,0,0,0,-0.0184215,-0.0798846,-0.030862,0,0,0,0.133924,0,0,0,0,0,0,0,-3.14159,-3.14159,-3.14159,0,0,0,0,0,0,0,0,0,0.896622,0.22574,0.245437,0.999969
0,0,0,0,0,0,0,0,0,0,0.0188455,0.0701228,0.0292325,0.00713221,-0.201215,0.0352691,0.00713221,-0.201215,0,0,0,0,0,0,0,0,0,0,0,0,0,0,0,0,0,0,0,0,0,0,0,0,0,0,0,0,0,0,0,0,-0.018639,-0.0797976,-0.0306446,0,0,0,0.132391,0,0,0,0,0,0,0,-3.14159,-3.14159,-3.14159,0,0,0,0,0,0,0,0,0,0.896622,0.22574,0.245437,0.999969
0,0,0,0,0,0,0,0,0,0,0.0160517,0.0723652,0.0310664,0.00665805,-0.202944,0.0380159,0.00665805,-0.202944,0,0,0,0,0,0,0,0,0,0,0,0,0,0,0,0,0,0,0,0,0,0,0,0,0,0,0,0,0,0,0,0,-0.0184433,-0.0803414,-0.0304923,0,0,0,0.130867,0,0,0,0,0,0,0,-3.14159,-3.14159,-3.14159,0,0,0,0,0,0,0,0,0,0.896622,0.22574,0.245437,0.999969
0,0,0,0,0,0,0,0,0,0,0.0158657,0.0702944,0.0313345,0.00617113,-0.200913,0.0415328,0.00617113,-0.200913,0,0,0,0,0,0,0,0,0,0,0,0,0,0,0,0,0,0,0,0,0,0,0,0,0,0,0,0,0,0,0,0,-0.018291,-0.0805371,-0.0308403,0,0,0,0.129325,0,0,0,0,0,0,0,-3.14159,-3.14159,-3.14159,0,0,0,0,0,0,0,0,0,0.896622,0.22574,0.245437,0.999969
0,0,0,0,0,0,0,0,0,0,0.0167203,0.0709569,0.0306899,0.00680782,-0.198599,0.0433706,0.00680782,-0.198599,0,0,0,0,0,0,0,0,0,0,0,0,0,0,0,0,0,0,0,0,0,0,0,0,0,0,0,0,0,0,0,0,-0.0179648,-0.0806023,-0.0306446,0,0,0,0.127793,0,0,0,0,0,0,0,-3.14159,-3.14159,-3.14159,0,0,0,0,0,0,0,0,0,0.896622,0.22574,0.245437,0.999969
0,0,0,0,0,0,0,0,0,0,0.0158749,0.0717462,0.0301747,0.00747594,-0.199942,0.0435272,0.00747594,-0.199942,0,0,0,0,0,0,0,0,0,0,0,0,0,0,0,0,0,0,0,0,0,0,0,0,0,0,0,0,0,0,0,0,-0.0177038,-0.0812113,-0.0304053,0,0,0,0.126272,0,0,0,0,0,0,0,-3.14159,-3.14159,-3.14159,0,0,0,0,0,0,0,0,0,0.896403,0.225763,0.245437,0.999971
0,0,0,0,0,0,0,0,0,0,0.0172462,0.0697923,0.0313559,0.00751284,-0.202122,0.0427442,0.00751284,-0.202122,0,0,0,0,0,0,0,0,0,0,0,0,0,0,0,0,0,0,0,0,0,0,0,0,0,0,0,0,0,0,0,0,-0.0177691,-0.0811678,-0.0303618,0,0,0,0.124754,0,0,0,0,0,0,0,-3.14159,-3.14159,-3.14159,0,0,0,0,0,0,0,0,0,0.894791,0.226409,0.245437,0.999968
0,0,0,0,0,0,0,0,0,0,0.0165304,0.0693987,0.0307103,0.00812892,-0.202388,0.0405836,0.00812892,-0.202388,0,0,0,0,0,0,0,0,0,0,0,0,0,0,0,0,0,0,0,0,0,0,0,0,0,0,0,0,0,0,0,0,-0.0174428,-0.0814288,-0.0306011,0,0,0,0.123224,0,0,0,0,0,0,0,-3.14159,-3.14159,-3.14159,0,0,0,0,0,0,0,0,0,0.896369,0.225866,0.245437,0.99997
0,0,0,0,0,0,0,0,0,0,0.0168539,0.0691291,0.0299339,0.00899945,-0.201985,0.0371229,0.00899945,-0.201985,0,0,0,0,0,0,0,0,0,0,0,0,0,0,0,0,0,0,0,0,0,0,0,0,0,0,0,0,0,0,0,0,-0.0176386,-0.0812766,-0.0304053,0,0,0,0.121704,0,0,0,0,0,0,0,-3.14159,-3.14159,-3.14159,0,0,0,0,0,0,0,0,0,0.897599,0.22638,0.245437,0.999971
0,0,0,0,0,0,0,0,0,0,0.0175668,0.0672867,0.0307239,0.00860146,-0.202436,0.0340154,0.00860146,-0.202436,0,0,0,0,0,0,0,0,0,0,0,0,0,0,0,0,0,0,0,0,0,0,0,0,0,0,0,0,0,0,0,0,-0.0179865,-0.0811678,-0.0302966,0,0,0,0.120189,0,0,0,0,0,0,0,-3.14159,-3.14159,-3.14159,0,0,0,0,0,0,0,0,0,0.896031,0.225722,0.245437,0.999969
0,0,0,0,0,0,0,0,0,0,0.0152762,0.069356,0.0300782,0.0070199,-0.202534,0.0326508,0.0070199,-0.202534,0,0,0,0,0,0,0,0,0,0,0,0,0,0,0,0,0,0,0,0,0,0,0,0,0,0,0,0,0,0,0,0,-0.0178126,-0.0812983,-0.0301878,0,0,0,0.11868,0,0,0,0,0,0,0,-3.14159,-3.14159,-3.14159,0,0,0,0,0,0,0,0,0,0.897006,0.225568,0.245437,0.999969
0,0,0,0,0,0,0,0,0,0,0.0176833,0.067767,0.0319094,0.00588982,-0.201346,0.0312549,0.00588982,-0.201346,0,0,0,0,0,0,0,0,0,0,0,0,0,0,0,0,0,0,0,0,0,0,0,0,0,0,0,0,0,0,0,0,-0.0181823,-0.0810373,-0.0304706,0,0,0,0.117156,0,0,0,0,0,0,0,-3.14159,-3.14159,-3.14159,0,0,0,0,0,0,0,0,0,0.895995,0.225702,0.245437,0.999971
0,0,0,0,0,0,0,0,0,0,0.0152585,0.0676088,0.0312609,0.00548891,-0.200014,0.0293846,0.00548891,-0.200014,0,0,0,0,0,0,0,0,0,0,0,0,0,0,0,0,0,0,0,0,0,0,0,0,0,0,0,0,0,0,0,0,-0.0179213,-0.0810808,-0.0304488,0,0,0,0.115634,0,0,0,0,0,0,0,-3.14159,-3.14159,-3.14159,0,0,0,0,0,0,0,0,0,0.895995,0.225702,0.245437,0.999971
0,0,0,0,0,0,0,0,0,0,0.0157001,0.06549,0.0316552,0.00489363,-0.200013,0.0295072,0.00489363,-0.200013,0,0,0,0,0,0,0,0,0,0,0,0,0,0,0,0,0,0,0,0,0,0,0,0,0,0,0,0,0,0,0,0,-0.0178561,-0.0808416,-0.0306011,0,0,0,0.114104,0,0,0,0,0,0,0,-3.14159,-3.14159,-3.14159,0,0,0,0,0,0,0,0,0,0.895995,0.225702,0.245437,0.999971
0,0,0,0,0,0,0,0,0,0,0.0162701,0.0654576,0.0304859,0.0044363,-0.20071,0.0310849,0.0044363,-0.20071,0,0,0,0,0,0,0,0,0,0,0,0,0,0,0,0,0,0,0,0,0,0,0,0,0,0,0,0,0,0,0,0,-0.0178343,-0.0806458,-0.030688,0,0,0,0.112569,0,0,0,0,0,0,0,-3.14159,-3.14159,-3.14159,0,0,0,0,0,0,0,0,0,0.895995,0.225702,0.245437,0.999971
0,0,0,0,0,0,0,0,0,0,0.0157927,0.0676393,0.0306215,0.00491841,-0.201148,0.0317361,0.00491841,-0.201148,0,0,0,0,0,0,0,0,0,0,0,0,0,0,0,0,0,0,0,0,0,0,0,0,0,0,0,0,0,0,0,0,-0.0176168,-0.0811243,-0.0306663,0,0,0,0.111036,0,0,0,0,0,0,0,-3.14159,-3.14159,-3.14159,0,0,0,0,0,0,0,0,0,0.895995,0.225702,0.245437,0.999971
0,0,0,0,0,0,0,0,0,0,0.0146613,0.0661618,0.0307579,0.00613679,-0.201818,0.0307055,0.00613679,-0.201818,0,0,0,0,0,0,0,0,0,0,0,0,0,0,0,0,0,0,0,0,0,0,0,0,0,0,0,0,0,0,0,0,-0.0175951,-0.0810156,-0.030775,0,0,0,0.109497,0,0,0,0,0,0,0,-3.14159,-3.14159,-3.14159,0,0,0,0,0,0,0,0,0,0.895995,0.225702,0.245437,0.999971
0,0,0,0,0,0,0,0,0,0,0.0174431,0.0649423,0.0314159,0.00704784,-0.202093,0.0301553,0.00704784,-0.202093,0,0,0,0,0,0,0,0,0,0,0,0,0,0,0,0,0,0,0,0,0,0,0,0,0,0,0,0,0,0,0,0,-0.0176386,-0.0809721,-0.030688,0,0,0,0.107963,0,0,0,0,0,0,0,-3.14159,-3.14159,-3.14159,0,0,0,0,0,0,0,0,0,0.895995,0.225702,0.245437,0.999971
0,0,0,0,0,0,0,0,0,0,0.012917,0.0641087,0.0312908,0.00678034,-0.200926,0.0308875,0.00678034,-0.200926,0,0,0,0,0,0,0,0,0,0,0,0,0,0,0,0,0,0,0,0,0,0,0,0,0,0,0,0,0,0,0,0,-0.0173341,-0.0808198,-0.030688,0,0,0,0.106428,0,0,0,0,0,0,0,-3.14159,-3.14159,-3.14159,0,0,0,0,0,0,0,0,0,0.895995,0.225702,0.245437,0.999971
0,0,0,0,0,0,0,0,0,0,0.0142612,0.0639231,0.0315565,0.0061856,-0.199359,0.0305142,0.0061856,-0.199359,0,0,0,0,0,0,0,0,0,0,0,0,0,0,0,0,0,0,0,0,0,0,0,0,0,0,0,0,0,0,0,0,-0.0171818,-0.0809938,-0.0306663,0,0,0,0.104895,0,0,0,0,0,0,0,-3.14159,-3.14159,-3.14159,0,0,0,0,0,0,0,0,0,0.895995,0.225702,0.245437,0.999971
0,0,0,0,0,0,0,0,0,0,0.0161257,0.0632136,0.0310402,0.00628995,-0.200115,0.0295702,0.00628995,-0.200115,0,0,0,0,0,0,0,0,0,0,0,0,0,0,0,0,0,0,0,0,0,0,0,0,0,0,0,0,0,0,0,0,-0.0172471,-0.0810591,-0.0307533,0,0,0,0.103357,0,0,0,0,0,0,0,-3.14159,-3.14159,-3.14159,0,0,0,0,0,0,0,0,0,0.895995,0.225702,0.245437,0.999971
0,0,0,0,0,0,0,0,0,0,0.0153753,0.064985,0.0297402,0.00642122,-0.20205,0.0291374,0.00642122,-0.20205,0,0,0,0,0,0,1.83853,1.24991,3.12899,36.7706,24.9983,62.5798,0,0,0,0,0,0,0,0,735.413,499.966,1251.6,0,0,0,0,0,0,0,0,0,-0.0172688,-0.0810591,-0.0306011,0,0,0,0.101827,0,0,0,0,0,0,0,-3.14159,-3.14159,-3.14159,0,0,0,0,0,0,0,0,0,0.895995,0.225702,0.245437,0.999971
0,0,0,0,0,0,0,0,0,0,0.0156672,0.0634912,0.0305282,0.00596489,-0.201715,0.029007,0.00596489,-0.201715,0,0,0,0,0,0,1.83852,1.24993,3.12898,-0.00027832,0.000256348,-0.000157356,0,0,0,0,0,0,0,0,-735.418,-499.961,-1251.6,0,0,0,0,0,0,0,0,0,-0.0175298,-0.0810591,-0.0305576,0,0,0,0.100299,0,0,0,0,0,0,0,-3.14159,-3.14159,-3.14159,0,0,0,0,0,0,0,0,0,0.895995,0.225702,0.245437,0.999971
0,0,0,0,0,0,0,0,0,0,0.0163512,0.0617281,0.031578,0.00570854,-0.200624,0.0292567,0.00570854,-0.200624,0,0,0,0,0,0,1.83851,1.24992,3.12895,-0.000136719,-0.000148926,-0.000658035,0,0,0,0,0,0,0,0,0.00283203,-0.00810547,-0.0100136,0,0,0,0,0,0,0,0,0,-0.0174428,-0.0809721,-0.0305793,0,0,0,0.0987705,0,0,0,0,0,0,0,-3.14159,-3.14159,-3.14159,0,0,0,0,0,0,0,0,0,0.895995,0.225702,0.245437,0.999971
0,0,0,0,0,0,0,0,0,0,0.0150739,0.0611353,0.0314515,0.00642986,-0.201207,0.0294836,0.00642986,-0.201207,0,0,0,0,0,0,1.83851,1.24992,3.12899,-9.76563e-05,7.8125e-05,0.000767708,0,0,0,0,0,0,0,0,0.00078125,0.00454102,0.0285149,0,0,0,0,0,0,0,0,0,-0.0178995,-0.0809286,-0.0306011,0,0,0,0.0972404,0,0,0,0,0,0,0,-3.14159,-3.14159,-3.14159,0,0,0,0,0,0,0,0,0,0.895995,0.225702,0.245437,0.999971
1.26585,0,0,0,2.68417,1.22941,2.86244,53.6834,24.5881,57.2487,0.0149697,0.0613246,0.0304103,0.00729225,-0.2023,0.0298208,0.0487327,0.196478,1073.67,491.763,1144.97,0,0,0,1.83851,1.24992,3.12899,0.000102539,-0.00012207,0.000109673,0,0,0,0,0,0,0,0,0.00400391,-0.00400391,-0.0131607,0,0,0,0,0,0,0,0,0,-0.018117,-0.0809503,-0.0304053,0,0,0,0.0957202,0,0,0,0,0,0,0,-3.14159,-3.14159,-3.14159,0,0,0,0,0,0,0,0,0,0.897937,0.223353,0.245437,0.999971
1.32832,-0,0,0,2.68418,1.22938,2.86239,0.000244141,-0.000476074,-0.000863075,0.0149942,0.0604693,0.0309367,0.00716849,-0.201119,0.0297234,0.0485345,0.195306,-1073.66,-491.772,-1144.99,0,0,0,1.8385,1.24992,3.12898,-0.000178223,0.000126953,-0.000247955,0,0,0,0,0,0,0,0,-0.00561523,0.00498047,-0.00715256,0,0,0,0,0,0,0,0,0,-0.01803,-0.0809503,-0.0303836,0,0,0,0.094201,0,0,0,0,0,0,0,-3.14159,-3.14159,-3.14159,0,0,0,0,0,0,0,0,0,0.897937,0.223353,0.245437,0.999971
1.39082,-0,0,0,2.6842,1.22935,2.86232,0.000332031,-0.000708008,-0.0013876,0.0165827,0.0610457,0.0308101,0.00661133,-0.198622,0.0296655,0.0483955,0.192749,0.00175781,-0.00463867,-0.0104904,0,0,0,1.83851,1.24993,3.12897,0.000153809,1.46484e-05,-0.000171661,0,0,0,0,0,0,0,0,0.00664063,-0.00224609,0.00152588,0,0,0,0,0,0,0,0,0,-0.0183345,-0.0807546,-0.0305576,0,0,0,0.0926731,0,0,0,0,0,0,0,-3.14159,-3.14159,-3.14159,0,0,0,0,0,0,0,0,0,0.897937,0.223353,0.245437,0.999971
1.45334,-0,0,0,2.68422,1.22931,2.86225,0.00046875,-0.000769043,-0.00152588,0.0151689,0.0599222,0.0312066,0.00625259,-0.199176,0.0310268,0.0489076,0.193179,0.00273438,-0.0012207,-0.00276566,0,0,0,1.83851,1.24992,3.12898,-4.15039e-05,-0.00015625,0.000133514,0,0,0,0,0,0,0,0,-0.00390625,-0.00341797,0.00610352,0,0,0,0,0,0,0,0,0,-0.0183563,-0.0806241,-0.0306663,0,0,0,0.0911398,0,0,0,0,0,0,0,-3.14159,-3.14159,-3.14159,0,0,0,0,0,0,0,0,0,0.897937,0.223353,0.245437,0.999971
1.57832,-0,0,0,2.68421,1.22931,2.86222,-0.000244141,0.000107422,-0.000662804,0.0154498,0.0602356,0.0302987,0.00573438,-0.202264,0.0324689,0.0502637,0.196003,-0.0142578,0.0175293,0.0172615,0,0,0,1.83851,1.24991,3.12898,1.2207e-05,-0.00019043,4.76837e-06,0,0,0,0,0,0,0,0,0.00107422,-0.000683594,-0.00257492,0,0,0,0,0,0,0,0,0,-0.0183128,-0.0808416,-0.0304488,0,0,0,0.0896174,0,0,0,0,0,0,0,-3.14159,-3.14159,-3.14159,0,0,0,0,0,0,0,0,0,0.897937,0.223353,0.245437,0.999971
1.64077,-0,0,0,2.68423,1.2293,2.86212,0.000371094,-0.000197754,-0.00186443,0.015338,0.057808,0.0309557,0.00518213,-0.203426,0.0327614,0.0511333,0.196963,0.0123047,-0.00610352,-0.0240326,0,0,0,1.83851,1.24993,3.12899,-1.2207e-05,0.000410156,8.58307e-05,0,0,0,0,0,0,0,0,-0.000488281,0.0120117,0.00162125,0,0,0,0,0,0,0,0,0,-0.018465,-0.0807546,-0.0303618,0,0,0,0.0880993,0,0,0,0,0,0,0,-3.14159,-3.14159,-3.14159,0,0,0,0,0,0,0,0,0,0.897937,0.223353,0.245437,0.999971
1.70331,-0,0,0,2.68423,1.22934,2.86237,-8.78906e-05,0.00067627,0.00493526,0.0131363,0.0591585,0.0305683,0.00465724,-0.20199,0.0322802,0.0511935,0.19545,-0.00917969,0.0174805,0.135994,0,0,0,1.83851,1.24992,3.129,6.10352e-05,-0.000168457,0.000200272,0,0,0,0,0,0,0,0,0.00146484,-0.0115723,0.00228882,0,0,0,0,0,0,0,0,0,-0.0182693,-0.0808633,-0.0303836,0,0,0,0.0865801,0,0,0,0,0,0,0,-3.14159,-3.14159,-3.14159,0,0,0,0,0,0,0,0,0,0.897937,0.223353,0.245437,0.999971
1.76582,-0,0,0,2.6842,1.22937,2.86241,-0.000595703,0.000683594,0.000901222,0.0157614,0.0591983,0.032008,0.00440125,-0.201557,0.0318208,0.0513114,0.194966,-0.0101563,0.000146484,-0.0806808,0,0,0,1.83851,1.24992,3.129,2.68555e-05,-4.15039e-05,3.33786e-05,0,0,0,0,0,0,0,0,-0.000683594,0.00253906,-0.00333786,0,0,0,0,0,0,0,0,0,-0.0185085,-0.0811243,-0.0305576,0,0,0,0.0850522,0,0,0,0,0,0,0,-3.14159,-3.14159,-3.14159,0,0,0,0,0,0,0,0,0,0.897937,0.223353,0.245437,0.999971
1.82828,-0,0,0,2.6842,1.22942,2.86255,7.8125e-05,0.00105469,0.00264168,0.015252,0.0575425,0.032012,0.00501742,-0.202797,0.031991,0.0510349,0.196334,0.0134766,0.00742188,0.0348091,0,0,0,1.83851,1.24992,3.12896,1.46484e-05,-5.12695e-05,-0.000691414,0,0,0,0,0,0,0,0,-0.000244141,-0.000195313,-0.0144958,0,0,0,0,0,0,0,0,0,-0.0183998,-0.0810156,-0.0307533,0,0,0,0.0835146,0,0,0,0,0,0,0,-3.14159,-3.14159,-3.14159,0,0,0,0,0,0,0,0,0,0.897937,0.223353,0.245437,0.999971
1.89079,-0,0,0,2.68423,1.22931,2.86207,0.000585937,-0.0022876,-0.0095129,0.0144784,0.0595416,0.0317544,0.00576283,-0.202199,0.0320991,0.0502468,0.195941,0.0101562,-0.0668457,-0.243092,0,0,0,1.83851,1.24992,3.12899,-8.30078e-05,1.70898e-05,0.000581741,0,0,0,0,0,0,0,0,-0.00195312,0.00136719,0.0254631,0,0,0,0,0,0,0,0,0,-0.0183998,-0.0814288,-0.0308403,0,0,0,0.0819725,0,0,0,0,0,0,0,-3.14159,-3.14159,-3.14159,0,0,0,0,0,0,0,0,0,0.897937,0.223353,0.245437,0.999971
1.95331,-0,0,0,2.68423,1.22931,2.86208,7.8125e-05,-1.70898e-05,0.000138283,0.0144862,0.0565789,0.0313668,0.00586171,-0.199706,0.031573,0.0494627,0.193573,-0.0101562,0.0454102,0.193024,0,0,0,1.83851,1.24993,3.12897,0.000114746,0.000244141,-0.000400543,0,0,0,0,0,0,0,0,0.00395508,0.00454102,-0.0196457,0,0,0,0,0,0,0,0,0,-0.0183563,-0.0812983,-0.0310143,0,0,0,0.0804218,0,0,0,0,0,0,0,-3.14159,-3.14159,-3.14159,0,0,0,0,0,0,0,0,0,0.897937,0.223353,0.245437,0.999971
2.01584,-0,0,0,2.68423,1.22931,2.86223,-0.000146484,-5.37109e-05,0.00296116,0.0160611,0.0580493,0.0326758,0.00590919,-0.199195,0.0312329,0.0492475,0.193102,-0.00449219,-0.000732422,0.0564575,0,0,0,1.8385,1.24992,3.129,-0.000205078,-0.000234375,0.00058651,0,0,0,0,0,0,0,0,-0.00639648,-0.00957031,0.0197411,0,0,0,0,0,0,0,0,0,-0.0185955,-0.0818203,-0.031297,0,0,0,0.078857,0,0,0,0,0,0,0,-3.14159,-3.14159,-3.14159,0,0,0,0,0,0,0,0,0,0.897937,0.223353,0.245437,0.999971
2.07832,-0,0,0,2.68422,1.22931,2.86213,-5.37109e-05,0.000109863,-0.00198364,0.0147608,0.0557357,0.032156,0.00665217,-0.20123,0.0318201,0.0491139,0.195258,0.00185547,0.00327148,-0.098896,0,0,0,1.83852,1.24993,3.12898,0.000209961,0.000178223,-0.000376701,0,0,0,0,0,0,0,0,0.00830078,0.00825195,-0.0192642,0,0,0,0,0,0,0,0,0,-0.018987,-0.0817333,-0.031558,0,0,0,0.0772791,0,0,0,0,0,0,0,-3.14159,-3.14159,-3.14159,0,0,0,0,0,0,0,0,0,0.897937,0.223353,0.245437,0.999971
2.1408,-0,0,0,2.68424,1.22931,2.86208,0.000317383,-8.78906e-05,-0.000905991,0.0134574,0.0579895,0.0302002,0.00743319,-0.201844,0.0326384,0.0485414,0.196061,0.00742188,-0.00395508,0.021553,0,0,0,1.83852,1.24991,3.12898,0.000124512,-0.000292969,-0.000119209,0,0,0,0,0,0,0,0,-0.00170898,-0.00942383,0.00514984,0,0,0,0,0,0,0,0,0,-0.018726,-0.082016,-0.0312535,0,0,0,0.0757164,0,0,0,0,0,0,0,-3.14159,-3.14159,-3.14159,0,0,0,0,0,0,0,0,0,0.897937,0.223353,0.245437,0.999971
2.1408,-0,0,0,2.68424,1.22931,2.86208,0.000317383,-8.78906e-05,-0.000905991,0.0158074,0.0568466,0.031639,0.00710112,-0.1998,0.0323623,0.0482965,0.194004,0.00742188,-0.00395508,0.021553,0,0,0,1.83852,1.24991,3.12898,0.000124512,-0.000292969,-0.000119209,0,0,0,0,0,0,0,0,-0.00170898,-0.00942383,0.00514984,0,0,0,0,0,0,0,0,0,-0.0189435,-0.0823858,-0.0311883,0,0,0,0.074157,0,0,0,0,0,0,0,-3.14159,-3.14159,-3.14159,0,0,0,0,0,0,0,0,0,0.897937,0.223353,0.245437,0.999971
2.1408,-0,0,0,2.68424,1.22931,2.86208,0.000317383,-8.78906e-05,-0.000905991,0.0137196,0.0525676,0.0304687,0.00649946,-0.198554,0.0304974,0.0485313,0.192642,0.00742188,-0.00395508,0.021553,0,0,0,1.83852,1.24991,3.12898,0.000124512,-0.000292969,-0.000119209,0,0,0,0,0,0,0,0,-0.00170898,-0.00942383,0.00514984,0,0,0,0,0,0,0,0,0,-0.0189435,-0.0817116,-0.0309708,0,0,0,0.0726084,0,0,0,0,0,0,0,-3.14159,-3.14159,-3.14159,0,0,0,0,0,0,0,0,0,0.897937,0.223353,0.245437,0.999971
2.20327,-0,0,0,2.68424,1.2293,2.86217,-4.88281e-05,-0.000148926,0.00185013,0.0141092,0.0544226,0.0317774,0.00719946,-0.19908,0.0282942,0.0479857,0.193345,-0.00732422,-0.0012207,0.0551224,0,0,0,1.83851,1.24991,3.12899,-0.000212402,3.66211e-05,0.000219345,0,0,0,0,0,0,0,0,-0.00673828,0.0065918,0.00677109,0,0,0,0,0,0,0,0,0,-0.0190088,-0.081842,-0.031036,0,0,0,0.0710566,0,0,0,0,0,0,0,-3.14159,-3.14159,-3.14159,0,0,0,0,0,0,0,0,0,0.897937,0.223353,0.245437,0.999971
2.20327,-0,0,0,2.68424,1.2293,2.86217,-4.88281e-05,-0.000148926,0.00185013,0.012799,0.0534081,0.0315194,0.00832569,-0.199177,0.0275327,0.0469299,0.193748,-0.00732422,-0.0012207,0.0551224,0,0,0,1.83851,1.24991,3.12899,-0.000212402,3.66211e-05,0.000219345,0,0,0,0,0,0,0,0,-0.00673828,0.0065918,0.00677109,0,0,0,0,0,0,0,0,0,-0.0185955,-0.0815593,-0.0308403,0,0,0,0.0695146,0,0,0,0,0,0,0,-3.14159,-3.14159,-3.14159,0,0,0,0,0,0,0,0,0,0.897937,0.223353,0.245437,0.999971
2.20327,-0,0,0,2.68424,1.2293,2.86217,-4.88281e-05,-0.000148926,0.00185013,0.0147503,0.0527839,0.0312609,0.00773793,-0.197918,0.0278522,0.0471475,0.192376,-0.00732422,-0.0012207,0.0551224,0,0,0,1.83851,1.24991,3.12899,-0.000212402,3.66211e-05,0.000219345,0,0,0,0,0,0,0,0,-0.00673828,0.0065918,0.00677109,0,0,0,0,0,0,0,0,0,-0.018726,-0.0815593,-0.030688,0,0,0,0.0679802,0,0,0,0,0,0,0,-3.14159,-3.14159,-3.14159,0,0,0,0,0,0,0,0,0,0.897937,0.223353,0.245437,0.999971
2.26579,-0,0,0,2.68421,1.22934,2.8621,-0.000478516,0.000708008,-0.0014019,0.0143534,0.0521582,0.0299599,0.00620019,-0.197141,0.0280413,0.0484248,0.191202,-0.00859375,0.0171387,-0.0650406,0,0,0,1.83851,1.24992,3.12899,8.30078e-05,0.000141602,0.000143051,0,0,0,0,0,0,0,0,0.0059082,0.00209961,-0.00152588,0,0,0,0,0,0,0,0,0,-0.0190088,-0.0810808,-0.0306446,0,0,0,0.066448,0,0,0,0,0,0,0,-3.14159,-3.14159,-3.14159,0,0,0,0,0,0,0,0,0,0.897937,0.223353,0.245437,0.999971
2.26579,-0,0,0,2.68421,1.22934,2.8621,-0.000478516,0.000708008,-0.0014019,0.013696,0.0528356,0.0299641,0.00592106,-0.198702,0.0283373,0.0491236,0.192625,-0.00859375,0.0171387,-0.0650406,0,0,0,1.83851,1.24992,3.12899,8.30078e-05,0.000141602,0.000143051,0,0,0,0,0,0,0,0,0.0059082,0.00209961,-0.00152588,0,0,0,0,0,0,0,0,0,-0.0187913,-0.0809068,-0.0303618,0,0,0,0.0649299,0,0,0,0,0,0,0,-3.14159,-3.14159,-3.14159,0,0,0,0,0,0,0,0,0,0.897937,0.223353,0.245437,0.999971
2.26579,-0,0,0,2.68421,1.22934,2.8621,-0.000478516,0.000708008,-0.0014019,0.0142103,0.0533831,0.0312727,0.00679869,-0.200238,0.0294155,0.0487038,0.194344,-0.00859375,0.0171387,-0.0650406,0,0,0,1.83851,1.24992,3.12899,8.30078e-05,0.000141602,0.000143051,0,0,0,0,0,0,0,0,0.0059082,0.00209961,-0.00152588,0,0,0,0,0,0,0,0,0,-0.0190088,-0.0815376,-0.0304923,0,0,0,0.0634053,0,0,0,0,0,0,0,-3.14159,-3.14159,-3.14159,0,0,0,0,0,0,0,0,0,0.898344,0.223455,0.245437,0.999971
2.32826,-0,0,0,2.68421,1.22937,2.86244,-0.000126953,0.000776367,0.00675201,0.0131562,0.0522329,0.0308835,0.0069635,-0.199736,0.0309723,0.0483416,0.193923,0.00703125,0.00136719,0.163078,0,0,0,1.83851,1.24993,3.12898,-0.000114746,0.000249023,-0.000348091,0,0,0,0,0,0,0,0,-0.00395508,0.00214844,-0.00982285,0,0,0,0,0,0,0,0,0,-0.018987,-0.0816681,-0.0303401,0,0,0,0.0618883,0,0,0,0,0,0,0,-3.14159,-3.14159,-3.14159,0,0,0,0,0,0,0,0,0,0.898344,0.223455,0.245437,0.999971
2.32826,-0,0,0,2.68421,1.22937,2.86244,-0.000126953,0.000776367,0.00675201,0.014972,0.0508191,0.030103,0.00590684,-0.198742,0.0312842,0.0490834,0.192676,0.00703125,0.00136719,0.163078,0,0,0,1.83851,1.24993,3.12898,-0.000114746,0.000249023,-0.000348091,0,0,0,0,0,0,0,0,-0.00395508,0.00214844,-0.00982285,0,0,0,0,0,0,0,0,0,-0.0194872,-0.0817333,-0.0301008,0,0,0,0.0603832,0,0,0,0,0,0,0,-3.14159,-3.14159,-3.14159,0,0,0,0,0,0,0,0,0,0.898344,0.223455,0.245437,0.999971
2.32826,-0,0,0,2.68421,1.22937,2.86244,-0.000126953,0.000776367,0.00675201,0.0119567,0.0503192,0.0303653,0.00555705,-0.198974,0.0298772,0.0494836,0.192803,0.00703125,0.00136719,0.163078,0,0,0,1.83851,1.24993,3.12898,-0.000114746,0.000249023,-0.000348091,0,0,0,0,0,0,0,0,-0.00395508,0.00214844,-0.00982285,0,0,0,0,0,0,0,0,0,-0.019161,-0.0818203,-0.0299486,0,0,0,0.0588858,0,0,0,0,0,0,0,-3.14159,-3.14159,-3.14159,0,0,0,0,0,0,0,0,0,0.898344,0.223455,0.245437,0.999971
2.39076,-0,0,0,2.68421,1.22936,2.86243,0.000107422,-0.000334473,-0.000252724,0.0132484,0.0496892,0.032586,0.00649828,-0.199846,0.0288591,0.0488215,0.1939,0.0046875,-0.0222168,-0.140095,0,0,0,1.83851,1.24993,3.12898,1.70898e-05,-0.000100098,0.000100136,0,0,0,0,0,0,0,0,0.00263672,-0.00698242,0.00896454,0,0,0,0,0,0,0,0,0,-0.0191175,-0.0819073,-0.0303836,0,0,0,0.0573666,0,0,0,0,0,0,0,-3.14159,-3.14159,-3.14159,0,0,0,0,0,0,0,0,0,0.898344,0.223455,0.245437,0.999971
2.39076,-0,0,0,2.68421,1.22936,2.86243,0.000107422,-0.000334473,-0.000252724,0.0125792,0.0469719,0.0315431,0.00705518,-0.199544,0.0288082,0.0482027,0.193763,0.0046875,-0.0222168,-0.140095,0,0,0,1.83851,1.24993,3.12898,1.70898e-05,-0.000100098,0.000100136,0,0,0,0,0,0,0,0,0.00263672,-0.00698242,0.00896454,0,0,0,0,0,0,0,0,0,-0.019074,-0.0814288,-0.0306446,0,0,0,0.0558344,0,0,0,0,0,0,0,-3.14159,-3.14159,-3.14159,0,0,0,0,0,0,0,0,0,0.898344,0.223455,0.245437,0.999971
2.45327,-0,0,0,2.68422,1.22937,2.86234,0.000117188,0.000153809,-0.0018549,0.0134758,0.0501263,0.0305032,0.00636758,-0.198956,0.028223,0.0487196,0.193003,0.000195313,0.00976563,-0.0320435,0,0,0,1.83851,1.24992,3.12897,-1.46484e-05,-0.000131836,-0.000324249,0,0,0,0,0,0,0,0,-0.000634766,-0.000634766,-0.0084877,0,0,0,0,0,0,0,0,0,-0.0190958,-0.0813853,-0.0305141,0,0,0,0.0543087,0,0,0,0,0,0,0,-3.14159,-3.14159,-3.14159,0,0,0,0,0,0,0,0,0,0.898344,0.223455,0.245437,0.999971
2.45327,-0,0,0,2.68422,1.22937,2.86234,0.000117188,0.000153809,-0.0018549,0.0126744,0.0485825,0.0298535,0.00557054,-0.199271,0.0276179,0.0495726,0.193086,0.000195313,0.00976563,-0.0320435,0,0,0,1.83851,1.24992,3.12897,-1.46484e-05,-0.000131836,-0.000324249,0,0,0,0,0,0,0,0,-0.000634766,-0.000634766,-0.0084877,0,0,0,0,0,0,0,0,0,-0.019161,-0.0812766,-0.0303401,0,0,0,0.0527917,0,0,0,0,0,0,0,-3.14159,-3.14159,-3.14159,0,0,0,0,0,0,0,0,0,0.898344,0.223455,0.245437,0.999971
2.45327,-0,0,0,2.68422,1.22937,2.86234,0.000117188,0.000153809,-0.0018549,0.0120033,0.0482125,0.0318132,0.0059808,-0.199634,0.0278352,0.0492785,0.193549,0.000195313,0.00976563,-0.0320435,0,0,0,1.83851,1.24992,3.12897,-1.46484e-05,-0.000131836,-0.000324249,0,0,0,0,0,0,0,0,-0.000634766,-0.000634766,-0.0084877,0,0,0,0,0,0,0,0,0,-0.018813,-0.0813418,-0.0306228,0,0,0,0.0512606,0,0,0,0,0,0,0,-3.14159,-3.14159,-3.14159,0,0,0,0,0,0,0,0,0,0.898344,0.223455,0.245437,0.999971
2.51572,-0,0,0,2.68419,1.22944,2.86249,-0.000605469,0.00144043,0.00306129,0.0136796,0.0460148,0.0320759,0.00678981,-0.199347,0.0279098,0.0483919,0.193503,-0.0144531,0.0257324,0.0983238,0,0,0,1.83851,1.24993,3.12899,-3.90625e-05,0.00013916,0.000457764,0,0,0,0,0,0,0,0,-0.000488281,0.00541992,0.0156403,0,0,0,0,0,0,0,0,0,-0.019248,-0.0811243,-0.0309055,0,0,0,0.0497153,0,0,0,0,0,0,0,-3.14159,-3.14159,-3.14159,0,0,0,0,0,0,0,0,0,0.898344,0.223455,0.245437,0.999971
2.51572,-0,0,0,2.68419,1.22944,2.86249,-0.000605469,0.00144043,0.00306129,0.0120914,0.0460359,0.0309034,0.00666096,-0.198729,0.0277848,0.0483456,0.192874,-0.0144531,0.0257324,0.0983238,0,0,0,1.83851,1.24993,3.12899,-3.90625e-05,0.00013916,0.000457764,0,0,0,0,0,0,0,0,-0.000488281,0.00541992,0.0156403,0,0,0,0,0,0,0,0,0,-0.0192045,-0.0810156,-0.0306228,0,0,0,0.0481842,0,0,0,0,0,0,0,-3.14159,-3.14159,-3.14159,0,0,0,0,0,0,0,0,0,0.898344,0.223455,0.245437,0.999971
2.51572,-0,0,0,2.68419,1.22944,2.86249,-0.000605469,0.00144043,0.00306129,0.0115488,0.0471007,0.0305148,0.0062591,-0.198837,0.0273044,0.0487616,0.192867,-0.0144531,0.0257324,0.0983238,0,0,0,1.83851,1.24993,3.12899,-3.90625e-05,0.00013916,0.000457764,0,0,0,0,0,0,0,0,-0.000488281,0.00541992,0.0156403,0,0,0,0,0,0,0,0,0,-0.0191827,-0.0815376,-0.0304488,0,0,0,0.0466617,0,0,0,0,0,0,0,-3.14159,-3.14159,-3.14159,0,0,0,0,0,0,0,0,0,0.898344,0.223455,0.245437,0.999971
2.57826,-0,0,0,2.68422,1.2294,2.8624,0.000629883,-0.000791016,-0.00179768,0.0123087,0.0458178,0.0311692,0.00654427,-0.199878,0.0265074,0.0487918,0.193942,0.024707,-0.0446289,-0.0971794,0,0,0,1.83851,1.24993,3.12899,6.83594e-05,-1.46484e-05,-4.76837e-06,0,0,0,0,0,0,0,0,0.00214844,-0.00307617,-0.00925064,0,0,0,0,0,0,0,0,0,-0.0191393,-0.0813201,-0.0305576,0,0,0,0.0451338,0,0,0,0,0,0,0,-3.14159,-3.14159,-3.14159,0,0,0,0,0,0,0,0,0,0.898344,0.223455,0.245437,0.999971
2.57826,-0,0,0,2.68422,1.2294,2.8624,0.000629883,-0.000791016,-0.00179768,0.0111091,0.044798,0.0302584,0.00728547,-0.200882,0.0267652,0.0483561,0.195112,0.024707,-0.0446289,-0.0971794,0,0,0,1.83851,1.24993,3.12899,6.83594e-05,-1.46484e-05,-4.76837e-06,0,0,0,0,0,0,0,0,0.00214844,-0.00307617,-0.00925064,0,0,0,0,0,0,0,0,0,-0.0190305,-0.0811896,-0.0306228,0,0,0,0.0436027,0,0,0,0,0,0,0,-3.14159,-3.14159,-3.14159,0,0,0,0,0,0,0,0,0,0.898344,0.223455,0.245437,0.999971
2.57826,-0,0,0,2.68422,1.2294,2.8624,0.000629883,-0.000791016,-0.00179768,0.0123873,0.0453443,0.0313037,0.00782112,-0.200908,0.028188,0.0478483,0.195284,0.024707,-0.0446289,-0.0971794,0,0,0,1.83851,1.24993,3.12899,6.83594e-05,-1.46484e-05,-4.76837e-06,0,0,0,0,0,0,0,0,0.00214844,-0.00307617,-0.00925064,0,0,0,0,0,0,0,0,0,-0.019248,-0.0812113,-0.0305358,0,0,0,0.0420759,0,0,0,0,0,0,0,-3.14159,-3.14159,-3.14159,0,0,0,0,0,0,0,0,0,0.898344,0.223455,0.245437,0.999971
2.64074,-0,0,0,2.68423,1.22941,2.8624,0.000136719,0.000209961,-9.53674e-06,0.00961971,0.0451056,0.0302612,0.00789854,-0.199801,0.0293422,0.0474687,0.194241,-0.00986328,0.0200195,0.0357628,0,0,0,1.83851,1.24993,3.12897,2.19727e-05,4.15039e-05,-0.000343323,0,0,0,0,0,0,0,0,-0.000927734,0.00112305,-0.00677109,0,0,0,0,0,0,0,0,0,-0.018726,-0.0815593,-0.0302313,0,0,0,0.0405643,0,0,0,0,0,0,0,-3.14159,-3.14159,-3.14159,0,0,0,0,0,0,0,0,0,0.898344,0.223455,0.245437,0.999971
2.64074,-0,0,0,2.68423,1.22941,2.8624,0.000136719,0.000209961,-9.53674e-06,0.00946203,0.0429071,0.0315675,0.00801124,-0.198773,0.0286888,0.0470773,0.193284,-0.00986328,0.0200195,0.0357628,0,0,0,1.83851,1.24993,3.12897,2.19727e-05,4.15039e-05,-0.000343323,0,0,0,0,0,0,0,0,-0.000927734,0.00112305,-0.00677109,0,0,0,0,0,0,0,0,0,-0.0184433,-0.0815376,-0.0303401,0,0,0,0.0390473,0,0,0,0,0,0,0,-3.14159,-3.14159,-3.14159,0,0,0,0,0,0,0,0,0,0.898344,0.223455,0.245437,0.999971
2.70322,-0,0,0,2.68422,1.22942,2.86244,-0.000102539,0.000266113,0.000829697,0.00995643,0.0422753,0.0310469,0.00823179,-0.19873,0.0273801,0.0468452,0.193305,-0.00478516,0.00112305,0.0167847,0,0,0,1.83851,1.24992,3.12898,-7.32422e-05,-0.00020752,0.000219345,0,0,0,0,0,0,0,0,-0.0019043,-0.00498047,0.0112534,0,0,0,0,0,0,0,0,0,-0.0183345,-0.0812331,-0.0304271,0,0,0,0.037526,0,0,0,0,0,0,0,-3.14159,-3.14159,-3.14159,0,0,0,0,0,0,0,0,0,0.898344,0.223455,0.245437,0.999971
2.70322,-0,0,0,2.68422,1.22942,2.86244,-0.000102539,0.000266113,0.000829697,0.0111002,0.0429533,0.0327445,0.00844628,-0.198497,0.0269953,0.0465748,0.19314,-0.00478516,0.00112305,0.0167847,0,0,0,1.83851,1.24992,3.12898,-7.32422e-05,-0.00020752,0.000219345,0,0,0,0,0,0,0,0,-0.0019043,-0.00498047,0.0112534,0,0,0,0,0,0,0,0,0,-0.018291,-0.0812548,-0.030688,0,0,0,0.0359916,0,0,0,0,0,0,0,-3.14159,-3.14159,-3.14159,0,0,0,0,0,0,0,0,0,0.898344,0.223455,0.245437,0.999971
2.70322,-0,0,0,2.68422,1.22942,2.86244,-0.000102539,0.000266113,0.000829697,0.0117203,0.0419367,0.0313103,0.00829152,-0.197306,0.0252323,0.0463954,0.191953,-0.00478516,0.00112305,0.0167847,0,0,0,1.83851,1.24992,3.12898,-7.32422e-05,-0.00020752,0.000219345,0,0,0,0,0,0,0,0,-0.0019043,-0.00498047,0.0112534,0,0,0,0,0,0,0,0,0,-0.018552,-0.0812766,-0.030862,0,0,0,0.0344485,0,0,0,0,0,0,0,-3.14159,-3.14159,-3.14159,0,0,0,0,0,0,0,0,0,0.898344,0.223455,0.245437,0.999971
2.76569,-0,0,0,2.68421,1.22943,2.86248,-0.000263672,0.000244141,0.00079155,0.00986054,0.0410487,0.0314431,0.00775784,-0.196586,0.0219078,0.0467025,0.191115,-0.00322266,-0.000439453,-0.000762939,0,0,0,1.83851,1.24993,3.12896,2.68555e-05,0.000187988,-0.000457764,0,0,0,0,0,0,0,0,0.00200195,0.00791016,-0.0135422,0,0,0,0,0,0,0,0,0,-0.018291,-0.0810591,-0.0308838,0,0,0,0.0329043,0,0,0,0,0,0,0,-3.14159,-3.14159,-3.14159,0,0,0,0,0,0,0,0,0,0.898344,0.223455,0.245437,0.999971
2.76569,-0,0,0,2.68421,1.22943,2.86248,-0.000263672,0.000244141,0.00079155,0.0111313,0.0413352,0.0311836,0.0081059,-0.197813,0.0208658,0.046706,0.192391,-0.00322266,-0.000439453,-0.000762939,0,0,0,1.83851,1.24993,3.12896,2.68555e-05,0.000187988,-0.000457764,0,0,0,0,0,0,0,0,0.00200195,0.00791016,-0.0135422,0,0,0,0,0,0,0,0,0,-0.0187043,-0.0809286,-0.031036,0,0,0,0.0313525,0,0,0,0,0,0,0,-3.14159,-3.14159,-3.14159,0,0,0,0,0,0,0,0,0,0.898344,0.223455,0.245437,0.999971
2.76569,-0,0,0,2.68421,1.22943,2.86248,-0.000263672,0.000244141,0.00079155,0.00914007,0.0413632,0.0297502,0.00901587,-0.199603,0.022693,0.0463243,0.194362,-0.00322266,-0.000439453,-0.000762939,0,0,0,1.83851,1.24993,3.12896,2.68555e-05,0.000187988,-0.000457764,0,0,0,0,0,0,0,0,0.00200195,0.00791016,-0.0135422,0,0,0,0,0,0,0,0,0,-0.018813,-0.0811678,-0.0307315,0,0,0,0.0298159,0,0,0,0,0,0,0,-3.14159,-3.14159,-3.14159,0,0,0,0,0,0,0,0,0,0.897956,0.223214,0.245437,0.999971
2.82822,-0,0,0,2.68421,1.22945,2.86241,-4.88281e-05,0.000324707,-0.00134468,0.0114538,0.0393056,0.0314472,0.00918998,-0.199421,0.0250055,0.04612,0.194232,0.00429687,0.00161133,-0.0427246,0,0,0,1.83851,1.24993,3.12898,2.68555e-05,2.92969e-05,0.000519753,0,0,0,0,0,0,0,0,0.00200195,-0.00317383,0.0195503,0,0,0,0,0,0,0,0,0,-0.0192262,-0.0811678,-0.0307968,0,0,0,0.0282761,0,0,0,0,0,0,0,-3.14159,-3.14159,-3.14159,0,0,0,0,0,0,0,0,0,0.897956,0.223214,0.245437,0.999971
2.82822,-0,0,0,2.68421,1.22945,2.86241,-4.88281e-05,0.000324707,-0.00134468,0.00946516,0.0381583,0.0318403,0.0087708,-0.19815,0.0265919,0.0461726,0.192895,0.00429687,0.00161133,-0.0427246,0,0,0,1.83851,1.24993,3.12898,2.68555e-05,2.92969e-05,0.000519753,0,0,0,0,0,0,0,0,0.00200195,-0.00317383,0.0195503,0,0,0,0,0,0,0,0,0,-0.0191175,-0.0808633,-0.0306446,0,0,0,0.0267438,0,0,0,0,0,0,0,-3.14159,-3.14159,-3.14159,0,0,0,0,0,0,0,0,0,0.897956,0.223214,0.245437,0.999971
2.82822,-0,0,0,2.68421,1.22945,2.86241,-4.88281e-05,0.000324707,-0.00134468,0.0102114,0.0401462,0.0318412,0.0085071,-0.198327,0.0280365,0.0464749,0.192992,0.00429687,0.00161133,-0.0427246,0,0,0,1.83851,1.24993,3.12898,2.68555e-05,2.92969e-05,0.000519753,0,0,0,0,0,0,0,0,0.00200195,-0.00317383,0.0195503,0,0,0,0,0,0,0,0,0,-0.0190305,-0.0810591,-0.0307315,0,0,0,0.0252073,0,0,0,0,0,0,0,-3.14159,-3.14159,-3.14159,0,0,0,0,0,0,0,0,0,0.897956,0.223214,0.245437,0.999971
2.89069,-0,0,0,2.68422,1.22941,2.8624,0.000205078,-0.000830078,-0.000238419,0.00860859,0.0388733,0.0314513,0.00849133,-0.199539,0.029898,0.0468264,0.194152,0.00507813,-0.0230957,0.0221252,0,0,0,1.83851,1.24992,3.12899,2.44141e-06,-0.000256348,5.24521e-05,0,0,0,0,0,0,0,0,-0.000488281,-0.00571289,-0.00934601,0,0,0,0,0,0,0,0,0,-0.018987,-0.0811896,-0.0307315,0,0,0,0.0236707,0,0,0,0,0,0,0,-3.14159,-3.14159,-3.14159,0,0,0,0,0,0,0,0,0,0.897956,0.223214,0.245437,0.999971
2.89069,-0,0,0,2.68422,1.22941,2.8624,0.000205078,-0.000830078,-0.000238419,0.00961498,0.0381241,0.0313223,0.00809815,-0.200239,0.0312285,0.0473973,0.194717,0.00507813,-0.0230957,0.0221252,0,0,0,1.83851,1.24992,3.12899,2.44141e-06,-0.000256348,5.24521e-05,0,0,0,0,0,0,0,0,-0.000488281,-0.00571289,-0.00934601,0,0,0,0,0,0,0,0,0,-0.0189,-0.0811461,-0.0307533,0,0,0,0.022133,0,0,0,0,0,0,0,-3.14159,-3.14159,-3.14159,0,0,0,0,0,0,0,0,0,0.897956,0.223214,0.245437,0.999971
2.89069,-0,0,0,2.68422,1.22941,2.8624,0.000205078,-0.000830078,-0.000238419,0.00814077,0.0385508,0.0310609,0.00739937,-0.20047,0.0312891,0.0481326,0.194746,0.00507813,-0.0230957,0.0221252,0,0,0,1.83851,1.24992,3.12899,2.44141e-06,-0.000256348,5.24521e-05,0,0,0,0,0,0,0,0,-0.000488281,-0.00571289,-0.00934601,0,0,0,0,0,0,0,0,0,-0.0189,-0.0811678,-0.0309708,0,0,0,0.0205845,0,0,0,0,0,0,0,-3.14159,-3.14159,-3.14159,0,0,0,0,0,0,0,0,0,0.897956,0.223214,0.245437,0.999971
2.95324,-0,0,0,2.68424,1.22931,2.86203,0.000498047,-0.00200684,-0.00742435,0.00745059,0.0371509,0.031322,0.00714531,-0.200876,0.0306516,0.0485611,0.195048,0.00585937,-0.0235352,-0.143719,0,0,0,1.8385,1.24992,3.12899,-0.000153809,0.000117187,4.76837e-06,0,0,0,0,0,0,0,0,-0.003125,0.0074707,-0.000953674,0,0,0,0,0,0,0,0,0,-0.0183998,-0.0812983,-0.030949,0,0,0,0.019037,0,0,0,0,0,0,0,-3.14159,-3.14159,-3.14159,0,0,0,0,0,0,0,0,0,0.897956,0.223214,0.245437,0.999971
2.95324,-0,0,0,2.68424,1.22931,2.86203,0.000498047,-0.00200684,-0.00742435,0.00819501,0.0386218,0.0304081,0.00738212,-0.201362,0.0299105,0.0484677,0.195582,0.00585937,-0.0235352,-0.143719,0,0,0,1.8385,1.24992,3.12899,-0.000153809,0.000117187,4.76837e-06,0,0,0,0,0,0,0,0,-0.003125,0.0074707,-0.000953674,0,0,0,0,0,0,0,0,0,-0.0183563,-0.0818638,-0.0307098,0,0,0,0.0175015,0,0,0,0,0,0,0,-3.14159,-3.14159,-3.14159,0,0,0,0,0,0,0,0,0,0.897956,0.223214,0.245437,0.999971
3.01565,-0,0,0,2.68421,1.22939,2.86217,-0.000537109,0.00163818,0.00282764,0.00802503,0.0377447,0.0314531,0.00792259,-0.201263,0.0290553,0.0478933,0.195642,-0.0207031,0.0729004,0.20504,0,0,0,1.83851,1.24993,3.12897,0.00015625,0.000246582,-0.00038147,0,0,0,0,0,0,0,0,0.00620117,0.00258789,-0.00772476,0,0,0,0,0,0,0,0,0,-0.0181605,-0.0819508,-0.0306446,0,0,0,0.0159693,0,0,0,0,0,0,0,-3.14159,-3.14159,-3.14159,0,0,0,0,0,0,0,0,0,0.897956,0.223214,0.245437,0.999971
3.01565,-0,0,0,2.68421,1.22939,2.86217,-0.000537109,0.00163818,0.00282764,0.00667873,0.0359558,0.0310631,0.00890496,-0.200625,0.0283056,0.0467728,0.195299,-0.0207031,0.0729004,0.20504,0,0,0,1.83851,1.24993,3.12897,0.00015625,0.000246582,-0.00038147,0,0,0,0,0,0,0,0,0.00620117,0.00258789,-0.00772476,0,0,0,0,0,0,0,0,0,-0.0180083,-0.0819508,-0.0305793,0,0,0,0.0144403,0,0,0,0,0,0,0,-3.14159,-3.14159,-3.14159,0,0,0,0,0,0,0,0,0,0.897956,0.223214,0.245437,0.999971
3.01565,-0,0,0,2.68421,1.22939,2.86217,-0.000537109,0.00163818,0.00282764,0.00598369,0.0337765,0.0287149,0.0093968,-0.199619,0.027897,0.0460226,0.194468,-0.0207031,0.0729004,0.20504,0,0,0,1.83851,1.24993,3.12897,0.00015625,0.000246582,-0.00038147,0,0,0,0,0,0,0,0,0.00620117,0.00258789,-0.00772476,0,0,0,0,0,0,0,0,0,-0.0175733,-0.0817116,-0.0301443,0,0,0,0.0129331,0,0,0,0,0,0,0,-3.14159,-3.14159,-3.14159,0,0,0,0,0,0,0,0,0,0.897956,0.223214,0.245437,0.999971
3.07817,-0,0,0,2.68421,1.22936,2.86233,-9.76563e-05,-0.000532227,0.00327587,0.00815952,0.03434,0.0308029,0.00914057,-0.199027,0.0282595,0.0460739,0.193836,0.00878906,-0.0434082,0.00896454,0,0,0,1.83851,1.24992,3.12897,-7.32422e-06,-0.000258789,2.38419e-05,0,0,0,0,0,0,0,0,-0.00327148,-0.0101074,0.00810623,0,0,0,0,0,0,0,0,0,-0.0177473,-0.0814941,-0.0301008,0,0,0,0.0114281,0,0,0,0,0,0,0,-3.14159,-3.14159,-3.14159,0,0,0,0,0,0,0,0,0,0.897956,0.223214,0.245437,0.999971
3.07817,-0,0,0,2.68421,1.22936,2.86233,-9.76563e-05,-0.000532227,0.00327587,0.00903447,0.0351655,0.0315863,0.00946538,-0.199842,0.0293818,0.0459865,0.194709,0.00878906,-0.0434082,0.00896454,0,0,0,1.83851,1.24992,3.12897,-7.32422e-06,-0.000258789,2.38419e-05,0,0,0,0,0,0,0,0,-0.00327148,-0.0101074,0.00810623,0,0,0,0,0,0,0,0,0,-0.0181823,-0.0816463,-0.0301443,0,0,0,0.00992087,0,0,0,0,0,0,0,-3.14159,-3.14159,-3.14159,0,0,0,0,0,0,0,0,0,0.897956,0.223214,0.245437,0.999971
3.07817,-0,0,0,2.68421,1.22936,2.86233,-9.76563e-05,-0.000532227,0.00327587,0.00886324,0.0348197,0.0314557,0.00991854,-0.201113,0.030518,0.0459011,0.196056,0.00878906,-0.0434082,0.00896454,0,0,0,1.83851,1.24992,3.12897,-7.32422e-06,-0.000258789,2.38419e-05,0,0,0,0,0,0,0,0,-0.00327148,-0.0101074,0.00810623,0,0,0,0,0,0,0,0,0,-0.018465,-0.0814941,-0.0303183,0,0,0,0.00840496,0,0,0,0,0,0,0,-3.14159,-3.14159,-3.14159,0,0,0,0,0,0,0,0,0,0.897956,0.223214,0.245437,0.999971
3.14068,-0,0,0,2.68424,1.22932,2.86215,0.000566406,-0.000871582,-0.00359535,0.00829938,0.034866,0.0309334,0.0091321,-0.201908,0.0314946,0.0469117,0.196595,0.0132813,-0.00678711,-0.137424,0,0,0,1.83852,1.24993,3.12897,0.000158691,0.000131836,4.76837e-05,0,0,0,0,0,0,0,0,0.00332031,0.0078125,0.000476837,0,0,0,0,0,0,0,0,0,-0.0186825,-0.0814941,-0.0302313,0,0,0,0.00689339,0,0,0,0,0,0,0,-3.14159,-3.14159,-3.14159,0,0,0,0,0,0,0,0,0,0.897956,0.223214,0.245437,0.999971
3.14068,-0,0,0,2.68424,1.22932,2.86215,0.000566406,-0.000871582,-0.00359535,0.00734504,0.033477,0.0310648,0.00732987,-0.202772,0.0320888,0.0488822,0.196928,0.0132813,-0.00678711,-0.137424,0,0,0,1.83852,1.24993,3.12897,0.000158691,0.000131836,4.76837e-05,0,0,0,0,0,0,0,0,0.00332031,0.0078125,0.000476837,0,0,0,0,0,0,0,0,0,-0.0189653,-0.0815593,-0.0302313,0,0,0,0.00538183,0,0,0,0,0,0,0,-3.14159,-3.14159,-3.14159,0,0,0,0,0,0,0,0,0,0.897956,0.223214,0.245437,0.999971
3.14068,-0,0,0,2.68424,1.22932,2.86215,0.000566406,-0.000871582,-0.00359535,0.0066529,0.0326106,0.0309347,0.00620797,-0.203688,0.0310736,0.0502131,0.197499,0.0132813,-0.00678711,-0.137424,0,0,0,1.83852,1.24993,3.12897,0.000158691,0.000131836,4.76837e-05,0,0,0,0,0,0,0,0,0.00332031,0.0078125,0.000476837,0,0,0,0,0,0,0,0,0,-0.019248,-0.081842,-0.0306011,0,0,0,0.00385177,0,0,0,0,0,0,0,-3.14159,-3.14159,-3.14159,0,0,0,0,0,0,0,0,0,0.897956,0.223214,0.245437,0.999971
3.20319,-0,0,0,2.68424,1.2293,2.86211,5.85938e-05,-0.000424805,-0.000967979,0.00700186,0.0309634,0.0311953,0.00613721,-0.204036,0.0291887,0.0503869,0.197812,-0.0101562,0.00893555,0.0525475,0,0,0,1.83851,1.24992,3.12898,-0.00015625,-7.32422e-05,0.000190735,0,0,0,0,0,0,0,0,-0.00629883,-0.00410156,0.00286102,0,0,0,0,0,0,0,0,0,-0.0192262,-0.0817551,-0.0306663,0,0,0,0.00231846,0,0,0,0,0,0,0,-3.14159,-3.14159,-3.14159,0,0,0,0,0,0,0,0,0,0.897956,0.223214,0.245437,0.999971
3.20319,-0,0,0,2.68424,1.2293,2.86211,5.85938e-05,-0.000424805,-0.000967979,0.00682937,0.0323183,0.0302804,0.0055113,-0.203207,0.0284568,0.0507597,0.196842,-0.0101562,0.00893555,0.0525475,0,0,0,1.83851,1.24992,3.12898,-0.00015625,-7.32422e-05,0.000190735,0,0,0,0,0,0,0,0,-0.00629883,-0.00410156,0.00286102,0,0,0,0,0,0,0,0,0,-0.0190305,-0.0817551,-0.0304488,0,0,0,0.000796019,0,0,0,0,0,0,0,-3.14159,-3.14159,-3.14159,0,0,0,0,0,0,0,0,0,0.897956,0.223214,0.245437,0.999971
3.20319,-0,0,0,2.68424,1.2293,2.86211,5.85938e-05,-0.000424805,-0.000967979,0.0049601,0.0326317,0.0305407,0.00473427,-0.201715,0.028371,0.051095,0.195194,-0.0101562,0.00893555,0.0525475,0,0,0,1.83851,1.24992,3.12898,-0.00015625,-7.32422e-05,0.000190735,0,0,0,0,0,0,0,0,-0.00629883,-0.00410156,0.00286102,0,0,0,0,0,0,0,0,0,-0.018552,-0.0818638,-0.0302966,0,0,0,-0.000718809,0,0,0,0,0,0,0,-3.14159,-3.14159,-3.14159,0,0,0,0,0,0,0,0,0,0.897956,0.223214,0.245437,0.999971
3.26573,-0,0,0,2.68422,1.22932,2.86208,-0.000336914,0.00045166,-0.000591278,0.00622273,0.0294225,0.0324988,0.00530932,-0.201068,0.028555,0.0503696,0.194729,-0.00791016,0.0175293,0.00753403,0,0,0,1.83851,1.24993,3.129,3.90625e-05,0.000112305,0.000314713,0,0,0,0,0,0,0,0,0.00390625,0.00371094,0.00247955,0,0,0,0,0,0,0,0,0,-0.018378,-0.0814288,-0.0305576,0,0,0,-0.00224669,0,0,0,0,0,0,0,-3.14159,-3.14159,-3.14159,0,0,0,0,0,0,0,0,0,0.897412,0.224131,0.245437,0.99997
3.26573,-0,0,0,2.68422,1.22932,2.86208,-0.000336914,0.00045166,-0.000591278,0.00409056,0.0292178,0.0310641,0.00643641,-0.201266,0.0288328,0.0493408,0.19523,-0.00791016,0.0175293,0.00753403,0,0,0,1.83851,1.24993,3.129,3.90625e-05,0.000112305,0.000314713,0,0,0,0,0,0,0,0,0.00390625,0.00371094,0.00247955,0,0,0,0,0,0,0,0,0,-0.0180083,-0.0811896,-0.0305576,0,0,0,-0.00377456,0,0,0,0,0,0,0,-3.14159,-3.14159,-3.14159,0,0,0,0,0,0,0,0,0,0.897412,0.224131,0.245437,0.99997
3.32821,-0,0,0,2.68424,1.22929,2.86202,0.000341797,-0.000708008,-0.00106335,0.00796116,0.0297993,0.0304117,0.00709769,-0.201201,0.029532,0.0486978,0.195348,0.0135742,-0.0231934,-0.00944138,0,0,0,1.83851,1.24992,3.12897,-9.76563e-06,-0.000297852,-0.000476837,0,0,0,0,0,0,0,0,-0.000976563,-0.00820312,-0.015831,0,0,0,0,0,0,0,0,0,-0.0183998,-0.0811896,-0.0304706,0,0,0,-0.00529809,0,0,0,0,0,0,0,-3.14159,-3.14159,-3.14159,0,0,0,0,0,0,0,0,0,0.897412,0.224131,0.245437,0.99997
3.32821,-0,0,0,2.68424,1.22929,2.86202,0.000341797,-0.000708008,-0.00106335,0.00622097,0.0310336,0.0297595,0.00772271,-0.200027,0.0304196,0.0477731,0.194392,0.0135742,-0.0231934,-0.00944138,0,0,0,1.83851,1.24992,3.12897,-9.76563e-06,-0.000297852,-0.000476837,0,0,0,0,0,0,0,0,-0.000976563,-0.00820312,-0.015831,0,0,0,0,0,0,0,0,0,-0.0184433,-0.0816681,-0.0302313,0,0,0,-0.00680966,0,0,0,0,0,0,0,-3.14159,-3.14159,-3.14159,0,0,0,0,0,0,0,0,0,0.897412,0.224131,0.245437,0.99997
3.32821,-0,0,0,2.68424,1.22929,2.86202,0.000341797,-0.000708008,-0.00106335,0.00526331,0.0287439,0.0319782,0.00822305,-0.199162,0.0293643,0.0470533,0.193698,0.0135742,-0.0231934,-0.00944138,0,0,0,1.83851,1.24992,3.12897,-9.76563e-06,-0.000297852,-0.000476837,0,0,0,0,0,0,0,0,-0.000976563,-0.00820312,-0.015831,0,0,0,0,0,0,0,0,0,-0.0183563,-0.0815376,-0.0305141,0,0,0,-0.00833536,0,0,0,0,0,0,0,-3.14159,-3.14159,-3.14159,0,0,0,0,0,0,0,0,0,0.897412,0.224131,0.245437,0.99997
3.39068,-0,0,0,2.68422,1.22932,2.86216,-0.000351562,0.000668945,0.00274658,0.00456703,0.0275,0.0298896,0.00846655,-0.199977,0.0280721,0.0470175,0.194555,-0.0138672,0.0275391,0.0761986,0,0,0,1.83851,1.24992,3.12898,-0.000114746,9.52148e-05,0.000195503,0,0,0,0,0,0,0,0,-0.00209961,0.00786133,0.0134468,0,0,0,0,0,0,0,0,0,-0.018465,-0.0811461,-0.0304053,0,0,0,-0.00985563,0,0,0,0,0,0,0,-3.14159,-3.14159,-3.14159,0,0,0,0,0,0,0,0,0,0.897412,0.224131,0.245437,0.99997
3.39068,-0,0,0,2.68422,1.22932,2.86216,-0.000351562,0.000668945,0.00274658,0.00413383,0.0280866,0.0311949,0.00858531,-0.200827,0.0283409,0.0471378,0.195405,-0.0138672,0.0275391,0.0761986,0,0,0,1.83851,1.24992,3.12898,-0.000114746,9.52148e-05,0.000195503,0,0,0,0,0,0,0,0,-0.00209961,0.00786133,0.0134468,0,0,0,0,0,0,0,0,0,-0.018291,-0.0813853,-0.0301878,0,0,0,-0.011365,0,0,0,0,0,0,0,-3.14159,-3.14159,-3.14159,0,0,0,0,0,0,0,0,0,0.897412,0.224131,0.245437,0.99997
3.39068,-0,0,0,2.68422,1.22932,2.86216,-0.000351562,0.000668945,0.00274658,0.00643908,0.0275021,0.0327607,0.00842662,-0.200453,0.0284164,0.0471872,0.195002,-0.0138672,0.0275391,0.0761986,0,0,0,1.83851,1.24992,3.12898,-0.000114746,9.52148e-05,0.000195503,0,0,0,0,0,0,0,0,-0.00209961,0.00786133,0.0134468,0,0,0,0,0,0,0,0,0,-0.0188565,-0.0815593,-0.0304706,0,0,0,-0.0128885,0,0,0,0,0,0,0,-3.14159,-3.14159,-3.14159,0,0,0,0,0,0,0,0,0,0.897412,0.224131,0.245437,0.99997
3.45316,-0,0,0,2.68425,1.22929,2.86206,0.00050293,-0.000505371,-0.00209332,0.00509003,0.0291366,0.0317163,0.00817241,-0.199869,0.0279904,0.0472908,0.194365,0.0170898,-0.0234863,-0.0967979,0,0,0,1.83851,1.24993,3.129,0.00015625,0.000266113,0.00026226,0,0,0,0,0,0,0,0,0.00541992,0.00341797,0.00133514,0,0,0,0,0,0,0,0,0,-0.018552,-0.0819073,-0.030688,0,0,0,-0.0144229,0,0,0,0,0,0,0,-3.14159,-3.14159,-3.14159,0,0,0,0,0,0,0,0,0,0.897412,0.224131,0.245437,0.99997
3.45316,-0,0,0,2.68425,1.22929,2.86206,0.00050293,-0.000505371,-0.00209332,0.00335019,0.0265952,0.0317152,0.00819964,-0.20005,0.0280943,0.0473145,0.194547,0.0170898,-0.0234863,-0.0967979,0,0,0,1.83851,1.24993,3.129,0.00015625,0.000266113,0.00026226,0,0,0,0,0,0,0,0,0.00541992,0.00341797,0.00133514,0,0,0,0,0,0,0,0,0,-0.0182475,-0.0816246,-0.0310143,0,0,0,-0.0159737,0,0,0,0,0,0,0,-3.14159,-3.14159,-3.14159,0,0,0,0,0,0,0,0,0,0.897412,0.224131,0.245437,0.99997
3.45316,-0,0,0,2.68425,1.22929,2.86206,0.00050293,-0.000505371,-0.00209332,0.00617701,0.0262738,0.0313219,0.0087986,-0.200033,0.0294242,0.0467342,0.194696,0.0170898,-0.0234863,-0.0967979,0,0,0,1.83851,1.24993,3.129,0.00015625,0.000266113,0.00026226,0,0,0,0,0,0,0,0,0.00541992,0.00341797,0.00133514,0,0,0,0,0,0,0,0,0,-0.0185738,-0.0816681,-0.0309055,0,0,0,-0.0175189,0,0,0,0,0,0,0,-3.14159,-3.14159,-3.14159,0,0,0,0,0,0,0,0,0,0.897412,0.224131,0.245437,0.99997
3.5157,-0,0,0,2.68422,1.22934,2.86215,-0.000488281,0.00092041,0.00189781,0.00639165,0.0260862,0.0297535,0.00911544,-0.198687,0.0309555,0.0460399,0.193494,-0.0198242,0.0285156,0.0798225,0,0,0,1.83851,1.24992,3.129,-6.10352e-05,-0.000217285,8.58307e-05,0,0,0,0,0,0,0,0,-0.0043457,-0.00966797,-0.00352859,0,0,0,0,0,0,0,0,0,-0.0190523,-0.0818855,-0.0308838,0,0,0,-0.0190631,0,0,0,0,0,0,0,-3.14159,-3.14159,-3.14159,0,0,0,0,0,0,0,0,0,0.897412,0.224131,0.245437,0.99997
3.5157,-0,0,0,2.68422,1.22934,2.86215,-0.000488281,0.00092041,0.00189781,0.00517221,0.0248567,0.0304055,0.00848656,-0.196439,0.0305227,0.0460244,0.19116,-0.0198242,0.0285156,0.0798225,0,0,0,1.83851,1.24992,3.129,-6.10352e-05,-0.000217285,8.58307e-05,0,0,0,0,0,0,0,0,-0.0043457,-0.00966797,-0.00352859,0,0,0,0,0,0,0,0,0,-0.0194002,-0.0817985,-0.0307533,0,0,0,-0.0206008,0,0,0,0,0,0,0,-3.14159,-3.14159,-3.14159,0,0,0,0,0,0,0,0,0,0.897412,0.224131,0.245437,0.99997
3.57813,-0,0,0,2.68421,1.22936,2.86216,-0.000268555,0.000361328,0.000243187,0.00643264,0.024933,0.0319711,0.00834451,-0.195881,0.0290032,0.0460046,0.190585,0.00439453,-0.0111816,-0.0330925,0,0,0,1.83851,1.24993,3.12901,2.92969e-05,0.000141602,0.000138283,0,0,0,0,0,0,0,0,0.00180664,0.00717773,0.00104904,0,0,0,0,0,0,0,0,0,-0.0195742,-0.0818203,-0.0306228,0,0,0,-0.0221319,0,0,0,0,0,0,0,-3.14159,-3.14159,-3.14159,0,0,0,0,0,0,0,0,0,0.897412,0.224131,0.245437,0.99997
3.57813,-0,0,0,2.68421,1.22936,2.86216,-0.000268555,0.000361328,0.000243187,0.00221296,0.023576,0.0307945,0.00886161,-0.198049,0.0285805,0.0461057,0.192812,0.00439453,-0.0111816,-0.0330925,0,0,0,1.83851,1.24993,3.12901,2.92969e-05,0.000141602,0.000138283,0,0,0,0,0,0,0,0,0.00180664,0.00717773,0.00104904,0,0,0,0,0,0,0,0,0,-0.0192697,-0.0813418,-0.0304706,0,0,0,-0.0236555,0,0,0,0,0,0,0,-3.14159,-3.14159,-3.14159,0,0,0,0,0,0,0,0,0,0.897412,0.224131,0.245437,0.99997
3.57813,-0,0,0,2.68421,1.22936,2.86216,-0.000268555,0.000361328,0.000243187,0.00399593,0.0219646,0.0322272,0.00868138,-0.200016,0.028549,0.0468213,0.194652,0.00439453,-0.0111816,-0.0330925,0,0,0,1.83851,1.24993,3.12901,2.92969e-05,0.000141602,0.000138283,0,0,0,0,0,0,0,0,0.00180664,0.00717773,0.00104904,0,0,0,0,0,0,0,0,0,-0.0195525,-0.0810156,-0.0305576,0,0,0,-0.0251833,0,0,0,0,0,0,0,-3.14159,-3.14159,-3.14159,0,0,0,0,0,0,0,0,0,0.897412,0.224131,0.245437,0.99997
3.64065,-0,0,0,2.68423,1.22929,2.86204,0.000473633,-0.00127441,-0.00239372,0.00225698,0.0223119,0.0306613,0.00803732,-0.200901,0.0278615,0.0477078,0.195319,0.0148438,-0.0327148,-0.0527382,0,0,0,1.83851,1.24991,3.12899,9.76562e-06,-0.000351563,-0.000419617,0,0,0,0,0,0,0,0,-0.000390625,-0.00986328,-0.011158,0,0,0,0,0,0,0,0,0,-0.019074,-0.0807981,-0.0304488,0,0,0,-0.0267058,0,0,0,0,0,0,0,-3.14159,-3.14159,-3.14159,0,0,0,0,0,0,0,0,0,0.897412,0.224131,0.245437,0.99997
3.64065,-0,0,0,2.68423,1.22929,2.86204,0.000473633,-0.00127441,-0.00239372,0.00312795,0.0220064,0.0311832,0.00748367,-0.202551,0.0271363,0.0486952,0.196753,0.0148438,-0.0327148,-0.0527382,0,0,0,1.83851,1.24991,3.12899,9.76562e-06,-0.000351563,-0.000419617,0,0,0,0,0,0,0,0,-0.000390625,-0.00986328,-0.011158,0,0,0,0,0,0,0,0,0,-0.0187043,-0.0805588,-0.030688,0,0,0,-0.0282402,0,0,0,0,0,0,0,-3.14159,-3.14159,-3.14159,0,0,0,0,0,0,0,0,0,0.897412,0.224131,0.245437,0.99997
3.64065,-0,0,0,2.68423,1.22929,2.86204,0.000473633,-0.00127441,-0.00239372,0.0016506,0.0205293,0.0303979,0.00724343,-0.204562,0.0274296,0.0494811,0.198619,0.0148438,-0.0327148,-0.0527382,0,0,0,1.83851,1.24991,3.12899,9.76562e-06,-0.000351563,-0.000419617,0,0,0,0,0,0,0,0,-0.000390625,-0.00986328,-0.011158,0,0,0,0,0,0,0,0,0,-0.018291,-0.0802761,-0.030688,0,0,0,-0.0297746,0,0,0,0,0,0,0,-3.14159,-3.14159,-3.14159,0,0,0,0,0,0,0,0,0,0.897412,0.224131,0.245437,0.99997
3.70322,-0,0,0,2.68424,1.22928,2.862,4.88281e-05,-0.000310059,-0.000782013,0.00134838,0.0228395,0.0310499,0.00681231,-0.204074,0.0283724,0.0497686,0.19803,-0.00849609,0.0192871,0.0322342,0,0,0,1.83851,1.24992,3.12897,-0.000124512,0.000180664,-0.000324249,0,0,0,0,0,0,0,0,-0.00268555,0.0106445,0.00190735,0,0,0,0,0,0,0,0,0,-0.0176168,-0.0803631,-0.0305358,0,0,0,-0.0313014,0,0,0,0,0,0,0,-3.14159,-3.14159,-3.14159,0,0,0,0,0,0,0,0,0,0.897412,0.224131,0.245437,0.99997
3.70322,-0,0,0,2.68424,1.22928,2.862,4.88281e-05,-0.000310059,-0.000782013,0.00326397,0.0225391,0.0315709,0.00591822,-0.201099,0.0283221,0.0498069,0.194923,-0.00849609,0.0192871,0.0322342,0,0,0,1.83851,1.24992,3.12897,-0.000124512,0.000180664,-0.000324249,0,0,0,0,0,0,0,0,-0.00268555,0.0106445,0.00190735,0,0,0,0,0,0,0,0,0,-0.0179648,-0.0806241,-0.0306663,0,0,0,-0.0328347,0,0,0,0,0,0,0,-3.14159,-3.14159,-3.14159,0,0,0,0,0,0,0,0,0,0.897412,0.224131,0.245437,0.99997
3.70322,-0,0,0,2.68424,1.22928,2.862,4.88281e-05,-0.000310059,-0.000782013,0.00244094,0.0222393,0.0310474,0.0052907,-0.199458,0.0274004,0.0499572,0.193173,-0.00849609,0.0192871,0.0322342,0,0,0,1.83851,1.24992,3.12897,-0.000124512,0.000180664,-0.000324249,0,0,0,0,0,0,0,0,-0.00268555,0.0106445,0.00190735,0,0,0,0,0,0,0,0,0,-0.0178778,-0.0811026,-0.0304706,0,0,0,-0.0343582,0,0,0,0,0,0,0,-3.14159,-3.14159,-3.14159,0,0,0,0,0,0,0,0,0,0.898284,0.223815,0.245437,0.999972
3.76562,-0,0,0,2.68422,1.2293,2.86204,-0.000273437,0.000441895,0.000734329,0.00161688,0.0214223,0.0309143,0.00494722,-0.199764,0.0263276,0.0503647,0.193374,-0.00644531,0.0150391,0.0303268,0,0,0,1.83851,1.24992,3.12899,1.2207e-05,-9.76562e-06,0.000452995,0,0,0,0,0,0,0,0,0.00273437,-0.00380859,0.0155449,0,0,0,0,0,0,0,0,0,-0.017943,-0.0813853,-0.0305141,0,0,0,-0.0358839,0,0,0,0,0,0,0,-3.14159,-3.14159,-3.14159,0,0,0,0,0,0,0,0,0,0.898284,0.223815,0.245437,0.999972
3.76562,-0,0,0,2.68422,1.2293,2.86204,-0.000273437,0.000441895,0.000734329,0.00196839,0.0195639,0.0303896,0.00502565,-0.200045,0.0248197,0.050367,0.193666,-0.00644531,0.0150391,0.0303268,0,0,0,1.83851,1.24992,3.12899,1.2207e-05,-9.76562e-06,0.000452995,0,0,0,0,0,0,0,0,0.00273437,-0.00380859,0.0155449,0,0,0,0,0,0,0,0,0,-0.0179213,-0.0814071,-0.0303836,0,0,0,-0.0374031,0,0,0,0,0,0,0,-3.14159,-3.14159,-3.14159,0,0,0,0,0,0,0,0,0,0.898284,0.223815,0.245437,0.999972
3.76562,-0,0,0,2.68422,1.2293,2.86204,-0.000273437,0.000441895,0.000734329,0.00349368,0.0194067,0.0315636,0.00543533,-0.200636,0.0232208,0.0501361,0.194347,-0.00644531,0.0150391,0.0303268,0,0,0,1.83851,1.24992,3.12899,1.2207e-05,-9.76562e-06,0.000452995,0,0,0,0,0,0,0,0,0.00273437,-0.00380859,0.0155449,0,0,0,0,0,0,0,0,0,-0.0183998,-0.0816463,-0.0305793,0,0,0,-0.0389321,0,0,0,0,0,0,0,-3.14159,-3.14159,-3.14159,0,0,0,0,0,0,0,0,0,0.898284,0.223815,0.245437,0.999972
3.82819,-0,0,0,2.68423,1.22929,2.86212,5.37109e-05,-0.00027832,0.00153542,0.00188708,0.0202952,0.0301266,0.0058603,-0.201786,0.0224857,0.05003,0.195573,0.00654297,-0.0144043,0.0160217,0,0,0,1.8385,1.24992,3.12899,-0.000100098,-3.41797e-05,-0.000114441,0,0,0,0,0,0,0,0,-0.00224609,-0.000488281,-0.0113487,0,0,0,0,0,0,0,0,0,-0.0186608,-0.0816463,-0.0304271,0,0,0,-0.0404534,0,0,0,0,0,0,0,-3.14159,-3.14159,-3.14159,0,0,0,0,0,0,0,0,0,0.898284,0.223815,0.245437,0.999972
3.8906,-0,0,0,2.68423,1.2293,2.86205,0.000151367,0.00027832,-0.00133991,0.00145716,0.0202696,0.0301258,0.00619921,-0.202415,0.0220586,0.049891,0.196268,0.00195313,0.0111328,-0.0575066,0,0,0,1.83851,1.24992,3.12898,0.000109863,9.52148e-05,-0.000133514,0,0,0,0,0,0,0,0,0.00419922,0.00258789,-0.00038147,0,0,0,0,0,0,0,0,0,-0.0185303,-0.0816898,-0.0301878,0,0,0,-0.0419628,0,0,0,0,0,0,0,-3.14159,-3.14159,-3.14159,0,0,0,0,0,0,0,0,0,0.898284,0.223815,0.245437,0.999972
3.95313,-0,0,0,2.68424,1.22928,2.86203,0.000209961,-0.000490723,-0.000376701,0.000765669,0.0164613,0.0310381,0.00627244,-0.202422,0.0222431,0.0498263,0.196295,0.00117187,-0.0153809,0.0192642,0,0,0,1.83851,1.24992,3.12898,4.88281e-06,-8.54492e-05,8.10623e-05,0,0,0,0,0,0,0,0,-0.00209961,-0.00361328,0.00429153,0,0,0,0,0,0,0,0,0,-0.0184215,-0.0811461,-0.0301878,0,0,0,-0.0434722,0,0,0,0,0,0,0,-3.14159,-3.14159,-3.14159,0,0,0,0,0,0,0,0,0,0.898284,0.223815,0.245437,0.999972
3.95313,-0,0,0,2.68424,1.22928,2.86203,0.000209961,-0.000490723,-0.000376701,0.00242283,0.0197045,0.0314281,0.00647735,-0.202315,0.0238655,0.0495996,0.196247,0.00117187,-0.0153809,0.0192642,0,0,0,1.83851,1.24992,3.12898,4.88281e-06,-8.54492e-05,8.10623e-05,0,0,0,0,0,0,0,0,-0.00209961,-0.00361328,0.00429153,0,0,0,0,0,0,0,0,0,-0.018726,-0.0812766,-0.0302748,0,0,0,-0.0449859,0,0,0,0,0,0,0,-3.14159,-3.14159,-3.14159,0,0,0,0,0,0,0,0,0,0.898284,0.223815,0.245437,0.999972
4.0157,-0,0,0,2.68421,1.22938,2.86248,-0.000708008,0.00211426,0.00895977,0.000426037,0.0200803,0.0323392,0.00690321,-0.201261,0.0252953,0.048812,0.195374,-0.0183594,0.0520996,0.186729,0,0,0,1.83851,1.24992,3.12899,-4.88281e-06,9.27734e-05,9.05991e-05,0,0,0,0,0,0,0,0,-0.000195313,0.00356445,0.000190735,0,0,0,0,0,0,0,0,0,-0.018639,-0.0817768,-0.0306011,0,0,0,-0.046516,0,0,0,0,0,0,0,-3.14159,-3.14159,-3.14159,0,0,0,0,0,0,0,0,0,0.898284,0.223815,0.245437,0.999972
4.07817,-0,0,0,2.68421,1.22938,2.86242,-2.92969e-05,1.95312e-05,-0.00117779,-0.00144145,0.0158901,0.0306405,0.00730648,-0.199555,0.0257184,0.0479658,0.193842,0.0135742,-0.0418945,-0.202751,0,0,0,1.83851,1.24992,3.12898,3.41797e-05,-6.10352e-05,-0.00017643,0,0,0,0,0,0,0,0,0.00078125,-0.00307617,-0.00534058,0,0,0,0,0,0,0,0,0,-0.0179865,-0.0816028,-0.0304488,0,0,0,-0.0480384,0,0,0,0,0,0,0,-3.14159,-3.14159,-3.14159,0,0,0,0,0,0,0,0,0,0.898284,0.223815,0.245437,0.999972
4.14055,-0,0,0,2.68421,1.22941,2.86244,-2.92969e-05,0.000600586,0.000400543,0.00217172,0.0171821,0.0308986,0.00743802,-0.199414,0.0262038,0.0477967,0.193744,0.0135742,0.0116211,0.0315666,0,0,0,1.83851,1.24993,3.12899,2.68555e-05,0.000209961,0.00026226,0,0,0,0,0,0,0,0,-0.000146484,0.00541992,0.0087738,0,0,0,0,0,0,0,0,0,-0.018204,-0.0814941,-0.0305793,0,0,0,-0.0495674,0,0,0,0,0,0,0,-3.14159,-3.14159,-3.14159,0,0,0,0,0,0,0,0,0,0.898284,0.223815,0.245437,0.999972
4.20314,-0,0,0,2.68423,1.22935,2.86227,0.000478516,-0.00118896,-0.00339985,-0.000606933,0.0137806,0.0310275,0.007135,-0.200292,0.0280896,0.0483627,0.194496,0.0101562,-0.035791,-0.0760078,0,0,0,1.83852,1.24993,3.12898,0.00010498,-2.44141e-05,-0.000247955,0,0,0,0,0,0,0,0,0.0015625,-0.0046875,-0.0102043,0,0,0,0,0,0,0,0,0,-0.01803,-0.0808198,-0.0307315,0,0,0,-0.051104,0,0,0,0,0,0,0,-3.14159,-3.14159,-3.14159,0,0,0,0,0,0,0,0,0,0.898284,0.223815,0.245437,0.999972
4.20314,-0,0,0,2.68423,1.22935,2.86227,0.000478516,-0.00118896,-0.00339985,-0.000511992,0.0148175,0.0312852,0.00670323,-0.200433,0.0299646,0.0488167,0.194512,0.0101562,-0.035791,-0.0760078,0,0,0,1.83852,1.24993,3.12898,0.00010498,-2.44141e-05,-0.000247955,0,0,0,0,0,0,0,0,0.0015625,-0.0046875,-0.0102043,0,0,0,0,0,0,0,0,0,-0.0179865,-0.0809503,-0.030775,0,0,0,-0.0526427,0,0,0,0,0,0,0,-3.14159,-3.14159,-3.14159,0,0,0,0,0,0,0,0,0,0.899334,0.223723,0.245437,0.99997
4.26558,-0,0,0,2.68421,1.22933,2.86209,-0.000439453,-0.000578613,-0.00370026,0.00206431,0.013899,0.0306319,0.00625833,-0.200487,0.0301964,0.0492952,0.194433,-0.0183594,0.012207,-0.00600815,0,0,0,1.83851,1.24992,3.12899,-5.37109e-05,-0.000151367,0.000238419,0,0,0,0,0,0,0,0,-0.00317383,-0.00253906,0.00972748,0,0,0,0,0,0,0,0,0,-0.0180953,-0.0803849,-0.0306446,0,0,0,-0.054175,0,0,0,0,0,0,0,-3.14159,-3.14159,-3.14159,0,0,0,0,0,0,0,0,0,0.899334,0.223723,0.245437,0.99997
4.32815,-0,0,0,2.68422,1.22935,2.86237,0.000170898,0.000541992,0.00569344,-0.000580461,0.0135061,0.0308905,0.0060109,-0.201398,0.0304885,0.0497288,0.195254,0.012207,0.0224121,0.187874,0,0,0,1.83852,1.24993,3.12898,6.34766e-05,8.30078e-05,-0.000267029,0,0,0,0,0,0,0,0,0.00234375,0.0046875,-0.0101089,0,0,0,0,0,0,0,0,0,-0.0180953,-0.0796889,-0.0304053,0,0,0,-0.0556952,0,0,0,0,0,0,0,-3.14159,-3.14159,-3.14159,0,0,0,0,0,0,0,0,0,0.899334,0.223723,0.245437,0.99997
4.39067,-0,0,0,2.68425,1.22928,2.86202,0.000639648,-0.00152588,-0.00710487,-0.00205256,0.0157268,0.0304954,0.00608723,-0.202441,0.0316179,0.0500126,0.19626,0.009375,-0.0413574,-0.255966,0,0,0,1.83852,1.24992,3.12901,4.88281e-06,-0.000117187,0.000505447,0,0,0,0,0,0,0,0,-0.00117187,-0.00400391,0.0154495,0,0,0,0,0,0,0,0,0,-0.0181605,-0.0800586,-0.0303836,0,0,0,-0.0572144,0,0,0,0,0,0,0,-3.14159,-3.14159,-3.14159,0,0,0,0,0,0,0,0,0,0.899334,0.223723,0.245437,0.99997
4.45307,-0,0,0,2.68425,1.22928,2.86202,-3.90625e-05,0.000161133,0.000181198,0.000781557,0.0146873,0.0307538,0.00612969,-0.202489,0.0325907,0.0499833,0.196319,-0.0135742,0.0337402,0.145721,0,0,0,1.83852,1.24993,3.12899,-4.88281e-06,0.000129395,-0.000338554,0,0,0,0,0,0,0,0,-0.000195313,0.00493164,-0.01688,0,0,0,0,0,0,0,0,0,-0.0180953,-0.0800369,-0.0303618,0,0,0,-0.0587325,0,0,0,0,0,0,0,-3.14159,-3.14159,-3.14159,0,0,0,0,0,0,0,0,0,0.899334,0.223723,0.245437,0.99997
4.51565,-0,0,0,2.68422,1.22933,2.86211,-0.000415039,0.00101807,0.00178814,0.00061645,0.012475,0.029577,0.00687653,-0.202047,0.03266,0.049126,0.196104,-0.00751953,0.0171387,0.0321388,0,0,0,1.83852,1.24993,3.129,4.63867e-05,8.30078e-05,0.00020504,0,0,0,0,0,0,0,0,0.00102539,-0.000927734,0.0108719,0,0,0,0,0,0,0,0,0,-0.018465,-0.0802109,-0.0301226,0,0,0,-0.0602386,0,0,0,0,0,0,0,-3.14159,-3.14159,-3.14159,0,0,0,0,0,0,0,0,0,0.899334,0.223723,0.245437,0.99997
4.51565,-0,0,0,2.68422,1.22933,2.86211,-0.000415039,0.00101807,0.00178814,-0.000330844,0.0114388,0.0325754,0.0081553,-0.201425,0.032347,0.0477252,0.195859,-0.00751953,0.0171387,0.0321388,0,0,0,1.83852,1.24993,3.129,4.63867e-05,8.30078e-05,0.00020504,0,0,0,0,0,0,0,0,0.00102539,-0.000927734,0.0108719,0,0,0,0,0,0,0,0,0,-0.0186608,-0.0800369,-0.0303401,0,0,0,-0.0617556,0,0,0,0,0,0,0,-3.14159,-3.14159,-3.14159,0,0,0,0,0,0,0,0,0,0.899334,0.223723,0.245437,0.99997
4.57805,-0,0,0,2.6842,1.22941,2.86238,-0.000439453,0.00156738,0.00538826,-0.00166911,0.0121009,0.0313987,0.00814408,-0.200566,0.0325689,0.0474464,0.195043,-0.000488281,0.0109863,0.0720024,0,0,0,1.83852,1.24994,3.12898,1.46484e-05,0.000131836,-0.000290871,0,0,0,0,0,0,0,0,-0.000634766,0.000976563,-0.00991821,0,0,0,0,0,0,0,0,0,-0.018204,-0.0801239,-0.0304706,0,0,0,-0.0632791,0,0,0,0,0,0,0,-3.14159,-3.14159,-3.14159,0,0,0,0,0,0,0,0,0,0.899334,0.223723,0.245437,0.99997
4.6406,-0,0,0,2.68422,1.22938,2.86232,0.000322266,-0.000644531,-0.00134945,-0.00274508,0.0119847,0.030874,0.00698936,-0.199883,0.0332072,0.0483814,0.194065,0.0152344,-0.0442383,-0.134754,0,0,0,1.83852,1.24994,3.12898,-3.66211e-05,-1.95312e-05,-0.000166893,0,0,0,0,0,0,0,0,-0.00102539,-0.00302734,0.00247955,0,0,0,0,0,0,0,0,0,-0.0180083,-0.0802544,-0.0304706,0,0,0,-0.0648027,0,0,0,0,0,0,0,-3.14159,-3.14159,-3.14159,0,0,0,0,0,0,0,0,0,0.899334,0.223723,0.245437,0.99997
4.7031,-0,0,0,2.68423,1.22939,2.86229,0.000219727,0.000168457,-0.000567436,-0.000556469,0.0122628,0.0313928,0.00631903,-0.198978,0.0344259,0.0487818,0.193009,-0.00205078,0.0162598,0.0156403,0,0,0,1.83852,1.24994,3.12897,7.8125e-05,4.15039e-05,-9.05991e-05,0,0,0,0,0,0,0,0,0.00229492,0.0012207,0.00152588,0,0,0,0,0,0,0,0,0,-0.0184215,-0.0800586,-0.0306228,0,0,0,-0.0663338,0,0,0,0,0,0,0,-3.14159,-3.14159,-3.14159,0,0,0,0,0,0,0,0,0,0.899198,0.223222,0.245437,0.999972
4.7031,-0,0,0,2.68423,1.22939,2.86229,0.000219727,0.000168457,-0.000567436,-0.000718197,0.0125423,0.0302154,0.00637101,-0.198306,0.0354856,0.0485466,0.192378,-0.00205078,0.0162598,0.0156403,0,0,0,1.83852,1.24994,3.12897,7.8125e-05,4.15039e-05,-9.05991e-05,0,0,0,0,0,0,0,0,0.00229492,0.0012207,0.00152588,0,0,0,0,0,0,0,0,0,-0.0183345,-0.0800804,-0.0305358,0,0,0,-0.0678606,0,0,0,0,0,0,0,-3.14159,-3.14159,-3.14159,0,0,0,0,0,0,0,0,0,0.899198,0.223222,0.245437,0.999972
4.76555,-0,0,0,2.68419,1.22943,2.8625,-0.000722656,0.000852051,0.00430107,-0.00127187,0.0113898,0.03217,0.00598913,-0.198725,0.0356272,0.0489875,0.192685,-0.0188477,0.0136719,0.0973701,0,0,0,1.83852,1.24994,3.129,-7.32422e-06,-3.66211e-05,0.000486374,0,0,0,0,0,0,0,0,-0.00170898,-0.0015625,0.0115395,0,0,0,0,0,0,0,0,0,-0.0181823,-0.0802761,-0.0309708,0,0,0,-0.0694091,0,0,0,0,0,0,0,-3.14159,-3.14159,-3.14159,0,0,0,0,0,0,0,0,0,0.899198,0.223222,0.245437,0.999972
4.82808,-0,0,0,2.6842,1.22944,2.86257,0.000107422,0.000163574,0.00125885,-0.0014307,0.0121966,0.0315137,0.00562947,-0.199687,0.0357669,0.0495864,0.193515,0.0166016,-0.0137695,-0.0608444,0,0,0,1.83852,1.24992,3.129,4.88281e-06,-0.000273437,6.19888e-05,0,0,0,0,0,0,0,0,0.000244141,-0.00473633,-0.0084877,0,0,0,0,0,0,0,0,0,-0.0181605,-0.0807763,-0.0307968,0,0,0,-0.070949,0,0,0,0,0,0,0,-3.14159,-3.14159,-3.14159,0,0,0,0,0,0,0,0,0,0.899198,0.223222,0.245437,0.999972
4.89058,-0,0,0,2.68421,1.22944,2.86238,0.00015625,-2.92969e-05,-0.0037384,-0.00406985,0.0107884,0.0305969,0.00613342,-0.199791,0.0364441,0.0491667,0.193744,0.000976563,-0.00385742,-0.0999451,0,0,0,1.83851,1.24994,3.12898,-0.000161133,0.000324707,-0.000357628,0,0,0,0,0,0,0,0,-0.00332031,0.0119629,-0.00839233,0,0,0,0,0,0,0,0,0,-0.0179213,-0.0809286,-0.0306663,0,0,0,-0.0724823,0,0,0,0,0,0,0,-3.14159,-3.14159,-3.14159,0,0,0,0,0,0,0,0,0,0.899198,0.223222,0.245437,0.999972
4.95309,-0,0,0,2.68424,1.2293,2.86203,0.000605469,-0.00272705,-0.0068903,-0.000312908,0.0114699,0.0321603,0.00628281,-0.1991,0.0375893,0.0488991,0.193104,0.00898437,-0.0539551,-0.0630379,0,0,0,1.83852,1.24994,3.12897,0.000107422,-9.52148e-05,-0.000305176,0,0,0,0,0,0,0,0,0.00537109,-0.00839844,0.00104904,0,0,0,0,0,0,0,0,0,-0.0184868,-0.0812113,-0.0308838,0,0,0,-0.0740265,0,0,0,0,0,0,0,-3.14159,-3.14159,-3.14159,0,0,0,0,0,0,0,0,0,0.899198,0.223222,0.245437,0.999972
4.95309,-0,0,0,2.68424,1.2293,2.86203,0.000605469,-0.00272705,-0.0068903,-0.00151368,0.0111115,0.0315064,0.00531949,-0.198907,0.0381453,0.0497717,0.192652,0.00898437,-0.0539551,-0.0630379,0,0,0,1.83852,1.24994,3.12897,0.000107422,-9.52148e-05,-0.000305176,0,0,0,0,0,0,0,0,0.00537109,-0.00839844,0.00104904,0,0,0,0,0,0,0,0,0,-0.0184868,-0.0813853,-0.0309055,0,0,0,-0.0755718,0,0,0,0,0,0,0,-3.14159,-3.14159,-3.14159,0,0,0,0,0,0,0,0,0,0.899198,0.223222,0.245437,0.999972
5.01556,-0,0,0,2.68423,1.22933,2.86213,-7.32422e-05,0.000600586,0.0019598,-0.00088555,0.0119279,0.0301987,0.00161461,-0.00365535,9.81091,-0.000543685,0.00395891,-0.0135742,0.0665527,0.177002,0,0,0,1.83852,1.24994,3.12898,7.32422e-06,0.000180664,0.000338554,0,0,0,0,0,0,0,0,-0.00200195,0.00551758,0.0128746,0,0,0,0,0,0,0,0,0,0.00121795,0.00160944,-0.0011527,0,0,0,2.86207,0,0,0,0,0,0,0,-3.14159,-3.14159,-3.14159,0,0,0,0,0,0,0,0,0,0.899198,0.223222,0.245437,0.999972
5.07809,-0,0,0,2.68422,1.22938,2.86239,-0.000307617,0.00092041,0.00507355,-0.00273823,0.00935345,0.0300646,-0.00118432,-0.00109136,9.81338,0.00143923,0.000722709,-0.0046875,0.00639648,0.0622749,0,0,0,1.83852,1.24994,3.129,3.90625e-05,-0.000126953,0.000276566,0,0,0,0,0,0,0,0,0.000634766,-0.00615234,-0.00123978,0,0,0,0,0,0,0,0,0,-0.000478481,-0.000608976,-0.0012832,0,0,0,2.86201,0,0,0,0,0,0,0,-3.14159,-3.14159,-3.14159,0,0,0,0,0,0,0,0,0,0.899198,0.223222,0.245437,0.999972
5.14054,-0,0,0,2.68423,1.22935,2.86234,0.000136719,-0.000661621,-0.000858307,-0.00315547,0.00952359,0.0309749,-0.00193655,0.000837368,9.81402,0.00163073,-0.00133871,0.00888672,-0.0316406,-0.118637,0,0,0,1.83852,1.24993,3.12899,9.76563e-06,-0.000158691,-0.000119209,0,0,0,0,0,0,0,0,-0.000585937,-0.000634766,-0.0079155,0,0,0,0,0,0,0,0,0,-0.000739471,-8.69966e-05,-0.000369736,0,0,0,2.86199,0,0,0,0,0,0,0,-3.14159,-3.14159,-3.14159,0,0,0,0,0,0,0,0,0,0.899198,0.223222,0.245437,0.999972
5.20293,-0,0,0,2.68425,1.22929,2.86203,0.000537109,-0.00119629,-0.00616074,-0.0023966,0.00695505,0.029013,-0.000404107,-0.0029346,9.81272,0.00119816,0.00270916,0.00800781,-0.0106934,-0.106049,0,0,0,1.83852,1.24994,3.129,2.92969e-05,0.000268555,0.000257492,0,0,0,0,0,0,0,0,0.000390625,0.00854492,0.00753403,0,0,0,0,0,0,0,0,0,0.000173993,-0.00230541,-0.00232716,0,0,0,2.86187,0,0,0,0,0,0,0,-3.14159,-3.14159,-3.14159,0,0,0,0,0,0,0,0,0,0.897568,0.223617,0.245437,0.99997
5.20293,-0,0,0,2.68425,1.22929,2.86203,0.000537109,-0.00119629,-0.00616074,-0.00437745,0.00752183,0.0307071,0.00182941,-0.00572071,9.81174,-0.000179866,0.00600341,0.00800781,-0.0106934,-0.106049,0,0,0,1.83852,1.24994,3.129,2.92969e-05,0.000268555,0.000257492,0,0,0,0,0,0,0,0,0.000390625,0.00854492,0.00753403,0,0,0,0,0,0,0,0,0,-0.00165294,-0.00139195,-0.000630725,0,0,0,2.86184,0,0,0,0,0,0,0,-3.14159,-3.14159,-3.14159,0,0,0,0,0,0,0,0,0,0.897568,0.223617,0.245437,0.99997
5.26554,-0,0,0,2.68421,1.22937,2.86219,-0.000854492,0.00176025,0.00320435,-0.00191864,0.0104381,0.0308346,-1.18568e-05,-0.00489817,9.80915,0.0013622,0.00470496,-0.027832,0.0591309,0.187302,0,0,0,1.83852,1.24992,3.12899,2.92969e-05,-0.000402832,-0.00023365,0,0,0,0,0,0,0,0,0.000390625,-0.0134277,-0.00982285,0,0,0,0,0,0,0,0,0,0.000956963,0.00187043,-0.00050023,0,0,0,2.86182,0,0,0,0,0,0,0,-3.14159,-3.14159,-3.14159,0,0,0,0,0,0,0,0,0,0.897568,0.223617,0.245437,0.99997
5.32806,-0,0,0,2.68422,1.22936,2.86225,0.000292969,-0.000310059,0.00114441,-0.004418,0.00670179,0.0308314,-0.00197341,-0.00266644,9.80476,0.00263211,0.00201897,0.0229492,-0.0414062,-0.0411987,0,0,0,1.83852,1.24995,3.129,-3.66211e-05,0.000444336,0.000190735,0,0,0,0,0,0,0,0,-0.00131836,0.0169434,0.0084877,0,0,0,0,0,0,0,0,0,-0.00139195,-0.00152244,-0.00050023,0,0,0,2.86179,0,0,0,0,0,0,0,-3.14159,-3.14159,-3.14159,0,0,0,0,0,0,0,0,0,0.897568,0.223617,0.245437,0.99997
5.39057,-0,0,0,2.68423,1.22934,2.86213,0.000151367,-0.000375977,-0.00235558,-0.00313175,0.0075359,0.0318718,-0.000780641,0.000173747,9.80661,0.000702431,-0.000382334,-0.00283203,-0.00131836,-0.0699997,0,0,0,1.83853,1.24994,3.12899,0.000119629,-9.27734e-05,-0.000295639,0,0,0,0,0,0,0,0,0.003125,-0.0107422,-0.00972748,0,0,0,0,0,0,0,0,0,4.34983e-05,-0.000347986,0.000543729,0,0,0,2.86182,0,0,0,0,0,0,0,-3.14159,-3.14159,-3.14159,0,0,0,0,0,0,0,0,0,0.897568,0.223617,0.245437,0.99997
5.45304,-0,0,0,2.68423,1.22933,2.86212,-8.78906e-05,-0.000200195,-0.000319481,-0.00497663,0.0064159,0.0306932,0.000958878,0.00364901,9.81069,-0.00192826,-0.00324292,-0.00478516,0.00351563,0.0407219,0,0,0,1.83852,1.24994,3.129,-0.00010498,-4.15039e-05,0.000352859,0,0,0,0,0,0,0,0,-0.00449219,0.00102539,0.01297,0,0,0,0,0,0,0,0,0,-0.00165294,-0.00113096,-0.000630725,0,0,0,2.86179,0,0,0,0,0,0,0,-3.14159,-3.14159,-3.14159,0,0,0,0,0,0,0,0,0,0.897568,0.223617,0.245437,0.99997
5.45304,-0,0,0,2.68423,1.22933,2.86212,-8.78906e-05,-0.000200195,-0.000319481,-0.00264503,0.00647542,0.0316037,0.000754231,0.00737062,9.81336,-0.00275816,-0.00687659,-0.00478516,0.00351563,0.0407219,0,0,0,1.83852,1.24994,3.129,-0.00010498,-4.15039e-05,0.000352859,0,0,0,0,0,0,0,0,-0.00449219,0.00102539,0.01297,0,0,0,0,0,0,0,0,0,0.000826468,-0.000739471,0.000282739,0,0,0,2.8618,0,0,0,0,0,0,0,-3.14159,-3.14159,-3.14159,0,0,0,0,0,0,0,0,0,0.897568,0.223617,0.245437,0.99997
5.51556,-0,0,0,2.68422,1.22937,2.86224,-0.000195313,0.000751953,0.00247002,-0.00409724,0.00797357,0.0293818,-0.00235016,0.00502065,9.81529,0.000874705,-0.00547403,-0.00214844,0.019043,0.0557899,0,0,0,1.83852,1.24994,3.129,2.19727e-05,4.63867e-05,-2.86102e-05,0,0,0,0,0,0,0,0,0.00253906,0.00175781,-0.00762939,0,0,0,0,0,0,0,0,0,-0.000478481,0.00108746,-0.00193567,0,0,0,2.86171,0,0,0,0,0,0,0,-3.14159,-3.14159,-3.14159,0,0,0,0,0,0,0,0,0,0.897568,0.223617,0.245437,0.99997
5.57821,-0,0,0,2.68422,1.22935,2.86218,0.000131836,-0.000422363,-0.00123501,-0.00176484,0.00608021,0.0322497,-0.00389339,-0.000879018,9.81273,0.00398482,-0.000228836,0.00654297,-0.0234863,-0.0741005,0,0,0,1.83852,1.24993,3.12901,-0.000102539,-0.000217285,0.000224113,0,0,0,0,0,0,0,0,-0.00249023,-0.00527344,0.00505447,0,0,0,0,0,0,0,0,0,0.00200092,-0.000478481,0.000935213,0,0,0,2.86175,0,0,0,0,0,0,0,-3.14159,-3.14159,-3.14159,0,0,0,0,0,0,0,0,0,0.897568,0.223617,0.245437,0.99997
5.64062,-0,0,0,2.68423,1.22934,2.86211,0.000175781,-0.000192871,-0.00138283,-0.00426036,0.00536147,0.0319844,-0.00125631,-0.00345714,9.81047,0.00216124,0.00297643,0.000878906,0.00458984,-0.00295639,0,0,0,1.83852,1.24994,3.129,2.92969e-05,0.000185547,-0.000333786,0,0,0,0,0,0,0,0,0.00263672,0.00805664,-0.011158,0,0,0,0,0,0,0,0,0,-0.000347986,-0.000869966,0.000674224,0,0,0,2.86179,0,0,0,0,0,0,0,-3.14159,-3.14159,-3.14159,0,0,0,0,0,0,0,0,0,0.89822,0.222627,0.245437,0.99997
