0,0,0,0,0,0,0,0,0,0,0,0,0,0,0,0,0,0,0,0,0,0,0,0,0,0,0,0,0,0,0,0,0,0,0,0,0,0,0,0,0,0,0,0,0,0,0,0,0,0,0,0,0,0,0,0,0,0,0,0,0,0,0,0,0,0,0,0,0,0,0,0,0,0,0,0,0,0,0,0
0,0,0,0,0,0,0,0,0,0,0,0,0,0,0,0,0,0,0,0,0,0,0,0,0,0,0,0,0,0,0,0,0,0,0,0,0,0,0,0,0,0,0,0,0,0,0,0,0,0,0,0,0,0,0,0,0,0,0,0,0,0,0,0,0,0,0,0,0,0,0,0,0,0,0,0,0,0,0,0
0,0,0,0,0,0,0,0,0,0,0,0,0,0,0,0,0,0,0,0,0,0,0,0,0,0,0,0,0,0,0,0,0,0,0,0,0,0,0,0,0,0,0,0,0,0,0,0,0,0,0,0,0,0,0,0,0,0,0,0,0,0,0,0,-3.14159,-3.14159,-3.14159,0,0,0,0,0,0,0,0,0,0,0,0,0
0,0,0,0,0,0,0,0,0,0,0,0,0,0,0,0,0,0,0,0,0,0,0,0,0,0,0,0,0,0,0,0,0,0,0,0,0,0,0,0,0,0,0,0,0,0,0,0,0,0,0,0,0,0,0,0,0,0,0,0,0,0,0,0,-3.14159,-3.14159,-3.14159,0,0,0,0,0,0,0,0,0,0,0,0,0
0,0,0,0,0,0,0,0,0,0,0,0,0,0,0,0,0,0,0,0,0,0,0,0,0,0,0,0,0,0,0,0,0,0,0,0,0,0,0,0,0,0,0,0,0,0,0,0,0,0,0,0,0,0,0,0,0,0,0,0,0,0,0,0,-3.14159,-3.14159,-3.14159,0,0,0,0,0,0,0,0,0,0,0,0,0
0,0,0,0,0,0,0,0,0,0,0,0,0,0,0,0,0,0,0,0,0,0,0,0,0,0,0,0,0,0,0,0,0,0,0,0,0,0,0,0,0,0,0,0,0,0,0,0,0,0,0,0,0,0,0,0,0,0,0,0,0,0,0,0,-3.14159,-3.14159,-3.14159,0,0,0,0,0,0,0,0,0,0,0,0,0
0,0,0,0,0,0,0,0,0,0,0,0,0,0,0,0,0,0,0,0,0,0,0,0,0,0,0,0,0,0,0,0,0,0,0,0,0,0,0,0,0,0,0,0,0,0,0,0,0,0,0,0,0,0,0,0,0,0,0,0,0,0,0,0,-3.14159,-3.14159,-3.14159,0,0,0,0,0,0,0,0,0,0,0,0,0
0,0,0,0,0,0,0,0,0,0,0,0,0,0,0,0,0,0,0,0,0,0,0,0,0,0,0,0,0,0,0,0,0,0,0,0,0,0,0,0,0,0,0,0,0,0,0,0,0,0,0,0,0,0,0,0,0,0,0,0,0,0,0,0,-3.14159,-3.14159,-3.14159,0,0,0,0,0,0,0,0,0,0,0,0,0
0,0,0,0,0,0,0,0,0,0,0,0,0,0,0,0,0,0,0,0,0,0,0,0,0,0,0,0,0,0,0,0,0,0,0,0,0,0,0,0,0,0,0,0,0,0,0,0,0,0,0,0,0,0,0,0,0,0,0,0,0,0,0,0,-3.14159,-3.14159,-3.14159,0,0,0,0,0,0,0,0,0,0,0,0,0
0,0,0,0,0,0,0,0,0,0,0,0,0,0,0,0,0,0,0,0,0,0,0,0,0,0,0,0,0,0,0,0,0,0,0,0,0,0,0,0,0,0,0,0,0,0,0,0,0,0,0,0,0,0,0,0,0,0,0,0,0,0,0,0,-3.14159,-3.14159,-3.14159,0,0,0,0,0,0,0,0,0,0,0,0,0
0,0,0,0,0,0,0,0,0,0,0,0,0,0,0,0,0,0,0,0,0,0,0,0,0,0,0,0,0,0,0,0,0,0,0,0,0,0,0,0,0,0,0,0,0,0,0,0,0,0,0,0,0,0,0,0,0,0,0,0,0,0,0,0,-3.14159,-3.14159,-3.14159,0,0,0,0,0,0,0,0,0,0,0,0,0
0,0,0,0,0,0,0,0,0,0,0,0,0,0,0,0,0,0,0,0,0,0,0,0,0,0,0,0,0,0,0,0,0,0,0,0,0,0,0,0,0,0,0,0,0,0,0,0,0,0,0,0,0,0,0,0,0,0,0,0,0,0,0,0,-3.14159,-3.14159,-3.14159,0,0,0,0,0,0,0,0,0,0,0,0,0
0,0,0,0,0,0,0,0,0,0,0,0,0,0,0,0,0,0,0,0,0,0,0,0,0,0,0,0,0,0,0,0,0,0,0,0,0,0,0,0,0,0,0,0,0,0,0,0,0,0,0,0,0,0,0,0,0,0,0,0,0,0,0,0,-3.14159,-3.14159,-3.14159,0,0,0,0,0,0,0,0,0,0,0,0,0
0,0,0,0,0,0,0,0,0,0,0,0,0,0,0,0,0,0,0,0,0,0,0,0,0,0,0,0,0,0,0,0,0,0,0,0,0,0,0,0,0,0,0,0,0,0,0,0,0,0,0,0,0,0,0,0,0,0,0,0,0,0,0,0,-3.14159,-3.14159,-3.14159,0,0,0,0,0,0,0,0,0,0,0,0,0
0,0,0,0,0,0,0,0,0,0,0,0,0,0,0,0,0,0,0,0,0,0,0,0,0,0,0,0,0,0,0,0,0,0,0,0,0,0,0,0,0,0,0,0,0,0,0,0,0,0,0,0,0,0,0,0,0,0,0,0,0,0,0,0,-3.14159,-3.14159,-3.14159,0,0,0,0,0,0,0,0,0,0,0,0,0
0,0,0,0,0,0,0,0,0,0,0,0,0,0,0,0,0,0,0,0,0,0,0,0,0,0,0,0,0,0,0,0,0,0,0,0,0,0,0,0,0,0,0,0,0,0,0,0,0,0,0,0,0,0,0,0,0,0,0,0,0,0,0,0,-3.14159,-3.14159,-3.14159,0,0,0,0,0,0,0,0,0,0,0,0,0
0,0,0,0,0,0,0,0,0,0,0,0,0,0,0,0,0,0,0,0,0,0,0,0,0,0,0,0,0,0,0,0,0,0,0,0,0,0,0,0,0,0,0,0,0,0,0,0,0,0,0,0,0,0,0,0,0,0,0,0,0,0,0,0,-3.14159,-3.14159,-3.14159,0,0,0,0,0,0,0,0,0,0,0,0,0
0,0,0,0,0,0,0,0,0,0,0,0,0,0,0,0,0,0,0,0,0,0,0,0,0,0,0,0,0,0,0,0,0,0,0,0,0,0,0,0,0,0,0,0,0,0,0,0,0,0,0,0,0,0,0,0,0,0,0,0,0,0,0,0,-3.14159,-3.14159,-3.14159,0,0,0,0,0,0,0,0,0,0,0,0,0
0,0,0,0,0,0,0,0,0,0,0,0,0,0,0,0,0,0,0,0,0,0,0,0,0,0,0,0,0,0,0,0,0,0,0,0,0,0,0,0,0,0,0,0,0,0,0,0,0,0,0,0,0,0,0,0,0,0,0,0,0,0,0,0,-3.14159,-3.14159,-3.14159,0,0,0,0,0,0,0,0,0,0,0,0,0
0,0,0,0,0,0,0,0,0,0,0.0170948,0.0741211,0.0293614,0.000496885,-0.00827168,9.33907,0.000496885,-0.00827168,0,0,0,0,0,0,0,0,0,0,0,0,0,0,0,0,0,0,0,0,0,0,0,0,0,0,0,0,0,0,0,0,-0.00284914,-0.0123535,-0.00489356,0,0,0,-0.000244678,0,0,0,0,0,0,0,-3.14159,-3.14159,-3.14159,0,0,0,0,0,0,0,0,0,0,0,0,0
0,0,0,0,0,0,0,0,0,0,0.0146252,0.0730646,0.029492,0.00198754,-0.0329113,7.92596,0.00198754,-0.0329113,0,0,0,0,0,0,0,0,0,0,0,0,0,0,0,0,0,0,0,0,0,0,0,0,0,0,0,0,0,0,0,0,-0.00528504,-0.024533,-0.00980887,0,0,0,-0.000735121,0,0,0,0,0,0,0,-3.14159,-3.14159,-3.14159,0,0,0,0,0,0,0,0,0,0,0,0,0
0,0,0,0,0,0,0,0,0,0,0.0168578,0.071066,0.0296225,0.00342217,-0.0641112,6.1216,0.00342217,-0.0641112,0,0,0,0,0,0,0,0,0,0,0,0,0,0,0,0,0,0,0,0,0,0,0,0,0,0,0,0,0,0,0,0,-0.00809068,-0.0363863,-0.0147459,0,0,0,-0.00147242,0,0,0,0,0,0,0,-3.14159,-3.14159,-3.14159,0,0,0,0,0,0,0,0,0,0,0,0,0
0,0,0,0,0,0,0,0,0,0,0.0168713,0.0721843,0.0277968,0.00380944,-0.0921228,4.47776,0.00380944,-0.0921228,0,0,0,0,0,0,0,0,0,0,0,0,0,0,0,0,0,0,0,0,0,0,0,0,0,0,0,0,0,0,0,0,-0.0108963,-0.0484354,-0.0193785,0,0,0,-0.00244134,0,0,0,0,0,0,0,-3.14159,-3.14159,-3.14159,0,0,0,0,0,0,0,0,0,0,0,0,0
0,0,0,0,0,0,0,0,0,0,0.014536,0.0727809,0.0289717,0.00388481,-0.118804,2.90029,0.00388481,-0.118804,0,0,0,0,0,0,0,0,0,0,0,0,0,0,0,0,0,0,0,0,0,0,0,0,0,0,0,0,0,0,0,0,-0.0133105,-0.0605931,-0.0242068,0,0,0,-0.00365168,0,0,0,0,0,0,0,-3.14159,-3.14159,-3.14159,0,0,0,0,0,0,0,0,0,0,0,0,0
0,0,0,0,0,0,0,0,0,0,0.016375,0.0712836,0.0284476,0.00454908,-0.145974,1.2939,0.00454908,-0.145974,0,0,0,0,0,0,0,0,0,0,0,0,0,0,0,0,0,0,0,0,0,0,0,0,0,0,0,0,0,0,0,0,-0.0160291,-0.0725117,-0.0289481,0,0,0,-0.00509909,0,0,0,0,0,0,0,-3.14159,-3.14159,-3.14159,0,0,0,0,0,0,0,0,0,0,0,0,0
0,0,0,0,0,0,0,0,0,0,0.0145578,0.0725151,0.0280554,0.00509149,-0.164925,0.145797,0.00509149,-0.164925,0,0,0,0,0,0,0,0,0,0,0,0,0,0,0,0,0,0,0,0,0,0,0,0,0,0,0,0,0,0,0,0,-0.0155941,-0.0722942,-0.0287306,0,0,0,-0.00653562,0,0,0,0,0,0,0,-3.14159,-3.14159,-3.14159,0,0,0,0,0,0,0,0,0,0,0,0,0
0,0,0,0,0,0,0,0,0,0,0.0163894,0.0734792,0.0285782,0.00436372,-0.167746,-0.0553953,0.00436372,-0.167746,0,0,0,0,0,0,0,0,0,0,0,0,0,0,0,0,0,0,0,0,0,0,0,0,0,0,0,0,0,0,0,0,-0.0158769,-0.0724247,-0.0285784,0,0,0,-0.00796454,0,0,0,0,0,0,0,-3.14159,-3.14159,-3.14159,0,0,0,0,0,0,0,0,0,0,0,0,0
0,0,0,0,0,0,0,0,0,0,0.0162634,0.0728694,0.0280552,0.00353995,-0.164495,0.136736,0.00353995,-0.164495,0,0,0,0,0,0,0,0,0,0,0,0,0,0,0,0,0,0,0,0,0,0,0,0,0,0,0,0,0,0,0,0,-0.0157681,-0.0727944,-0.0283174,0,0,0,-0.00938041,0,0,0,0,0,0,0,-3.14159,-3.14159,-3.14159,0,0,0,0,0,0,0,0,0,0,0,0,0
0,0,0,0,0,0,0,0,0,0,0.0158742,0.0726444,0.0285756,0.00386941,-0.164361,0.167046,0.00386941,-0.164361,0,0,0,0,0,0,0,0,0,0,0,0,0,0,0,0,0,0,0,0,0,0,0,0,0,0,0,0,0,0,0,0,-0.0155941,-0.0729466,-0.0284479,0,0,0,-0.0108028,0,0,0,0,0,0,0,-3.14159,-3.14159,-3.14159,0,0,0,0,0,0,0,0,0,0,0,0,0
0,0,0,0,0,0,0,0,0,0,0.017049,0.0724101,0.0284442,0.00441995,-0.164802,0.130107,0.00441995,-0.164802,0,0,0,0,0,0,0,0,0,0,0,0,0,0,0,0,0,0,0,0,0,0,0,0,0,0,0,0,0,0,0,0,-0.0160074,-0.0729684,-0.0283609,0,0,0,-0.0122208,0,0,0,0,0,0,0,-3.14159,-3.14159,-3.14159,0,0,0,0,0,0,0,0,0,0,0,0,0
0,0,0,0,0,0,0,0,0,0,0.0163946,0.0707308,0.0292266,0.00415882,-0.164299,0.121896,0.00415882,-0.164299,0,0,0,0,0,0,0,0,0,0,0,0,0,0,0,0,0,0,0,0,0,0,0,0,0,0,0,0,0,0,0,0,-0.0160074,-0.0729684,-0.0284914,0,0,0,-0.0136454,0,0,0,0,0,0,0,-3.14159,-3.14159,-3.14159,0,0,0,0,0,0,0,0,0,0,0,0,0
0,0,0,0,0,0,0,0,0,0,0.0156073,0.0723063,0.0284414,0.00353825,-0.164311,0.126275,0.00353825,-0.164311,0,0,0,0,0,0,0,0,0,0,0,0,0,0,0,0,0,0,0,0,0,0,0,0,0,0,0,0,0,0,0,0,-0.0161814,-0.0730336,-0.0285566,0,0,0,-0.0150732,0,0,0,0,0,0,0,-3.14159,-3.14159,-3.14159,0,0,0,0,0,0,0,0,0,0,0,0,0
0,0,0,0,0,0,0,0,0,0,0.0146878,0.072309,0.0280484,0.00361228,-0.164456,0.12593,0.00361228,-0.164456,0,0,0,0,0,0,0,0,0,0,0,0,0,0,0,0,0,0,0,0,0,0,0,0,0,0,0,0,0,0,0,0,-0.0158986,-0.0729466,-0.0284696,0,0,0,-0.0164967,0,0,0,0,0,0,0,-3.14159,-3.14159,-3.14159,0,0,0,0,0,0,0,0,0,0,0,0,0
0,0,0,0,0,0,0,0,0,0,0.0142876,0.0717823,0.0283086,0.00415718,-0.163899,0.122285,0.00415718,-0.163899,0,0,0,0,0,0,0,0,0,0,0,0,0,0,0,0,0,0,0,0,0,0,0,0,0,0,0,0,0,0,0,0,-0.0155724,-0.0728814,-0.0285131,0,0,0,-0.0179224,0,0,0,0,0,0,0,-3.14159,-3.14159,-3.14159,0,0,0,0,0,0,0,0,0,0,0,0,0
0,0,0,0,0,0,0,0,0,0,0.0147959,0.0722936,0.0296117,0.00481674,-0.163523,0.118282,0.00481674,-0.163523,0,0,0,0,0,0,0,0,0,0,0,0,0,0,0,0,0,0,0,0,0,0,0,0,0,0,0,0,0,0,0,0,-0.0153984,-0.0729466,-0.0286871,0,0,0,-0.0193567,0,0,0,0,0,0,0,-3.14159,-3.14159,-3.14159,0,0,0,0,0,0,0,0,0,0,0,0,0
0,0,0,0,0,0,0,0,0,0,0.01713,0.0704471,0.0279148,0.00598008,-0.164145,0.11502,0.00598008,-0.164145,0,0,0,0,0,0,0,0,0,0,0,0,0,0,0,0,0,0,0,0,0,0,0,0,0,0,0,0,0,0,0,0,-0.0154201,-0.0727509,-0.0286001,0,0,0,-0.0207867,0,0,0,0,0,0,0,-3.14159,-3.14159,-3.14159,0,0,0,0,0,0,0,0,0,0,0,0,0
0,0,0,0,0,0,0,0,0,0,0.0154166,0.0712027,0.0283041,0.00700683,-0.165086,0.112258,0.00700683,-0.165086,0,0,0,0,0,0,0,0,0,0,0,0,0,0,0,0,0,0,0,0,0,0,0,0,0,0,0,0,0,0,0,0,-0.0152679,-0.0729684,-0.0284479,0,0,0,-0.0222091,0,0,0,0,0,0,0,-3.14159,-3.14159,-3.14159,0,0,0,0,0,0,0,0,0,0,0,0,0
0,0,0,0,0,0,0,0,0,0,0.0168342,0.0719502,0.0292159,0.00709952,-0.16533,0.109631,0.00709952,-0.16533,0,0,0,0,0,0,0,0,0,0,0,0,0,0,0,0,0,0,0,0,0,0,0,0,0,0,0,0,0,0,0,0,-0.0154854,-0.0730554,-0.0285784,0,0,0,-0.0236381,0,0,0,0,0,0,0,-3.14159,-3.14159,-3.14159,0,0,0,0,0,0,0,0,0,0,0,0,0
0,0,0,0,0,0,0,0,0,0,0.015903,0.0719066,0.0285622,0.00657261,-0.164906,0.106744,0.00657261,-0.164906,0,0,0,0,0,0,0,0,0,0,0,0,0,0,0,0,0,0,0,0,0,0,0,0,0,0,0,0,0,0,0,0,-0.0157029,-0.0731424,-0.0286654,0,0,0,-0.0250713,0,0,0,0,0,0,0,-3.14159,-3.14159,-3.14159,0,0,0,0,0,0,0,0,0,0,0,0,0
0,0,0,0,0,0,0,0,0,0,0.016143,0.0712033,0.0288196,0.00588445,-0.16425,0.103892,0.00588445,-0.16425,0,0,0,0,0,0,0,0,0,0,0,0,0,0,0,0,0,0,0,0,0,0,0,0,0,0,0,0,0,0,0,0,-0.0160291,-0.0732076,-0.0287524,0,0,0,-0.026509,0,0,0,0,0,0,0,-3.14159,-3.14159,-3.14159,0,0,0,0,0,0,0,0,0,0,0,0,0
0,0,0,0,0,0,0,0,0,0,0.0162506,0.0702299,0.0288169,0.00521491,-0.1633,0.102107,0.00521491,-0.1633,0,0,0,0,0,0,0,0,0,0,0,0,0,0,0,0,0,0,0,0,0,0,0,0,0,0,0,0,0,0,0,0,-0.0162901,-0.0730336,-0.0286219,0,0,0,-0.02794,0,0,0,0,0,0,0,-3.14159,-3.14159,-3.14159,0,0,0,0,0,0,0,0,0,0,0,0,0
0,0,0,0,0,0,0,0,0,0,0.0172691,0.070554,0.0289442,0.00448535,-0.161922,0.101252,0.00448535,-0.161922,0,0,0,0,0,0,0,0,0,0,0,0,0,0,0,0,0,0,0,0,0,0,0,0,0,0,0,0,0,0,0,0,-0.0163336,-0.0732294,-0.0287959,0,0,0,-0.0293798,0,0,0,0,0,0,0,-3.14159,-3.14159,-3.14159,0,0,0,0,0,0,0,0,0,0,0,0,0
0,0,0,0,0,0,0,0,0,0,0.0173707,0.0704801,0.0294645,0.0041618,-0.160886,0.100564,0.0041618,-0.160886,0,0,0,0,0,0,0,0,0,0,0,0,0,0,0,0,0,0,0,0,0,0,0,0,0,0,0,0,0,0,0,0,-0.0166816,-0.0732946,-0.0289916,0,0,0,-0.0308294,0,0,0,0,0,0,0,-3.14159,-3.14159,-3.14159,0,0,0,0,0,0,0,0,0,0,0,0,0
0,0,0,0,0,0,0,0,0,0,0.0156444,0.0726169,0.0278965,0.00460849,-0.160509,0.0991621,0.00460849,-0.160509,0,0,0,0,0,0,0,0,0,0,0,0,0,0,0,0,0,0,0,0,0,0,0,0,0,0,0,0,0,0,0,0,-0.0165076,-0.0735991,-0.0287741,0,0,0,-0.0322681,0,0,0,0,0,0,0,-3.14159,-3.14159,-3.14159,0,0,0,0,0,0,0,0,0,0,0,0,0
0,0,0,0,0,0,0,0,0,0,0.0166563,0.0696587,0.0285463,0.00501474,-0.160687,0.0972341,0.00501474,-0.160687,0,0,0,0,0,0,0,0,0,0,0,0,0,0,0,0,0,0,0,0,0,0,0,0,0,0,0,0,0,0,0,0,-0.0166598,-0.0734251,-0.0287741,0,0,0,-0.0337068,0,0,0,0,0,0,0,-3.14159,-3.14159,-3.14159,0,0,0,0,0,0,0,0,0,0,0,0,0
0,0,0,0,0,0,0,0,0,0,0.0153169,0.0693042,0.0280222,0.00490887,-0.16119,0.0962178,0.00490887,-0.16119,0,0,0,0,0,0,0,0,0,0,0,0,0,0,0,0,0,0,0,0,0,0,0,0,0,0,0,0,0,0,0,0,-0.0165511,-0.0733164,-0.0286436,0,0,0,-0.035139,0,0,0,0,0,0,0,-3.14159,-3.14159,-3.14159,0,0,0,0,0,0,0,0,0,0,0,0,0
0,0,0,0,0,0,0,0,0,0,0.0154102,0.0695965,0.0272374,0.00440074,-0.161568,0.095701,0.00440074,-0.161568,0,0,0,0,0,0,0,0,0,0,0,0,0,0,0,0,0,0,0,0,0,0,0,0,0,0,0,0,0,0,0,0,-0.0164424,-0.0734251,-0.0283826,0,0,0,-0.0365581,0,0,0,0,0,0,0,-3.14159,-3.14159,-3.14159,0,0,0,0,0,0,0,0,0,0,0,0,0
0,0,0,0,0,0,0,0,0,0,0.0155028,0.069619,0.0285391,0.00392202,-0.162067,0.0935079,0.00392202,-0.162067,0,0,0,0,0,0,0,0,0,0,0,0,0,0,0,0,0,0,0,0,0,0,0,0,0,0,0,0,0,0,0,0,-0.0161814,-0.0734904,-0.0283174,0,0,0,-0.037974,0,0,0,0,0,0,0,-3.14159,-3.14159,-3.14159,0,0,0,0,0,0,0,0,0,0,0,0,0
0,0,0,0,0,0,0,0,0,0,0.0138961,0.0688515,0.028405,0.00374615,-0.162703,0.0896799,0.00374615,-0.162703,0,0,0,0,0,0,0,0,0,0,0,0,0,0,0,0,0,0,0,0,0,0,0,0,0,0,0,0,0,0,0,0,-0.0156376,-0.0734469,-0.0281434,0,0,0,-0.0393812,0,0,0,0,0,0,0,-3.14159,-3.14159,-3.14159,0,0,0,0,0,0,0,0,0,0,0,0,0
0,0,0,0,0,0,0,0,0,0,0.0156796,0.0693833,0.0281416,0.00359445,-0.163144,0.086958,0.00359445,-0.163144,0,0,0,0,0,0,0,0,0,0,0,0,0,0,0,0,0,0,0,0,0,0,0,0,0,0,0,0,0,0,0,0,-0.0156811,-0.0731424,-0.0281869,0,0,0,-0.0407905,0,0,0,0,0,0,0,-3.14159,-3.14159,-3.14159,0,0,0,0,0,0,0,0,0,0,0,0,0
0,0,0,0,0,0,0,0,0,0,0.0161569,0.0689956,0.0294442,0.00368309,-0.163005,0.0853934,0.00368309,-0.163005,0,0,0,0,0,0,0,0,0,0,0,0,0,0,0,0,0,0,0,0,0,0,0,0,0,0,0,0,0,0,0,0,-0.0156376,-0.0732729,-0.0283391,0,0,0,-0.0422075,0,0,0,0,0,0,0,-3.14159,-3.14159,-3.14159,0,0,0,0,0,0,0,0,0,0,0,0,0
0,0,0,0,0,0,0,0,0,0,0.0178057,0.0699067,0.0281372,0.00403063,-0.162696,0.083259,0.00403063,-0.162696,0,0,0,0,0,0,0,0,0,0,0,0,0,0,0,0,0,0,0,0,0,0,0,0,0,0,0,0,0,0,0,0,-0.0160944,-0.0736209,-0.0283609,0,0,0,-0.0436255,0,0,0,0,0,0,0,-3.14159,-3.14159,-3.14159,0,0,0,0,0,0,0,0,0,0,0,0,0
0,0,0,0,0,0,0,0,0,0,0.0167135,0.0684598,0.0294397,0.00454153,-0.162837,0.0808092,0.00454153,-0.162837,0,0,0,0,0,0,0,0,0,0,0,0,0,0,0,0,0,0,0,0,0,0,0,0,0,0,0,0,0,0,0,0,-0.0163554,-0.0736861,-0.0287306,0,0,0,-0.0450621,0,0,0,0,0,0,0,-3.14159,-3.14159,-3.14159,0,0,0,0,0,0,0,0,0,0,0,0,0
0,0,0,0,0,0,0,0,0,0,0.0162699,0.0684446,0.0295679,0.00489111,-0.163474,0.0792171,0.00489111,-0.163474,0,0,0,0,0,0,0,0,0,0,0,0,0,0,0,0,0,0,0,0,0,0,0,0,0,0,0,0,0,0,0,0,-0.0165294,-0.0737514,-0.0289046,0,0,0,-0.0465073,0,0,0,0,0,0,0,-3.14159,-3.14159,-3.14159,0,0,0,0,0,0,0,0,0,0,0,0,0
0,0,0,0,0,0,0,0,0,0,0.0150412,0.0658136,0.0282596,0.00459885,-0.164473,0.0786729,0.00459885,-0.164473,0,0,0,0,0,0,0,0,0,0,0,0,0,0,0,0,0,0,0,0,0,0,0,0,0,0,0,0,0,0,0,0,-0.0167686,-0.0735121,-0.0288829,0,0,0,-0.0479514,0,0,0,0,0,0,0,-3.14159,-3.14159,-3.14159,0,0,0,0,0,0,0,0,0,0,0,0,0
0,0,0,0,0,0,0,0,0,0,0.0143323,0.0655282,0.0290389,0.00398353,-0.164685,0.0771631,0.00398353,-0.164685,0,0,0,0,0,0,0,0,0,0,0,0,0,0,0,0,0,0,0,0,0,0,0,0,0,0,0,0,0,0,0,0,-0.0165946,-0.0731424,-0.0290351,0,0,0,-0.0494032,0,0,0,0,0,0,0,-3.14159,-3.14159,-3.14159,0,0,0,0,0,0,0,0,0,0,0,0,0
0,0,0,0,0,0,0,0,0,0,0.0151896,0.0653644,0.0298182,0.00327373,-0.163988,0.0749474,0.00327373,-0.163988,0,0,0,0,0,0,0,0,0,0,0,0,0,0,0,0,0,0,0,0,0,0,0,0,0,0,0,0,0,0,0,0,-0.0164859,-0.0728162,-0.0291004,0,0,0,-0.0508582,0,0,0,0,0,0,0,-3.14159,-3.14159,-3.14159,0,0,0,0,0,0,0,0,0,0,0,0,0
0,0,0,0,0,0,0,0,0,0,0.0144795,0.0676713,0.0278571,0.00279473,-0.163425,0.073482,0.00279473,-0.163425,0,0,0,0,0,0,0,0,0,0,0,0,0,0,0,0,0,0,0,0,0,0,0,0,0,0,0,0,0,0,0,0,-0.0159856,-0.0727292,-0.0290569,0,0,0,-0.0523111,0,0,0,0,0,0,0,-3.14159,-3.14159,-3.14159,0,0,0,0,0,0,0,0,0,0,0,0,0
0,0,0,0,0,0,0,0,0,0,0.01729,0.0665805,0.0278547,0.00271191,-0.163603,0.072313,0.00271191,-0.163603,0,0,0,0,0,0,0,0,0,0,0,0,0,0,0,0,0,0,0,0,0,0,0,0,0,0,0,0,0,0,0,0,-0.0161379,-0.0727074,-0.0287959,0,0,0,-0.0537508,0,0,0,0,0,0,0,-3.14159,-3.14159,-3.14159,0,0,0,0,0,0,0,0,0,0,0,0,0
0,0,0,0,0,0,0,0,0,0,0.015138,0.0656175,0.0285025,0.00270641,-0.164548,0.0706938,0.00270641,-0.164548,0,0,0,0,0,0,0,0,0,0,0,0,0,0,0,0,0,0,0,0,0,0,0,0,0,0,0,0,0,0,0,0,-0.0160074,-0.0725334,-0.0286219,0,0,0,-0.0551819,0,0,0,0,0,0,0,-3.14159,-3.14159,-3.14159,0,0,0,0,0,0,0,0,0,0,0,0,0
0,0,0,0,0,0,0,0,0,0,0.0144189,0.0636073,0.029151,0.00274985,-0.165365,0.0687022,0.00274985,-0.165365,0,0,0,0,0,0,0,0,0,0,0,0,0,0,0,0,0,0,0,0,0,0,0,0,0,0,0,0,0,0,0,0,-0.0159639,-0.0724682,-0.0287741,0,0,0,-0.0566206,0,0,0,0,0,0,0,-3.14159,-3.14159,-3.14159,0,0,0,0,0,0,0,0,0,0,0,0,0
0,0,0,0,0,0,0,0,0,0,0.0148728,0.0645943,0.0287559,0.00330614,-0.165875,0.0676355,0.00330614,-0.165875,0,0,0,0,0,0,0,0,0,0,0,0,0,0,0,0,0,0,0,0,0,0,0,0,0,0,0,0,0,0,0,0,-0.0161161,-0.0726204,-0.0287306,0,0,0,-0.0580572,0,0,0,0,0,0,0,-3.14159,-3.14159,-3.14159,0,0,0,0,0,0,0,0,0,0,0,0,0
0,0,0,0,0,0,0,0,0,0,0.0155852,0.0658355,0.0294038,0.00432168,-0.166115,0.0671588,0.00432168,-0.166115,0,0,0,0,0,0,0,0,0,0,0,0,0,0,0,0,0,0,0,0,0,0,0,0,0,0,0,0,0,0,0,0,-0.0162466,-0.0730119,-0.0286654,0,0,0,-0.0594904,0,0,0,0,0,0,0,-3.14159,-3.14159,-3.14159,0,0,0,0,0,0,0,0,0,0,0,0,0
0,0,0,0,0,0,0,0,0,0,0.0143375,0.0636757,0.0293996,0.00498618,-0.166378,0.0666404,0.00498618,-0.166378,0,0,0,0,0,0,0,0,0,0,0,0,0,0,0,0,0,0,0,0,0,0,0,0,0,0,0,0,0,0,0,0,-0.0162901,-0.0726639,-0.0289264,0,0,0,-0.0609368,0,0,0,0,0,0,0,-3.14159,-3.14159,-3.14159,0,0,0,0,0,0,0,0,0,0,0,0,0
0,0,0,0,0,0,0,0,0,0,0.0166126,0.0651645,0.0290026,0.00516268,-0.166746,0.0661376,0.00516268,-0.166746,0,0,0,0,0,0,0,0,0,0,0,0,0,0,0,0,0,0,0,0,0,0,0,0,0,0,0,0,0,0,0,0,-0.0162466,-0.0727509,-0.0291221,0,0,0,-0.0623929,0,0,0,0,0,0,0,-3.14159,-3.14159,-3.14159,0,0,0,0,0,0,0,0,0,0,0,0,0
0,0,0,0,0,0,0,0,0,0,0.0141881,0.0641712,0.0292587,0.00493176,-0.165941,0.065905,0.00493176,-0.165941,0,0,0,0,0,0,0,0,0,0,0,0,0,0,0,0,0,0,0,0,0,0,0,0,0,0,0,0,0,0,0,0,-0.0161596,-0.0728379,-0.0292526,0,0,0,-0.0638555,0,0,0,0,0,0,0,-3.14159,-3.14159,-3.14159,0,0,0,0,0,0,0,0,0,0,0,0,0
0,0,0,0,0,0,0,0,0,0,0.0145018,0.0630426,0.0283398,0.00469688,-0.164212,0.0657282,0.00469688,-0.164212,0,0,0,0,0,0,0,0,0,0,0,0,0,0,0,0,0,0,0,0,0,0,0,0,0,0,0,0,0,0,0,0,-0.0162466,-0.0730771,-0.0291221,0,0,0,-0.0653116,0,0,0,0,0,0,0,-3.14159,-3.14159,-3.14159,0,0,0,0,0,0,0,0,0,0,0,0,0
0,0,0,0,0,0,0,0,0,0,0.0131185,0.0647783,0.0282037,0.00467804,-0.16321,0.0650082,0.00467804,-0.16321,0,0,0,0,0,0,0,0,0,0,0,0,0,0,0,0,0,0,0,0,0,0,0,0,0,0,0,0,0,0,0,0,-0.0160291,-0.0734469,-0.0290351,0,0,0,-0.0667634,0,0,0,0,0,0,0,-3.14159,-3.14159,-3.14159,0,0,0,0,0,0,0,0,0,0,0,0,0
0,0,0,0,0,0,0,0,0,0,0.0135607,0.0612884,0.0280679,0.00427991,-0.163711,0.0638402,0.00427991,-0.163711,0,0,0,0,0,0,0,0,0,0,0,0,0,0,0,0,0,0,0,0,0,0,0,0,0,0,0,0,0,0,0,0,-0.0157681,-0.0730336,-0.0288176,0,0,0,-0.0682042,0,0,0,0,0,0,0,-3.14159,-3.14159,-3.14159,0,0,0,0,0,0,0,0,0,0,0,0,0
0,0,0,0,0,0,0,0,0,0,0.0156982,0.0630136,0.0293681,0.00384471,-0.164438,0.0625315,0.00384471,-0.164438,0,0,0,0,0,0,0,0,0,0,0,0,0,0,0,0,0,0,0,0,0,0,0,0,0,0,0,0,0,0,0,0,-0.0160726,-0.0732729,-0.0288176,0,0,0,-0.0696451,0,0,0,0,0,0,0,-3.14159,-3.14159,-3.14159,0,0,0,0,0,0,0,0,0,0,0,0,0
0,0,0,0,0,0,0,0,0,0,0.0133959,0.0623873,0.0284498,0.00385456,-0.164645,0.0614459,0.00385456,-0.164645,0,0,0,0,0,0,0,0,0,0,0,0,0,0,0,0,0,0,0,0,0,0,0,0,0,0,0,0,0,0,0,0,-0.0156159,-0.0731641,-0.0287306,0,0,0,-0.0710817,0,0,0,0,0,0,0,-3.14159,-3.14159,-3.14159,0,0,0,0,0,0,0,0,0,0,0,0,0
0,0,0,0,0,0,0,0,0,0,0.0143536,0.0629321,0.0283147,0.0041046,-0.165718,0.0599167,0.0041046,-0.165718,0,0,0,0,0,0,0,0,0,0,0,0,0,0,0,0,0,0,0,0,0,0,0,0,0,0,0,0,0,0,0,0,-0.0157246,-0.0733164,-0.0285784,0,0,0,-0.0725106,0,0,0,0,0,0,0,-3.14159,-3.14159,-3.14159,0,0,0,0,0,0,0,0,0,0,0,0,0
0,0,0,0,0,0,0,0,0,0,0.0126994,0.0621691,0.0287018,0.00430751,-0.16732,0.0582908,0.00430751,-0.16732,0,0,0,0,0,0,0,0,0,0,0,0,0,0,0,0,0,0,0,0,0,0,0,0,0,0,0,0,0,0,0,0,-0.0155071,-0.0735339,-0.0286436,0,0,0,-0.0739428,0,0,0,0,0,0,0,-3.14159,-3.14159,-3.14159,0,0,0,0,0,0,0,0,0,0,0,0,0
0,0,0,0,0,0,0,0,0,0,0.0148285,0.0604884,0.0283056,0.00426461,-0.167866,0.0570333,0.00426461,-0.167866,0,0,0,0,0,0,0,0,0,0,0,0,0,0,0,0,0,0,0,0,0,0,0,0,0,0,0,0,0,0,0,0,-0.0158769,-0.0731859,-0.0286654,0,0,0,-0.075376,0,0,0,0,0,0,0,-3.14159,-3.14159,-3.14159,0,0,0,0,0,0,0,0,0,0,0,0,0
0,0,0,0,0,0,0,0,0,0,0.0131725,0.0612789,0.0276464,0.00411289,-0.167358,0.0561723,0.00411289,-0.167358,0,0,0,0,0,0,0,0,0,0,0,0,0,0,0,0,0,0,0,0,0,0,0,0,0,0,0,0,0,0,0,0,-0.0158986,-0.0735556,-0.0286001,0,0,0,-0.076806,0,0,0,0,0,0,0,-3.14159,-3.14159,-3.14159,0,0,0,0,0,0,0,0,0,0,0,0,0
0,0,0,0,0,0,0,0,0,0,0.0132109,0.0614124,0.0286853,0.00420793,-0.166796,0.0558327,0.00420793,-0.166796,0,0,0,0,0,0,0,0,0,0,0,0,0,0,0,0,0,0,0,0,0,0,0,0,0,0,0,0,0,0,0,0,-0.0155724,-0.0736644,-0.0284914,0,0,0,-0.0782306,0,0,0,0,0,0,0,-3.14159,-3.14159,-3.14159,0,0,0,0,0,0,0,0,0,0,0,0,0
0,0,0,0,0,0,0,0,0,0,0.0133766,0.0598484,0.0281577,0.00411705,-0.166153,0.0554543,0.00411705,-0.166153,0,0,0,0,0,0,0,0,0,0,0,0,0,0,0,0,0,0,0,0,0,0,0,0,0,0,0,0,0,0,0,0,-0.0156594,-0.0736209,-0.0284479,0,0,0,-0.079653,0,0,0,0,0,0,0,-3.14159,-3.14159,-3.14159,0,0,0,0,0,0,0,0,0,0,0,0,0
0,0,0,0,0,0,0,0,0,0,0.0143254,0.060889,0.0306316,0.00337003,-0.164378,0.0557464,0.00337003,-0.164378,0,0,0,0,0,0,0,0,0,0,0,0,0,0,0,0,0,0,0,0,0,0,0,0,0,0,0,0,0,0,0,0,-0.0157464,-0.0736644,-0.0288394,0,0,0,-0.081095,0,0,0,0,0,0,0,-3.14159,-3.14159,-3.14159,0,0,0,0,0,0,0,0,0,0,0,0,0
0,0,0,0,0,0,0,0,0,0,0.0125325,0.0573588,0.0276251,0.00280105,-0.162267,0.056542,0.00280105,-0.162267,0,0,0,0,0,0,0,0,0,0,0,0,0,0,0,0,0,0,0,0,0,0,0,0,0,0,0,0,0,0,0,0,-0.0158116,-0.0732511,-0.0286654,0,0,0,-0.0825282,0,0,0,0,0,0,0,-3.14159,-3.14159,-3.14159,0,0,0,0,0,0,0,0,0,0,0,0,0
0,0,0,0,0,0,0,0,0,0,0.0136087,0.058262,0.0294457,0.00272462,-0.161315,0.0566673,0.00272462,-0.161315,0,0,0,0,0,0,0,0,0,0,0,0,0,0,0,0,0,0,0,0,0,0,0,0,0,0,0,0,0,0,0,0,-0.0157029,-0.0732729,-0.0288611,0,0,0,-0.0839713,0,0,0,0,0,0,0,-3.14159,-3.14159,-3.14159,0,0,0,0,0,0,0,0,0,0,0,0,0
0,0,0,0,0,0,0,0,0,0,0.0131162,0.0599449,0.0290489,0.00293915,-0.161356,0.0562385,0.00293915,-0.161356,0,0,0,0,0,0,0,0,0,0,0,0,0,0,0,0,0,0,0,0,0,0,0,0,0,0,0,0,0,0,0,0,-0.0157899,-0.0734469,-0.0291004,0,0,0,-0.0854263,0,0,0,0,0,0,0,-3.14159,-3.14159,-3.14159,0,0,0,0,0,0,0,0,0,0,0,0,0
0,0,0,0,0,0,0,0,0,0,0.0141887,0.0584913,0.0296957,0.00301073,-0.162016,0.0555155,0.00301073,-0.162016,0,0,0,0,0,0,0,0,0,0,0,0,0,0,0,0,0,0,0,0,0,0,0,0,0,0,0,0,0,0,0,0,-0.0160509,-0.0733599,-0.0292744,0,0,0,-0.08689,0,0,0,0,0,0,0,-3.14159,-3.14159,-3.14159,0,0,0,0,0,0,0,0,0,0,0,0,0
0,0,0,0,0,0,0,0,0,0,0.0125206,0.0576871,0.0285155,0.00268163,-0.163032,0.0547415,0.00268163,-0.163032,0,0,0,0,0,0,0,0,0,0,0,0,0,0,0,0,0,0,0,0,0,0,0,0,0,0,0,0,0,0,0,0,-0.0160074,-0.0734034,-0.0293396,0,0,0,-0.088357,0,0,0,0,0,0,0,-3.14159,-3.14159,-3.14159,0,0,0,0,0,0,0,0,0,0,0,0,0
0,0,0,0,0,0,0,0,0,0,0.0121556,0.0580565,0.0278572,0.00342929,-0.164088,0.0539887,0.00342929,-0.164088,0,0,0,0,0,0,0,0,0,0,0,0,0,0,0,0,0,0,0,0,0,0,0,0,0,0,0,0,0,0,0,0,-0.0157464,-0.0733381,-0.0288829,0,0,0,-0.0898011,0,0,0,0,0,0,0,-3.14159,-3.14159,-3.14159,0,0,0,0,0,0,0,0,0,0,0,0,0
0,0,0,0,0,0,0,0,0,0,0.0130924,0.0575089,0.0287642,0.0048595,-0.165346,0.0533323,0.0048595,-0.165346,0,0,0,0,0,0,0,0,0,0,0,0,0,0,0,0,0,0,0,0,0,0,0,0,0,0,0,0,0,0,0,0,-0.0159421,-0.0737731,-0.0290786,0,0,0,-0.0912551,0,0,0,0,0,0,0,-3.14159,-3.14159,-3.14159,0,0,0,0,0,0,0,0,0,0,0,0,0
0,0,0,0,0,0,0,0,0,0,0.0145494,0.0566964,0.0287568,0.00493582,-0.167474,0.0535491,0.00493582,-0.167474,0,0,0,0,0,0,0,0,0,0,0,0,0,0,0,0,0,0,0,0,0,0,0,0,0,0,0,0,0,0,0,0,-0.0162031,-0.0739254,-0.0289699,0,0,0,-0.0927036,0,0,0,0,0,0,0,-3.14159,-3.14159,-3.14159,0,0,0,0,0,0,0,0,0,0,0,0,0
0,0,0,0,0,0,0,0,0,0,0.0128746,0.0556229,0.0269233,0.00433969,-0.16983,0.0545094,0.00433969,-0.16983,0,0,0,0,0,0,0,0,0,0,0,0,0,0,0,0,0,0,0,0,0,0,0,0,0,0,0,0,0,0,0,0,-0.0162684,-0.0736209,-0.0286219,0,0,0,-0.0941347,0,0,0,0,0,0,0,-3.14159,-3.14159,-3.14159,0,0,0,0,0,0,0,0,0,0,0,0,0
0,0,0,0,0,0,0,0,0,0,0.0121135,0.0554587,0.0274383,0.00441428,-0.170137,0.0554075,0.00441428,-0.170137,0,0,0,0,0,0,0,0,0,0,0,0,0,0,0,0,0,0,0,0,0,0,0,0,0,0,0,0,0,0,0,0,-0.0160291,-0.0735339,-0.0282521,0,0,0,-0.0955473,0,0,0,0,0,0,0,-3.14159,-3.14159,-3.14159,0,0,0,0,0,0,0,0,0,0,0,0,0
0,0,0,0,0,0,0,0,0,0,0.0127851,0.0537227,0.0288667,0.00486731,-0.168301,0.0561488,0.00486731,-0.168301,0,0,0,0,0,0,0,0,0,0,0,0,0,0,0,0,0,0,0,0,0,0,0,0,0,0,0,0,0,0,0,0,-0.0161814,-0.0732946,-0.0283174,0,0,0,-0.0969631,0,0,0,0,0,0,0,-3.14159,-3.14159,-3.14159,0,0,0,0,0,0,0,0,0,0,0,0,0
0,0,0,0,0,0,0,0,0,0,0.0121494,0.0538096,0.0289892,0.00429917,-0.166903,0.0566962,0.00429917,-0.166903,0,0,0,0,0,0,0,0,0,0,0,0,0,0,0,0,0,0,0,0,0,0,0,0,0,0,0,0,0,0,0,0,-0.0162901,-0.0730119,-0.0285131,0,0,0,-0.0983888,0,0,0,0,0,0,0,-3.14159,-3.14159,-3.14159,0,0,0,0,0,0,0,0,0,0,0,0,0
0,0,0,0,0,0,0,0,0,0,0.0113838,0.0546777,0.0296354,0.00296461,-0.166049,0.0568905,0.00296461,-0.166049,0,0,0,0,0,0,0,0,0,0,0,0,0,0,0,0,0,0,0,0,0,0,0,0,0,0,0,0,0,0,0,0,-0.0161161,-0.0729684,-0.0286654,0,0,0,-0.0998221,0,0,0,0,0,0,0,-3.14159,-3.14159,-3.14159,0,0,0,0,0,0,0,0,0,0,0,0,0
0,0,0,0,0,0,0,0,0,0,0.0140093,0.0522833,0.0285854,0.00282826,-0.163951,0.0562997,0.00282826,-0.163951,0,0,0,0,0,0,0,0,0,0,0,0,0,0,0,0,0,0,0,0,0,0,0,0,0,0,0,0,0,0,0,0,-0.0161379,-0.0726639,-0.0286436,0,0,0,-0.101254,0,0,0,0,0,0,0,-3.14159,-3.14159,-3.14159,0,0,0,0,0,0,0,0,0,0,0,0,0
0,0,0,0,0,0,0,0,0,0,0.0124568,0.0535388,0.0277953,0.00355412,-0.162548,0.0546881,0.00355412,-0.162548,0,0,0,0,0,0,0,0,0,0,0,0,0,0,0,0,0,0,0,0,0,0,0,0,0,0,0,0,0,0,0,0,-0.0161814,-0.0727509,-0.0287959,0,0,0,-0.102694,0,0,0,0,0,0,0,-3.14159,-3.14159,-3.14159,0,0,0,0,0,0,0,0,0,0,0,0,0
0,0,0,0,0,0,0,0,0,0,0.011947,0.0532269,0.0281796,0.00369443,-0.162937,0.0525681,0.00369443,-0.162937,0,0,0,0,0,0,0,0,0,0,0,0,0,0,0,0,0,0,0,0,0,0,0,0,0,0,0,0,0,0,0,0,-0.0162684,-0.0728162,-0.0289264,0,0,0,-0.10414,0,0,0,0,0,0,0,-3.14159,-3.14159,-3.14159,0,0,0,0,0,0,0,0,0,0,0,0,0
0,0,0,0,0,0,0,0,0,0,0.0126101,0.0533054,0.0264764,0.0036868,-0.162944,0.0507109,0.0036868,-0.162944,0,0,0,0,0,0,0,0,0,0,0,0,0,0,0,0,0,0,0,0,0,0,0,0,0,0,0,0,0,0,0,0,-0.0163554,-0.0731859,-0.0285349,0,0,0,-0.105567,0,0,0,0,0,0,0,-3.14159,-3.14159,-3.14159,0,0,0,0,0,0,0,0,0,0,0,0,0
0,0,0,0,0,0,0,0,0,0,0.0119665,0.0499859,0.0273841,0.00413039,-0.162293,0.0499639,0.00413039,-0.162293,0,0,0,0,0,0,0,0,0,0,0,0,0,0,0,0,0,0,0,0,0,0,0,0,0,0,0,0,0,0,0,0,-0.0164424,-0.0729901,-0.0282739,0,0,0,-0.106981,0,0,0,0,0,0,0,-3.14159,-3.14159,-3.14159,0,0,0,0,0,0,0,0,0,0,0,0,0
0,0,0,0,0,0,0,0,0,0,0.0102808,0.0527943,0.027508,0.00459935,-0.162233,0.050078,0.00459935,-0.162233,0,0,0,0,0,0,0,0,0,0,0,0,0,0,0,0,0,0,0,0,0,0,0,0,0,0,0,0,0,0,0,0,-0.0163771,-0.0731206,-0.0279259,0,0,0,-0.108377,0,0,0,0,0,0,0,-3.14159,-3.14159,-3.14159,0,0,0,0,0,0,0,0,0,0,0,0,0
0,0,0,0,0,0,0,0,0,0,0.0138129,0.0520822,0.0290676,0.00481553,-0.163163,0.0498262,0.00481553,-0.163163,0,0,0,0,0,0,0,0,0,0,0,0,0,0,0,0,0,0,0,0,0,0,0,0,0,0,0,0,0,0,0,0,-0.0164641,-0.0735339,-0.0280129,0,0,0,-0.109778,0,0,0,0,0,0,0,-3.14159,-3.14159,-3.14159,0,0,0,0,0,0,0,0,0,0,0,0,0
0,0,0,0,0,0,0,0,0,0,0.0109492,0.051368,0.0281469,0.0047643,-0.163203,0.0497481,0.0047643,-0.163203,0,0,0,0,0,0,0,0,0,0,0,0,0,0,0,0,0,0,0,0,0,0,0,0,0,0,0,0,0,0,0,0,-0.0163336,-0.0736209,-0.0280782,0,0,0,-0.111182,0,0,0,0,0,0,0,-3.14159,-3.14159,-3.14159,0,0,0,0,0,0,0,0,0,0,0,0,0
0,0,0,0,0,0,0,0,0,0,0.0103035,0.0519553,0.0282706,0.00443492,-0.162868,0.0503759,0.00443492,-0.162868,0,0,0,0,0,0,0,0,0,0,0,0,0,0,0,0,0,0,0,0,0,0,0,0,0,0,0,0,0,0,0,0,-0.0161814,-0.0738601,-0.0280999,0,0,0,-0.112587,0,0,0,0,0,0,0,-3.14159,-3.14159,-3.14159,0,0,0,0,0,0,0,0,0,0,0,0,0
0,0,0,0,0,0,0,0,0,0,0.0116144,0.0511058,0.0294376,0.00356686,-0.164819,0.0501847,0.00356686,-0.164819,0,0,0,0,0,0,0,0,0,0,0,0,0,0,0,0,0,0,0,0,0,0,0,0,0,0,0,0,0,0,0,0,-0.0161379,-0.0739471,-0.0286001,0,0,0,-0.114017,0,0,0,0,0,0,0,-3.14159,-3.14159,-3.14159,0,0,0,0,0,0,0,0,0,0,0,0,0
0,0,0,0,0,0,0,0,0,0,0.0104459,0.0494721,0.029039,0.00289266,-0.167274,0.0483817,0.00289266,-0.167274,0,0,0,0,0,0,0,0,0,0,0,0,0,0,0,0,0,0,0,0,0,0,0,0,0,0,0,0,0,0,0,0,-0.0160074,-0.0743168,-0.0288829,0,0,0,-0.115461,0,0,0,0,0,0,0,-3.14159,-3.14159,-3.14159,0,0,0,0,0,0,0,0,0,0,0,0,0
0,0,0,0,0,0,0,0,0,0,0.0107104,0.0483594,0.0283796,0.00283699,-0.168663,0.0464562,0.00283699,-0.168663,0,0,0,0,0,0,0,0,0,0,0,0,0,0,0,0,0,0,0,0,0,0,0,0,0,0,0,0,0,0,0,0,-0.0162031,-0.0740341,-0.0290351,0,0,0,-0.116913,0,0,0,0,0,0,0,-3.14159,-3.14159,-3.14159,0,0,0,0,0,0,0,0,0,0,0,0,0
0,0,0,0,0,0,0,0,0,0,0.0108427,0.0478979,0.0291548,0.00266038,-0.169382,0.0464733,0.00266038,-0.169382,0,0,0,0,0,0,0,0,0,0,0,0,0,0,0,0,0,0,0,0,0,0,0,0,0,0,0,0,0,0,0,0,-0.0158334,-0.0737949,-0.0290569,0,0,0,-0.118365,0,0,0,0,0,0,0,-3.14159,-3.14159,-3.14159,0,0,0,0,0,0,0,0,0,0,0,0,0
0,0,0,0,0,0,0,0,0,0,0.0113652,0.0479584,0.0292773,0.00249456,-0.169056,0.0468329,0.00249456,-0.169056,0,0,0,0,0,0,0,0,0,0,0,0,0,0,0,0,0,0,0,0,0,0,0,0,0,0,0,0,0,0,0,0,-0.0160291,-0.0736861,-0.0292526,0,0,0,-0.119828,0,0,0,0,0,0,0,-3.14159,-3.14159,-3.14159,0,0,0,0,0,0,0,0,0,0,0,0,0
0,0,0,0,0,0,0,0,0,0,0.010452,0.0455345,0.0291402,0.00302175,-0.167822,0.0453393,0.00302175,-0.167822,0,0,0,0,0,0,0,0,0,0,0,0,0,0,0,0,0,0,0,0,0,0,0,0,0,0,0,0,0,0,0,0,-0.0161814,-0.0730771,-0.0294048,0,0,0,-0.121298,0,0,0,0,0,0,0,-3.14159,-3.14159,-3.14159,0,0,0,0,0,0,0,0,0,0,0,0,0
0,0,0,0,0,0,0,0,0,0,0.00966803,0.0470216,0.0297857,0.0040732,-0.166767,0.0439916,0.0040732,-0.166767,0,0,0,0,0,0,0,0,0,0,0,0,0,0,0,0,0,0,0,0,0,0,0,0,0,0,0,0,0,0,0,0,-0.0159856,-0.0728596,-0.0294701,0,0,0,-0.122772,0,0,0,0,0,0,0,-3.14159,-3.14159,-3.14159,0,0,0,0,0,0,0,0,0,0,0,0,0
0,0,0,0,0,0,0,0,0,0,0.0114922,0.0444654,0.0271677,0.00447963,-0.166307,0.0441894,0.00447963,-0.166307,0,0,0,0,0,0,0,0,0,0,0,0,0,0,0,0,0,0,0,0,0,0,0,0,0,0,0,0,0,0,0,0,-0.0162901,-0.0724899,-0.0291656,0,0,0,-0.12423,0,0,0,0,0,0,0,-3.14159,-3.14159,-3.14159,0,0,0,0,0,0,0,0,0,0,0,0,0
0,0,0,0,0,0,0,0,0,0,0.0103166,0.0453007,0.0284638,0.00438692,-0.165202,0.0437776,0.00438692,-0.165202,0,0,0,0,0,0,0,0,0,0,0,0,0,0,0,0,0,0,0,0,0,0,0,0,0,0,0,0,0,0,0,0,-0.0163554,-0.0724464,-0.0291874,0,0,0,-0.125689,0,0,0,0,0,0,0,-3.14159,-3.14159,-3.14159,0,0,0,0,0,0,0,0,0,0,0,0,0
0,0,0,0,0,0,0,0,0,0,0.0116186,0.0450909,0.028587,0.00472638,-0.163761,0.0418145,0.00472638,-0.163761,0,0,0,0,0,0,0,0,0,0,0,0,0,0,0,0,0,0,0,0,0,0,0,0,0,0,0,0,0,0,0,0,-0.0166163,-0.0724464,-0.0291004,0,0,0,-0.127144,0,0,0,0,0,0,0,-3.14159,-3.14159,-3.14159,0,0,0,0,0,0,0,0,0,0,0,0,0
0,0,0,0,0,0,0,0,0,0,0.0100471,0.0455327,0.0280576,0.00500535,-0.163307,0.0408622,0.00500535,-0.163307,0,0,0,0,0,0,0,0,0,0,0,0,0,0,0,0,0,0,0,0,0,0,0,0,0,0,0,0,0,0,0,0,-0.0165294,-0.0725117,-0.0289046,0,0,0,-0.12859,0,0,0,0,0,0,0,-3.14159,-3.14159,-3.14159,0,0,0,0,0,0,0,0,0,0,0,0,0
0,0,0,0,0,0,0,0,0,0,0.0112161,0.0447989,0.0280505,0.00456713,-0.163613,0.0420174,0.00456713,-0.163613,0,0,0,0,0,0,0,0,0,0,0,0,0,0,0,0,0,0,0,0,0,0,0,0,0,0,0,0,0,0,0,0,-0.0167903,-0.0728596,-0.0287306,0,0,0,-0.130026,0,0,0,0,0,0,0,-3.14159,-3.14159,-3.14159,0,0,0,0,0,0,0,0,0,0,0,0,0
0,0,0,0,0,0,0,0,0,0,0.00990573,0.044847,0.0283045,0.00419776,-0.163457,0.0437591,0.00419776,-0.163457,0,0,0,0,0,0,0,0,0,0,0,0,0,0,0,0,0,0,0,0,0,0,0,0,0,0,0,0,0,0,0,0,-0.0169643,-0.0729684,-0.0284914,0,0,0,-0.131451,0,0,0,0,0,0,0,-3.14159,-3.14159,-3.14159,0,0,0,0,0,0,0,0,0,0,0,0,0
0,0,0,0,0,0,0,0,0,0,0.00924689,0.043589,0.0290789,0.00438986,-0.163229,0.0446716,0.00438986,-0.163229,0,0,0,0,0,0,0,0,0,0,0,0,0,0,0,0,0,0,0,0,0,0,0,0,0,0,0,0,0,0,0,0,-0.0167251,-0.0732946,-0.0288176,0,0,0,-0.132892,0,0,0,0,0,0,0,-3.14159,-3.14159,-3.14159,0,0,0,0,0,0,0,0,0,0,0,0,0
0,0,0,0,0,0,0,0,0,0,0.00950169,0.0440265,0.0272435,0.004424,-0.163957,0.0447528,0.004424,-0.163957,0,0,0,0,0,0,0,0,0,0,0,0,0,0,0,0,0,0,0,0,0,0,0,0,0,0,0,0,0,0,0,0,-0.0167251,-0.0735556,-0.0286219,0,0,0,-0.134323,0,0,0,0,0,0,0,-3.14159,-3.14159,-3.14159,0,0,0,0,0,0,0,0,0,0,0,0,0
0,0,0,0,0,0,0,0,0,0,0.00806017,0.0430275,0.0286716,0.00406953,-0.164435,0.0447716,0.00406953,-0.164435,0,0,0,0,0,0,0,0,0,0,0,0,0,0,0,0,0,0,0,0,0,0,0,0,0,0,0,0,0,0,0,0,-0.0162684,-0.0736861,-0.0286436,0,0,0,-0.135755,0,0,0,0,0,0,0,-3.14159,-3.14159,-3.14159,0,0,0,0,0,0,0,0,0,0,0,0,0
0,0,0,0,0,0,0,0,0,0,0.00922759,0.0428095,0.0274895,0.0038883,-0.164895,0.0451376,0.0038883,-0.164895,0,0,0,0,0,0,0,0,0,0,0,0,0,0,0,0,0,0,0,0,0,0,0,0,0,0,0,0,0,0,0,0,-0.0162684,-0.0737079,-0.0285566,0,0,0,-0.137183,0,0,0,0,0,0,0,-3.14159,-3.14159,-3.14159,0,0,0,0,0,0,0,0,0,0,0,0,0
0,0,0,0,0,0,0,0,0,0,0.00934847,0.0435075,0.0287866,0.00409526,-0.166245,0.0463912,0.00409526,-0.166245,0,0,0,0,0,0,0,0,0,0,0,0,0,0,0,0,0,0,0,0,0,0,0,0,0,0,0,0,0,0,0,0,-0.0160944,-0.0739689,-0.0286871,0,0,0,-0.138617,0,0,0,0,0,0,0,-3.14159,-3.14159,-3.14159,0,0,0,0,0,0,0,0,0,0,0,0,0
0,0,0,0,0,0,0,0,0,0,0.0111663,0.0421176,0.0282565,0.00450633,-0.167014,0.0476437,0.00450633,-0.167014,0,0,0,0,0,0,0,0,0,0,0,0,0,0,0,0,0,0,0,0,0,0,0,0,0,0,0,0,0,0,0,0,-0.0164424,-0.0739906,-0.0286871,0,0,0,-0.140051,0,0,0,0,0,0,0,-3.14159,-3.14159,-3.14159,0,0,0,0,0,0,0,0,0,0,0,0,0
0,0,0,0,0,0,0,0,0,0,0.010503,0.0409872,0.0283787,0.00488002,-0.166314,0.0481593,0.00488002,-0.166314,0,0,0,0,0,0,0,0,0,0,0,0,0,0,0,0,0,0,0,0,0,0,0,0,0,0,0,0,0,0,0,0,-0.0167903,-0.0740341,-0.0285784,0,0,0,-0.14148,0,0,0,0,0,0,0,-3.14159,-3.14159,-3.14159,0,0,0,0,0,0,0,0,0,0,0,0,0
0,0,0,0,0,0,0,0,0,0,0.00984046,0.0402439,0.0268052,0.00475103,-0.165218,0.0489967,0.00475103,-0.165218,0,0,0,0,0,0,0,0,0,0,0,0,0,0,0,0,0,0,0,0,0,0,0,0,0,0,0,0,0,0,0,0,-0.0169861,-0.0738819,-0.0285131,0,0,0,-0.142906,0,0,0,0,0,0,0,-3.14159,-3.14159,-3.14159,0,0,0,0,0,0,0,0,0,0,0,0,0
0,0,0,0,0,0,0,0,0,0,0.00787292,0.0410676,0.029146,0.00433617,-0.165046,0.049785,0.00433617,-0.165046,0,0,0,0,0,0,0,0,0,0,0,0,0,0,0,0,0,0,0,0,0,0,0,0,0,0,0,0,0,0,0,0,-0.0170948,-0.0740341,-0.0286001,0,0,0,-0.144336,0,0,0,0,0,0,0,-3.14159,-3.14159,-3.14159,0,0,0,0,0,0,0,0,0,0,0,0,0
0,0,0,0,0,0,0,0,0,0,0.00890701,0.0400638,0.0279637,0.00441676,-0.164737,0.0494368,0.00441676,-0.164737,0,0,0,0,0,0,0,0,0,0,0,0,0,0,0,0,0,0,0,0,0,0,0,0,0,0,0,0,0,0,0,0,-0.0171818,-0.0740559,-0.0286871,0,0,0,-0.14577,0,0,0,0,0,0,0,-3.14159,-3.14159,-3.14159,0,0,0,0,0,0,0,0,0,0,0,0,0
0,0,0,0,0,0,0,0,0,0,0.00602407,0.0394508,0.0292605,0.00457562,-0.163363,0.0484247,0.00457562,-0.163363,0,0,0,0,0,0,0,0,0,0,0,0,0,0,0,0,0,0,0,0,0,0,0,0,0,0,0,0,0,0,0,0,-0.0167686,-0.0738601,-0.0287741,0,0,0,-0.147209,0,0,0,0,0,0,0,-3.14159,-3.14159,-3.14159,0,0,0,0,0,0,0,0,0,0,0,0,0
0,0,0,0,0,0,0,0,0,0,0.00992758,0.0392281,0.0296449,0.00365571,-0.162744,0.0477829,0.00365571,-0.162744,0,0,0,0,0,0,0,0,0,0,0,0,0,0,0,0,0,0,0,0,0,0,0,0,0,0,0,0,0,0,0,0,-0.0167033,-0.0738601,-0.0290134,0,0,0,-0.14866,0,0,0,0,0,0,0,-3.14159,-3.14159,-3.14159,0,0,0,0,0,0,0,0,0,0,0,0,0
0,0,0,0,0,0,0,0,0,0,0.00835026,0.0375725,0.0291155,0.00269314,-0.162921,0.0478397,0.00269314,-0.162921,0,0,0,0,0,0,0,0,0,0,0,0,0,0,0,0,0,0,0,0,0,0,0,0,0,0,0,0,0,0,0,0,-0.0164859,-0.0737731,-0.0291439,0,0,0,-0.150117,0,0,0,0,0,0,0,-3.14159,-3.14159,-3.14159,0,0,0,0,0,0,0,0,0,0,0,0,0
0,0,0,0,0,0,0,0,0,0,0.00794716,0.0376119,0.0298908,0.00317249,-0.162852,0.0479205,0.00317249,-0.162852,0,0,0,0,0,0,0,0,0,0,0,0,0,0,0,0,0,0,0,0,0,0,0,0,0,0,0,0,0,0,0,0,-0.0163119,-0.0738166,-0.0296658,0,0,0,-0.1516,0,0,0,0,0,0,0,-3.14159,-3.14159,-3.14159,0,0,0,0,0,0,0,0,0,0,0,0,0
0,0,0,0,0,0,0,0,0,0,0.00832504,0.0369975,0.0288377,0.00398067,-0.162705,0.0481154,0.00398067,-0.162705,0,0,0,0,0,0,0,0,0,0,0,0,0,0,0,0,0,0,0,0,0,0,0,0,0,0,0,0,0,0,0,0,-0.0165294,-0.0736209,-0.0296223,0,0,0,-0.153081,0,0,0,0,0,0,0,-3.14159,-3.14159,-3.14159,0,0,0,0,0,0,0,0,0,0,0,0,0
0,0,0,0,0,0,0,0,0,0,0.00661386,0.0378205,0.0273931,0.0040738,-0.163506,0.0476923,0.0040738,-0.163506,0,0,0,0,0,0,0,0,0,0,0,0,0,0,0,0,0,0,0,0,0,0,0,0,0,0,0,0,0,0,0,0,-0.0162901,-0.0737296,-0.0295353,0,0,0,-0.154558,0,0,0,0,0,0,0,-3.14159,-3.14159,-3.14159,0,0,0,0,0,0,0,0,0,0,0,0,0
0,0,0,0,0,0,0,0,0,0,0.00725144,0.0376004,0.0286876,0.00437356,-0.165226,0.0453206,0.00437356,-0.165226,0,0,0,0,0,0,0,0,0,0,0,0,0,0,0,0,0,0,0,0,0,0,0,0,0,0,0,0,0,0,0,0,-0.0166381,-0.0739036,-0.0294483,0,0,0,-0.156031,0,0,0,0,0,0,0,-3.14159,-3.14159,-3.14159,0,0,0,0,0,0,0,0,0,0,0,0,0
0,0,0,0,0,0,0,0,0,0,0.00723494,0.0364687,0.0278961,0.00564364,-0.166258,0.0464747,0.00564364,-0.166258,0,0,0,0,0,0,0.194682,0.504312,-3.11772,3.89364,10.0862,-62.3545,0,0,0,0,0,0,0,0,77.8728,201.725,-1247.09,0,0,0,0,0,0,0,0,0,-0.0163336,-0.0739254,-0.0291656,0,0,0,-0.157489,0,0,0,0,0,0,0,-3.14159,-3.14159,-3.14159,0,0,0,0,0,0,0,0,0,0,0,0,0
0,0,0,0,0,0,0,0,0,0,0.00578321,0.0345547,0.0267116,0.00696595,-0.166869,0.0552117,0.00696595,-0.166869,0,0,0,0,0,0,0.19469,0.50432,-3.1177,0.000160522,0.000148926,0.000429153,0,0,0,0,0,0,0,0,-77.8696,-201.722,1247.1,0,0,0,0,0,0,0,0,0,-0.0160509,-0.0739036,-0.0287741,0,0,0,-0.158928,0,0,0,0,0,0,0,-3.14159,-3.14159,-3.14159,0,0,0,0,0,0,0,0,0,0,0,0,0
0,0,0,0,0,0,0,0,0,0,0.00864024,0.035904,0.0277478,0.00689418,-0.167949,0.0643961,0.00689418,-0.167949,0,0,0,0,0,0,0.194687,0.504318,-3.11773,-6.37817e-05,-2.68555e-05,-0.000624657,0,0,0,0,0,0,0,0,-0.00448608,-0.00351562,-0.0210762,0,0,0,0,0,0,0,0,0,-0.0163119,-0.0740994,-0.0284261,0,0,0,-0.160349,0,0,0,0,0,0,0,-3.14159,-3.14159,-3.14159,0,0,0,0,0,0,0,0,0,0,0,0,0
0,0,0,0,0,0,0,0,0,0,0.00693097,0.0359473,0.0285223,0.00649194,-0.168516,0.0656445,0.00649194,-0.168516,0,0,0,0,0,0,0.194677,0.504325,-3.11771,-0.00019928,0.000131836,0.000476837,0,0,0,0,0,0,0,0,-0.00270996,0.00317383,0.0220299,0,0,0,0,0,0,0,0,0,-0.0162249,-0.0744038,-0.0283826,0,0,0,-0.161768,0,0,0,0,0,0,0,-3.14159,-3.14159,-3.14159,0,0,0,0,0,0,0,0,0,0,0,0,0
0,0,0,0,0,0,0,0,0,0,0.00587344,0.0352019,0.0302096,0.00644579,-0.168389,0.0597137,0.00644579,-0.168389,0,0,0,0,0,0,0.194677,0.504325,-3.11771,-0.00019928,0.000131836,0.000476837,0,0,0,0,0,0,0,0,-0.00270996,0.00317383,0.0220299,0,0,0,0,0,0,0,0,0,-0.0162466,-0.0744473,-0.0288611,0,0,0,-0.163211,0,0,0,0,0,0,0,-3.14159,-3.14159,-3.14159,0,0,0,0,0,0,0,0,0,0,0,0,0
0,0,0,0,0,0,0,0,0,0,0.00624717,0.0323697,0.0281116,0.00619329,-0.167474,0.0535953,0.00619329,-0.167474,0,0,0,0,0,0,0.194689,0.504325,-3.11771,0.000245972,0.000131836,-8.10623e-05,0,0,0,0,0,0,0,0,0.00890503,0.00317383,-0.011158,0,0,0,0,0,0,0,0,0,-0.0162249,-0.0740559,-0.0287741,0,0,0,-0.16465,0,0,0,0,0,0,0,-3.14159,-3.14159,-3.14159,0,0,0,0,0,0,0,0,0,0,0,0,0
0,0,0,0,0,0,0,0,0,0,0.00610041,0.032538,0.0283645,0.00605507,-0.16504,0.0477734,0.00605507,-0.16504,0,0,0,0,0,0,0.194687,0.50432,-3.11774,-4.94385e-05,-9.76562e-05,-0.00043869,0,0,0,0,0,0,0,0,-0.0059082,-0.00458984,-0.00715256,0,0,0,0,0,0,0,0,0,-0.0161814,-0.0738819,-0.0288611,0,0,0,-0.166093,0,0,0,0,0,0,0,-3.14159,-3.14159,-3.14159,0,0,0,0,0,0,0,0,0,0,0,0,0
0,0,0,0,0,0,0,0,0,0,0.007911,0.0330977,0.0280955,0.00560151,-0.163678,0.0399377,0.00560151,-0.163678,0,0,0,0,0,0,0.19468,0.504316,-3.1177,-0.000136108,-8.78906e-05,0.000801086,0,0,0,0,0,0,0,0,-0.0017334,0.000195312,0.0247955,0,0,0,0,0,0,0,0,0,-0.0166816,-0.0741211,-0.0291004,0,0,0,-0.167548,0,0,0,0,0,0,0,-3.14159,-3.14159,-3.14159,0,0,0,0,0,0,0,0,0,0,0,0,0
0,0,0,0,0,0,0,0,0,0,0.00541726,0.0314421,0.0278259,0.00550831,-0.163481,0.0341555,0.00550831,-0.163481,0,0,0,0,0,0,0.19468,0.504311,-3.11766,2.44141e-06,-9.52148e-05,0.000743866,0,0,0,0,0,0,0,0,0.002771,-0.000146484,-0.00114441,0,0,0,0,0,0,0,0,0,-0.0162901,-0.0738601,-0.0291221,0,0,0,-0.169004,0,0,0,0,0,0,0,-3.14159,-3.14159,-3.14159,0,0,0,0,0,0,0,0,0,0,0,0,0
0,0,0,0,0,0,0,0,0,0,0.00670769,0.030835,0.0276862,0.00564458,-0.16389,0.0345646,0.00564458,-0.16389,0,0,0,0,0,0,0.19468,0.504311,-3.11766,2.44141e-06,-9.52148e-05,0.000743866,0,0,0,0,0,0,0,0,0.002771,-0.000146484,-0.00114441,0,0,0,0,0,0,0,0,0,-0.0163989,-0.0734904,-0.0289916,0,0,0,-0.170454,0,0,0,0,0,0,0,-3.14159,-3.14159,-3.14159,0,0,0,0,0,0,0,0,0,0,0,0,0
0,0,0,0,0,0,0,0,0,0,0.00486505,0.0324456,0.0263702,0.00606977,-0.163895,0.0405255,0.00606977,-0.163895,0,0,0,0,0,0,0.194681,0.504317,-3.11773,1.52588e-05,0.000124512,-0.00137806,0,0,0,0,0,0,0,0,0.000256348,0.00439453,-0.0424385,0,0,0,0,0,0,0,0,0,-0.0163771,-0.0735121,-0.0283609,0,0,0,-0.171872,0,0,0,0,0,0,0,-3.14159,-3.14159,-3.14159,0,0,0,0,0,0,0,0,0,0,0,0,0
0,0,0,0,0,0,0,0,0,0,0.0071963,0.031576,0.0301433,0.00610485,-0.16362,0.0472364,0.00610485,-0.16362,0,0,0,0,0,0,0.19468,0.504319,-3.11772,-1.7395e-05,2.92969e-05,0.000143051,0,0,0,0,0,0,0,0,-0.000653076,-0.0019043,0.0304222,0,0,0,0,0,0,0,0,0,-0.0166816,-0.0738601,-0.0287089,0,0,0,-0.173307,0,0,0,0,0,0,0,-3.14159,-3.14159,-3.14159,0,0,0,0,0,0,0,0,0,0,0,0,0
0,0,0,0,0,0,0,0,0,0,0.00457008,0.0307054,0.0283062,0.00492121,-0.165695,0.0496626,0.00492121,-0.165695,0,0,0,0,0,0,0.194685,0.50432,-3.11772,0.000102844,2.92969e-05,0.000100136,0,0,0,0,0,0,0,0,0.00240479,4.44089e-14,-0.000858307,0,0,0,0,0,0,0,0,0,-0.0165729,-0.0740341,-0.0287089,0,0,0,-0.174742,0,0,0,0,0,0,0,-3.14159,-3.14159,-3.14159,0,0,0,0,0,0,0,0,0,0,0,0,0
0,0,0,0,0,0,0,0,0,0,0.00481675,0.0299676,0.027252,0.00447677,-0.16618,0.0474005,0.00447677,-0.16618,0,0,0,0,0,0,0.194685,0.504327,-3.11772,-9.15527e-06,0.000141602,-0.000152588,0,0,0,0,0,0,0,0,-0.00223999,0.00224609,-0.00505447,0,0,0,0,0,0,0,0,0,-0.0162031,-0.0739906,-0.0285784,0,0,0,-0.176171,0,0,0,0,0,0,0,-3.14159,-3.14159,-3.14159,0,0,0,0,0,0,0,0,0,0,0,0,0
0,0,0,0,0,0,0,0,0,0,0.00597498,0.0306654,0.0285471,0.00462139,-0.165386,0.0447044,0.00462139,-0.165386,0,0,0,0,0,0,0.194685,0.504327,-3.11772,-9.15527e-06,0.000141602,-0.000152588,0,0,0,0,0,0,0,0,-0.00223999,0.00224609,-0.00505447,0,0,0,0,0,0,0,0,0,-0.0164424,-0.0743386,-0.0287089,0,0,0,-0.177607,0,0,0,0,0,0,0,-3.14159,-3.14159,-3.14159,0,0,0,0,0,0,0,0,0,0,0,0,0
0,0,0,0,0,0,0,0,0,0,0.00556683,0.0296685,0.028014,0.00449305,-0.164367,0.0441572,0.00449305,-0.164367,0,0,0,0,0,0,0.194685,0.504328,-3.11773,1.2207e-06,1.70898e-05,-3.33786e-05,0,0,0,0,0,0,0,0,0.00020752,-0.00249023,0.00238419,0,0,0,0,0,0,0,0,0,-0.0163989,-0.0746213,-0.0287741,0,0,0,-0.179046,0,0,0,0,0,0,0,-3.14159,-3.14159,-3.14159,0,0,0,0,0,0,0,0,0,0,0,0,0
0,0,0,0,0,0,0,0,0,0,0.00607255,0.028412,0.029177,0.00400058,-0.162808,0.0447367,0.00400058,-0.162808,0,0,0,0,0,0,0.194685,0.504323,-3.11769,8.23975e-06,-9.27734e-05,0.000648499,0,0,0,0,0,0,0,0,0.000140381,-0.00219727,0.0136375,0,0,0,0,0,0,0,0,0,-0.0167468,-0.0744256,-0.0292526,0,0,0,-0.180508,0,0,0,0,0,0,0,-3.14159,-3.14159,-3.14159,0,0,0,0,0,0,0,0,0,0,0,0,0
0,0,0,0,0,0,0,0,0,0,0.00435949,0.0293722,0.028645,0.00440257,-0.162252,0.0459413,0.00440257,-0.162252,0,0,0,0,0,0,0.194688,0.504323,-3.11773,4.97437e-05,-9.27734e-05,-0.000667572,0,0,0,0,0,0,0,0,0.000830078,-0.00219727,-0.0263214,0,0,0,0,0,0,0,0,0,-0.0164206,-0.0745343,-0.0290134,0,0,0,-0.181959,0,0,0,0,0,0,0,-3.14159,-3.14159,-3.14159,0,0,0,0,0,0,0,0,0,0,0,0,0
0,0,0,0,0,0,0,0,0,0,0.00408172,0.028115,0.0270682,0.00530546,-0.161409,0.0475079,0.00530546,-0.161409,0,0,0,0,0,0,0.194689,0.504322,-3.11772,3.38745e-05,-3.66211e-05,7.62939e-05,0,0,0,0,0,0,0,0,-0.000317383,0.00112305,0.0148773,0,0,0,0,0,0,0,0,0,-0.0164859,-0.0745778,-0.0288176,0,0,0,-0.1834,0,0,0,0,0,0,0,-3.14159,-3.14159,-3.14159,0,0,0,0,0,0,0,0,0,0,0,0,0
0,0,0,0,0,0,0,0,0,0,0.00511049,0.0273815,0.0295377,0.00491498,-0.161738,0.0482073,0.00491498,-0.161738,0,0,0,0,0,0,0.194689,0.504322,-3.11772,3.38745e-05,-3.66211e-05,7.62939e-05,0,0,0,0,0,0,0,0,-0.000317383,0.00112305,0.0148773,0,0,0,0,0,0,0,0,0,-0.0166816,-0.0746213,-0.0292091,0,0,0,-0.18486,0,0,0,0,0,0,0,-3.14159,-3.14159,-3.14159,0,0,0,0,0,0,0,0,0,0,0,0,0
0,0,0,0,0,0,0,0,0,0,0.00366128,0.0273015,0.0274397,0.00467238,-0.161444,0.0478508,0.00467238,-0.161444,0,0,0,0,0,0,0.194683,0.50432,-3.11773,-0.0001297,-3.41797e-05,-0.000243187,0,0,0,0,0,0,0,0,-0.00327148,4.88281e-05,-0.00638962,0,0,0,0,0,0,0,0,0,-0.0164424,-0.0745343,-0.0290351,0,0,0,-0.186312,0,0,0,0,0,0,0,-3.14159,-3.14159,-3.14159,0,0,0,0,0,0,0,0,0,0,0,0,0
0,0,0,0,0,0,0,0,0,0,0.00625518,0.0242231,0.0288664,0.00500243,-0.161446,0.0477016,0.00500243,-0.161446,0,0,0,0,0,0,0.194683,0.504321,-3.1177,9.76562e-06,2.44141e-05,0.000677109,0,0,0,0,0,0,0,0,0.00278931,0.00117188,0.0184059,0,0,0,0,0,0,0,0,0,-0.0167033,-0.0740994,-0.0291874,0,0,0,-0.187771,0,0,0,0,0,0,0,-3.14159,-3.14159,-3.14159,0,0,0,0,0,0,0,0,0,0,0,0,0
0,0,0,0,0,0,0,0,0,0,0.00323826,0.027278,0.0268981,0.00501483,-0.163397,0.0482889,0.00501483,-0.163397,0,0,0,0,0,0,0.194685,0.504318,-3.11772,3.63159e-05,-5.37109e-05,-0.000472069,0,0,0,0,0,0,0,0,0.000531006,-0.0015625,-0.0229836,0,0,0,0,0,0,0,0,0,-0.0163771,-0.0743821,-0.0288176,0,0,0,-0.189212,0,0,0,0,0,0,0,-3.14159,-3.14159,-3.14159,0,0,0,0,0,0,0,0,0,0,0,0,0
0,0,0,0,0,0,0,0,0,0,0.0046598,0.0245933,0.0276729,0.004549,-0.164244,0.048899,0.004549,-0.164244,0,0,0,0,0,0,0.194682,0.504324,-3.11773,-6.56128e-05,0.000112305,-0.000109673,0,0,0,0,0,0,0,0,-0.00203857,0.00332031,0.00724792,0,0,0,0,0,0,0,0,0,-0.0165729,-0.0740559,-0.0286654,0,0,0,-0.190645,0,0,0,0,0,0,0,-3.14159,-3.14159,-3.14159,0,0,0,0,0,0,0,0,0,0,0,0,0
0,0,0,0,0,0,0,0,0,0,0.0042526,0.0243892,0.0288366,0.0043715,-0.164728,0.049149,0.0043715,-0.164728,0,0,0,0,0,0,0.194682,0.504324,-3.11773,-6.56128e-05,0.000112305,-0.000109673,0,0,0,0,0,0,0,0,-0.00203857,0.00332031,0.00724792,0,0,0,0,0,0,0,0,0,-0.0167468,-0.0739036,-0.0289699,0,0,0,-0.192094,0,0,0,0,0,0,0,-3.14159,-3.14159,-3.14159,0,0,0,0,0,0,0,0,0,0,0,0,0
0,0,0,0,0,0,0,0,0,0,0.00436865,0.0215753,0.0284346,0.00488985,-0.165459,0.0493658,0.00488985,-0.165459,0,0,0,0,0,0,0.194684,0.50432,-3.11766,3.66211e-05,-7.32422e-05,0.00135422,0,0,0,0,0,0,0,0,0.00204468,-0.00371094,0.0292778,0,0,0,0,0,0,0,0,0,-0.0167686,-0.0734034,-0.0287959,0,0,0,-0.193534,0,0,0,0,0,0,0,-3.14159,-3.14159,-3.14159,0,0,0,0,0,0,0,0,0,0,0,0,0
0,0,0,0,0,0,0,0,0,0,0.00487657,0.0258101,0.029206,0.00492031,-0.16713,0.0492353,0.00492031,-0.16713,0,0,0,0,0,0,0.194686,0.504321,-3.11773,5.61523e-05,1.95312e-05,-0.00128746,0,0,0,0,0,0,0,0,0.000390625,0.00185547,-0.0528336,0,0,0,0,0,0,0,0,0,-0.0171166,-0.0736209,-0.0291004,0,0,0,-0.194989,0,0,0,0,0,0,0,-3.14159,-3.14159,-3.14159,0,0,0,0,0,0,0,0,0,0,0,0,0
0,0,0,0,0,0,0,0,0,0,0.00316556,0.0240459,0.0285433,0.00488983,-0.167268,0.0485843,0.00488983,-0.167268,0,0,0,0,0,0,0.194691,0.504318,-3.11773,9.09424e-05,-7.56836e-05,-8.10623e-05,0,0,0,0,0,0,0,0,0.000695801,-0.0019043,0.024128,0,0,0,0,0,0,0,0,0,-0.0167468,-0.0740559,-0.0290569,0,0,0,-0.196442,0,0,0,0,0,0,0,-3.14159,-3.14159,-3.14159,0,0,0,0,0,0,0,0,0,0,0,0,0
0,0,0,0,0,0,0,0,0,0,0.00315112,0.0237156,0.0278814,0.00485537,-0.166279,0.0484021,0.00485537,-0.166279,0,0,0,0,0,0,0.19469,0.504317,-3.11768,-1.09863e-05,-2.44141e-06,0.00100613,0,0,0,0,0,0,0,0,-0.00203857,0.00146484,0.0217438,0,0,0,0,0,0,0,0,0,-0.0168773,-0.0739254,-0.0292309,0,0,0,-0.197903,0,0,0,0,0,0,0,-3.14159,-3.14159,-3.14159,0,0,0,0,0,0,0,0,0,0,0,0,0
0,0,0,0,0,0,0,0,0,0,0.00300739,0.0223413,0.0281316,0.00462678,-0.167133,0.0484845,0.00462678,-0.167133,0,0,0,0,0,0,0.19469,0.504317,-3.11768,-1.09863e-05,-2.44141e-06,0.00100613,0,0,0,0,0,0,0,0,-0.00203857,0.00146484,0.0217438,0,0,0,0,0,0,0,0,0,-0.0167468,-0.0740124,-0.0293179,0,0,0,-0.199369,0,0,0,0,0,0,0,-3.14159,-3.14159,-3.14159,0,0,0,0,0,0,0,0,0,0,0,0,0
0,0,0,0,0,0,0,0,0,0,0.00260315,0.0241032,0.0278597,0.00530494,-0.16739,0.0478143,0.00530494,-0.16739,0,0,0,0,0,0,0.194683,0.504327,-3.11773,-0.0001474,0.000195312,-0.0010252,0,0,0,0,0,0,0,0,-0.00272827,0.00395508,-0.0406265,0,0,0,0,0,0,0,0,0,-0.0166163,-0.0744256,-0.0291656,0,0,0,-0.200827,0,0,0,0,0,0,0,-3.14159,-3.14159,-3.14159,0,0,0,0,0,0,0,0,0,0,0,0,0
0,0,0,0,0,0,0,0,0,0,0.00272041,0.0199905,0.0287624,0.00630871,-0.166367,0.0471571,0.00630871,-0.166367,0,0,0,0,0,0,0.194694,0.50432,-3.11767,0.000218506,-0.000148926,0.00117779,0,0,0,0,0,0,0,0,0.00731812,-0.00688477,0.0440598,0,0,0,0,0,0,0,0,0,-0.0164859,-0.0746213,-0.0292309,0,0,0,-0.202289,0,0,0,0,0,0,0,-3.14159,-3.14159,-3.14159,0,0,0,0,0,0,0,0,0,0,0,0,0
0,0,0,0,0,0,0,0,0,0,0.00336042,0.0209668,0.026664,0.00645541,-0.164861,0.0468337,0.00645541,-0.164861,0,0,0,0,0,0,0.194688,0.504318,-3.11772,-0.000123901,-3.66211e-05,-0.000867844,0,0,0,0,0,0,0,0,-0.00684814,0.00224609,-0.0409126,0,0,0,0,0,0,0,0,0,-0.0163771,-0.0742733,-0.0288176,0,0,0,-0.20373,0,0,0,0,0,0,0,-3.14159,-3.14159,-3.14159,0,0,0,0,0,0,0,0,0,0,0,0,0
0,0,0,0,0,0,0,0,0,0,0.00243664,0.0201193,0.0275682,0.00602013,-0.164715,0.0461281,0.00602013,-0.164715,0,0,0,0,0,0,0.194688,0.504318,-3.11772,-0.000123901,-3.66211e-05,-0.000867844,0,0,0,0,0,0,0,0,-0.00684814,0.00224609,-0.0409126,0,0,0,0,0,0,0,0,0,-0.0163989,-0.0740776,-0.0286654,0,0,0,-0.205163,0,0,0,0,0,0,0,-3.14159,-3.14159,-3.14159,0,0,0,0,0,0,0,0,0,0,0,0,0
0,0,0,0,0,0,0,0,0,0,0.0034709,0.021492,0.0270363,0.00637493,-0.164886,0.0453067,0.00637493,-0.164886,0,0,0,0,0,0,0.194688,0.504318,-3.11772,-0.000123901,-3.66211e-05,-0.000867844,0,0,0,0,0,0,0,0,-0.00684814,0.00224609,-0.0409126,0,0,0,0,0,0,0,0,0,-0.0165946,-0.0741646,-0.0285349,0,0,0,-0.20659,0,0,0,0,0,0,0,-3.14159,-3.14159,-3.14159,0,0,0,0,0,0,0,0,0,0,0,0,0
0,0,0,0,0,0,0,0,0,0,0.00189371,0.0215614,0.0289827,0.00662499,-0.164355,0.0452816,0.00662499,-0.164355,0,0,0,0,0,0,0.194684,0.504319,-3.11771,-7.23267e-05,2.92969e-05,0.000133514,0,0,0,0,0,0,0,0,0.00103149,0.00131836,0.0200272,0,0,0,0,0,0,0,0,0,-0.0165511,-0.0744908,-0.0286871,0,0,0,-0.208024,0,0,0,0,0,0,0,-3.14159,-3.14159,-3.14159,0,0,0,0,0,0,0,0,0,0,0,0,0
0,0,0,0,0,0,0,0,0,0,0.0013629,0.0203269,0.0272757,0.00586263,-0.164531,0.045101,0.00586263,-0.164531,0,0,0,0,0,0,0.194682,0.50432,-3.11767,-3.8147e-05,7.32422e-06,0.000810623,0,0,0,0,0,0,0,0,0.000683594,-0.000439453,0.0135422,0,0,0,0,0,0,0,0,0,-0.0164859,-0.0743168,-0.0286001,0,0,0,-0.209454,0,0,0,0,0,0,0,-3.14159,-3.14159,-3.14159,0,0,0,0,0,0,0,0,0,0,0,0,0
0,0,0,0,0,0,0,0,0,0,0.000310353,0.0172674,0.0275264,0.00535207,-0.164856,0.0438193,0.00535207,-0.164856,0,0,0,0,0,0,0.194687,0.50432,-3.1177,8.54492e-05,1.46484e-05,-0.00064373,0,0,0,0,0,0,0,0,0.00247192,0.000146484,-0.0290871,0,0,0,0,0,0,0,0,0,-0.0162249,-0.0743168,-0.0284044,0,0,0,-0.210874,0,0,0,0,0,0,0,-3.14159,-3.14159,-3.14159,0,0,0,0,0,0,0,0,0,0,0,0,0
0,0,0,0,0,0,0,0,0,0,0.00108356,0.0172106,0.0268636,0.00597975,-0.165352,0.0436457,0.00597975,-0.165352,0,0,0,0,0,0,0.194683,0.50432,-3.11771,-6.80542e-05,1.46484e-05,-0.000228882,0,0,0,0,0,0,0,0,-0.00307007,0.000146484,0.00829697,0,0,0,0,0,0,0,0,0,-0.0159856,-0.0741428,-0.0284479,0,0,0,-0.212297,0,0,0,0,0,0,0,-3.14159,-3.14159,-3.14159,0,0,0,0,0,0,0,0,0,0,0,0,0
0,0,0,0,0,0,0,0,0,0,0.00251007,0.0174177,0.0280278,0.00641809,-0.165822,0.0452101,0.00641809,-0.165822,0,0,0,0,0,0,0.194683,0.50432,-3.11771,-6.80542e-05,1.46484e-05,-0.000228882,0,0,0,0,0,0,0,0,-0.00307007,0.000146484,0.00829697,0,0,0,0,0,0,0,0,0,-0.0161379,-0.0741428,-0.0285349,0,0,0,-0.213723,0,0,0,0,0,0,0,-3.14159,-3.14159,-3.14159,0,0,0,0,0,0,0,0,0,0,0,0,0
0,0,0,0,0,0,0,0,0,0,0.00328652,0.0181483,0.027626,0.00555046,-0.166175,0.0466136,0.00555046,-0.166175,0,0,0,0,0,0,0.194681,0.504321,-3.11771,-3.60107e-05,1.70898e-05,4.29153e-05,0,0,0,0,0,0,0,0,0.000640869,4.88281e-05,0.00543594,0,0,0,0,0,0,0,0,0,-0.0162466,-0.0740341,-0.0286436,0,0,0,-0.215156,0,0,0,0,0,0,0,-3.14159,-3.14159,-3.14159,0,0,0,0,0,0,0,0,0,0,0,0,0
0,0,0,0,0,0,0,0,0,0,0.00119304,0.01601,0.0277465,0.00544602,-0.165948,0.0472221,0.00544602,-0.165948,0,0,0,0,0,0,0.194683,0.504332,-3.11781,3.90625e-05,0.000217285,-0.0020504,0,0,0,0,0,0,0,0,0.00150146,0.00400391,-0.0418663,0,0,0,0,0,0,0,0,0,-0.0162684,-0.0735556,-0.0284479,0,0,0,-0.216578,0,0,0,0,0,0,0,-3.14159,-3.14159,-3.14159,0,0,0,0,0,0,0,0,0,0,0,0,0
0,0,0,0,0,0,0,0,0,0,-0.000509834,0.0181795,0.0276053,0.00597486,-0.166209,0.0489396,0.00597486,-0.166209,0,0,0,0,0,0,0.194689,0.504328,-3.11769,0.000112,-9.0332e-05,0.00239372,0,0,0,0,0,0,0,0,0.00145874,-0.00615234,0.0888824,0,0,0,0,0,0,0,0,0,-0.0160944,-0.0736426,-0.0285131,0,0,0,-0.218004,0,0,0,0,0,0,0,-3.14159,-3.14159,-3.14159,0,0,0,0,0,0,0,0,0,0,0,0,0
0,0,0,0,0,0,0,0,0,0,0.000266648,0.0139586,0.026682,0.00596355,-0.166599,0.0515827,0.00596355,-0.166599,0,0,0,0,0,0,0.19468,0.504323,-3.11769,-0.000169983,-0.000102539,1.43051e-05,0,0,0,0,0,0,0,0,-0.00563965,-0.000244141,-0.0475883,0,0,0,0,0,0,0,0,0,-0.0162249,-0.0735339,-0.0283826,0,0,0,-0.219423,0,0,0,0,0,0,0,-3.14159,-3.14159,-3.14159,0,0,0,0,0,0,0,0,0,0,0,0,0
0,0,0,0,0,0,0,0,0,0,0.000652807,0.0141742,0.0279759,0.00558053,-0.165414,0.0520479,0.00558053,-0.165414,0,0,0,0,0,0,0.194685,0.504329,-3.11774,9.15527e-05,0.00012207,-0.000948906,0,0,0,0,0,0,0,0,0.00523071,0.00449219,-0.0192642,0,0,0,0,0,0,0,0,0,-0.0162901,-0.0734686,-0.0285784,0,0,0,-0.220852,0,0,0,0,0,0,0,-3.14159,-3.14159,-3.14159,0,0,0,0,0,0,0,0,0,0,0,0,0
0,0,0,0,0,0,0,0,0,0,0.00221351,0.0156952,0.0271821,0.00537787,-0.164734,0.051156,0.00537787,-0.164734,0,0,0,0,0,0,0.194681,0.504324,-3.1177,-7.20215e-05,-8.78906e-05,0.000801086,0,0,0,0,0,0,0,0,-0.00327148,-0.00419922,0.0349998,0,0,0,0,0,0,0,0,0,-0.0163771,-0.0736209,-0.0284479,0,0,0,-0.222274,0,0,0,0,0,0,0,-3.14159,-3.14159,-3.14159,0,0,0,0,0,0,0,0,0,0,0,0,0
0,0,0,0,0,0,0,0,0,0,0.000122532,0.0147395,0.0276937,0.00585278,-0.16444,0.0505501,0.00585278,-0.16444,0,0,0,0,0,0,0.194684,0.504323,-3.1177,5.43213e-05,-1.95312e-05,3.33786e-05,0,0,0,0,0,0,0,0,0.00252686,0.00136719,-0.0153542,0,0,0,0,0,0,0,0,0,-0.0159856,-0.0734904,-0.0284696,0,0,0,-0.223698,0,0,0,0,0,0,0,-3.14159,-3.14159,-3.14159,0,0,0,0,0,0,0,0,0,0,0,0,0
0,0,0,0,0,0,0,0,0,0,0.00064136,0.0156145,0.029119,0.00597524,-0.163534,0.0492709,0.00597524,-0.163534,0,0,0,0,0,0,0.194684,0.504323,-3.1177,5.43213e-05,-1.95312e-05,3.33786e-05,0,0,0,0,0,0,0,0,0.00252686,0.00136719,-0.0153542,0,0,0,0,0,0,0,0,0,-0.0160291,-0.0738601,-0.0287089,0,0,0,-0.225133,0,0,0,0,0,0,0,-3.14159,-3.14159,-3.14159,0,0,0,0,0,0,0,0,0,0,0,0,0
0,0,0,0,0,0,0,0,0,0,0.000899842,0.0145308,0.0278034,0.00577684,-0.162064,0.0477965,0.00577684,-0.162064,0,0,0,0,0,0,0.194679,0.504322,-3.11774,-9.27734e-05,-2.92969e-05,-0.000782013,0,0,0,0,0,0,0,0,-0.00294189,-0.000195312,-0.0163078,0,0,0,0,0,0,0,0,0,-0.0163989,-0.0736861,-0.0287524,0,0,0,-0.226571,0,0,0,0,0,0,0,-3.14159,-3.14159,-3.14159,0,0,0,0,0,0,0,0,0,0,0,0,0
0,0,0,0,0,0,0,0,0,0,-0.00105951,0.0114925,0.0288375,0.00581429,-0.161606,0.0475191,0.00581429,-0.161606,0,0,0,0,0,0,0.194682,0.504318,-3.1177,5.76782e-05,-7.56836e-05,0.000691414,0,0,0,0,0,0,0,0,0.00300903,-0.000927734,0.0294685,0,0,0,0,0,0,0,0,0,-0.0163119,-0.0737079,-0.0291221,0,0,0,-0.228027,0,0,0,0,0,0,0,-3.14159,-3.14159,-3.14159,0,0,0,0,0,0,0,0,0,0,0,0,0
0,0,0,0,0,0,0,0,0,0,0.000505954,0.0134152,0.0272617,0.00672519,-0.162647,0.048269,0.00672519,-0.162647,0,0,0,0,0,0,0.194687,0.504327,-3.11773,9.12476e-05,0.000185547,-0.000481606,0,0,0,0,0,0,0,0,0.000671387,0.00522461,-0.0234604,0,0,0,0,0,0,0,0,0,-0.0164206,-0.0740124,-0.0290134,0,0,0,-0.229477,0,0,0,0,0,0,0,-3.14159,-3.14159,-3.14159,0,0,0,0,0,0,0,0,0,0,0,0,0
0,0,0,0,0,0,0,0,0,0,0.00128744,0.0145573,0.0282953,0.00835556,-0.162551,0.0486381,0.00835556,-0.162551,0,0,0,0,0,0,0.194684,0.504322,-3.11771,-5.95093e-05,-0.00010498,0.000309944,0,0,0,0,0,0,0,0,-0.00301514,-0.00581055,0.015831,0,0,0,0,0,0,0,0,0,-0.0163989,-0.0742516,-0.0292091,0,0,0,-0.230938,0,0,0,0,0,0,0,-3.14159,-3.14159,-3.14159,0,0,0,0,0,0,0,0,0,0,0,0,0
0,0,0,0,0,0,0,0,0,0,0.00180643,0.0116575,0.0285453,0.00922227,-0.162197,0.0485386,0.00922227,-0.162197,0,0,0,0,0,0,0.194686,0.504328,-3.11772,4.27246e-05,0.000117187,-0.00023365,0,0,0,0,0,0,0,0,0.00204468,0.00444336,-0.0108719,0,0,0,0,0,0,0,0,0,-0.0168121,-0.0741646,-0.0293614,0,0,0,-0.232406,0,0,0,0,0,0,0,-3.14159,-3.14159,-3.14159,0,0,0,0,0,0,0,0,0,0,0,0,0
0,0,0,0,0,0,0,0,0,0,-0.000804507,0.0121533,0.0282732,0.0096148,-0.162476,0.0490599,0.0096148,-0.162476,0,0,0,0,0,0,0.194688,0.504329,-3.11775,4.08936e-05,2.68555e-05,-0.000457764,0,0,0,0,0,0,0,0,-3.66211e-05,-0.00180664,-0.00448227,0,0,0,0,0,0,0,0,0,-0.0167033,-0.0740124,-0.0292309,0,0,0,-0.233868,0,0,0,0,0,0,0,-3.14159,-3.14159,-3.14159,0,0,0,0,0,0,0,0,0,0,0,0,0
0,0,0,0,0,0,0,0,0,0,0.000109176,0.0123902,0.0272188,0.0101676,-0.163034,0.0494569,0.0101676,-0.163034,0,0,0,0,0,0,0.194688,0.504329,-3.11775,4.08936e-05,2.68555e-05,-0.000457764,0,0,0,0,0,0,0,0,-3.66211e-05,-0.00180664,-0.00448227,0,0,0,0,0,0,0,0,0,-0.0167033,-0.0740776,-0.0291439,0,0,0,-0.235325,0,0,0,0,0,0,0,-3.14159,-3.14159,-3.14159,0,0,0,0,0,0,0,0,0,0,0,0,0
0,0,0,0,0,0,0,0,0,0,0.000370175,0.0101506,0.0268165,0.010451,-0.163249,0.0492213,0.010451,-0.163249,0,0,0,0,0,0,0.194684,0.50433,-3.11776,-8.30078e-05,1.2207e-05,-0.000224113,0,0,0,0,0,0,0,0,-0.00247803,-0.000292969,0.004673,0,0,0,0,0,0,0,0,0,-0.0170731,-0.0742733,-0.0288176,0,0,0,-0.236766,0,0,0,0,0,0,0,-3.14159,-3.14159,-3.14159,0,0,0,0,0,0,0,0,0,0,0,0,0
0,0,0,0,0,0,0,0,0,0,-0.00184634,0.0102608,0.0266752,0.00927468,-0.163767,0.0488317,0.00927468,-0.163767,0,0,0,0,0,0,0.194687,0.504325,-3.11766,6.22559e-05,-9.76562e-05,0.00194073,0,0,0,0,0,0,0,0,0.00290527,-0.00219727,0.0432968,0,0,0,0,0,0,0,0,0,-0.0168121,-0.0741646,-0.0287306,0,0,0,-0.238202,0,0,0,0,0,0,0,-3.14159,-3.14159,-3.14159,0,0,0,0,0,0,0,0,0,0,0,0,0
0,0,0,0,0,0,0,0,0,0,-0.000275316,0.0103733,0.0278404,0.00758926,-0.165513,0.0479076,0.00758926,-0.165513,0,0,0,0,0,0,0.194682,0.504327,-3.11774,-0.000105286,3.66211e-05,-0.00167847,0,0,0,0,0,0,0,0,-0.00335083,0.00268555,-0.0723839,0,0,0,0,0,0,0,0,0,-0.0166816,-0.0738819,-0.0286654,0,0,0,-0.239635,0,0,0,0,0,0,0,-3.14159,-3.14159,-3.14159,0,0,0,0,0,0,0,0,0,0,0,0,0
3.95759,0,0,0,0.859824,0.52206,-3.11511,17.1965,10.4412,-62.3023,-0.000531391,0.0106198,0.0283516,0.00720651,-0.166389,0.0466299,-0.0116091,0.16614,343.93,208.824,-1246.05,0,0,0,0.194686,0.504319,-3.11768,7.72095e-05,-0.000146484,0.00122547,0,0,0,0,0,0,0,0,0.0036499,-0.00366211,0.0580788,0,0,0,0,0,0,0,0,0,-0.0164206,-0.0741211,-0.0286436,0,0,0,-0.241068,0,0,0,0,0,0,0,-3.14159,-3.14159,-3.14159,0,0,0,0,0,0,0,0,0,0,0,0,0
3.95759,0,-0,0,0.859824,0.52206,-3.11511,17.1965,10.4412,-62.3023,-0.00183299,0.00825727,0.0286007,0.00667728,-0.166615,0.0458532,-0.011086,0.16638,343.93,208.824,-1246.05,0,0,0,0.194686,0.504319,-3.11768,7.72095e-05,-0.000146484,0.00122547,0,0,0,0,0,0,0,0,0.0036499,-0.00366211,0.0580788,0,0,0,0,0,0,0,0,0,-0.0163771,-0.0738819,-0.0287089,0,0,0,-0.242503,0,0,0,0,0,0,0,-3.14159,-3.14159,-3.14159,0,0,0,0,0,0,0,0,0,0,0,0,0
4.02001,0,-0,0,0.859779,0.522047,-3.1149,-0.000891113,-0.000258789,0.00425816,0.000130143,0.00798395,0.0270232,0.00496001,-0.166757,0.0457216,-0.00940857,0.166566,-343.947,-208.829,1246.13,0,0,0,0.194696,0.504308,-3.1176,0.000212402,-0.000227051,0.00174046,0,0,0,0,0,0,0,0,0.00270386,-0.00161133,0.0102997,0,0,0,0,0,0,0,0,0,-0.0165076,-0.0735556,-0.0286871,0,0,0,-0.243937,0,0,0,0,0,0,0,-3.14159,-3.14159,-3.14159,0,0,0,0,0,0,0,0,0,0,0,0,0
4.08256,0,-0,0,0.859794,0.522061,-3.11494,0.00029541,0.00027832,-0.000715256,-0.00299318,0.00914901,0.0284477,0.00326787,-0.166806,0.045738,-0.00771238,0.16666,0.0237305,0.0107422,-0.0994682,0,0,0,0.194699,0.504291,-3.11749,5.7373e-05,-0.000351563,0.00219345,0,0,0,0,0,0,0,0,-0.00310059,-0.00249023,0.00905991,0,0,0,0,0,0,0,0,0,-0.0160726,-0.0737949,-0.0289699,0,0,0,-0.245386,0,0,0,0,0,0,0,-3.14159,-3.14159,-3.14159,0,0,0,0,0,0,0,0,0,0,0,0,0
4.14496,0,-0,0,0.85991,0.522124,-3.11542,0.00232178,0.00126221,-0.00968933,-0.00128737,0.00783705,0.0270017,0.00332868,-0.165905,0.045819,-0.00766884,0.165761,0.0405273,0.0196777,-0.179482,0,0,0,0.194703,0.504282,-3.11742,8.30078e-05,-0.000175781,0.00132084,0,0,0,0,0,0,0,0,0.000512695,0.00351563,-0.0174522,0,0,0,0,0,0,0,0,0,-0.0162901,-0.0737949,-0.0290351,0,0,0,-0.246838,0,0,0,0,0,0,0,-3.14159,-3.14159,-3.14159,0,0,0,0,0,0,0,0,0,0,0,0,0
4.20749,0,-0,0,0.859937,0.522127,-3.11556,0.00053833,6.83594e-05,-0.00267029,0.000155463,0.0057444,0.0281651,0.00417435,-0.16388,0.0466931,-0.00843937,0.163716,-0.0356689,-0.023877,0.140381,0,0,0,0.194697,0.504286,-3.11747,-0.000117188,7.8125e-05,-0.000920296,0,0,0,0,0,0,0,0,-0.00400391,0.00507813,-0.0448227,0,0,0,0,0,0,0,0,0,-0.0164859,-0.0734251,-0.0291004,0,0,0,-0.248293,0,0,0,0,0,0,0,-3.14159,-3.14159,-3.14159,0,0,0,0,0,0,0,0,0,0,0,0,0
4.20749,0,-0,0,0.859937,0.522127,-3.11556,0.00053833,6.83594e-05,-0.00267029,-0.000619487,0.00756692,0.0259352,0.00393008,-0.163333,0.047936,-0.00818095,0.163175,-0.0356689,-0.023877,0.140381,0,0,0,0.194697,0.504286,-3.11747,-0.000117188,7.8125e-05,-0.000920296,0,0,0,0,0,0,0,0,-0.00400391,0.00507813,-0.0448227,0,0,0,0,0,0,0,0,0,-0.0165946,-0.0733164,-0.0287089,0,0,0,-0.249728,0,0,0,0,0,0,0,-3.14159,-3.14159,-3.14159,0,0,0,0,0,0,0,0,0,0,0,0,0
4.26998,0,-0,0,0.85984,0.522075,-3.11509,-0.00193848,-0.00104492,0.00927925,-0.00178442,0.0071758,0.0276195,0.00366808,-0.163476,0.0481075,-0.00799853,0.163321,-0.0495361,-0.0222656,0.238991,0,0,0,0.194702,0.504288,-3.11743,8.20923e-05,4.63867e-05,0.000786781,0,0,0,0,0,0,0,0,0.0039856,-0.000634766,0.0341415,0,0,0,0,0,0,0,0,0,-0.0167251,-0.0735339,-0.0285566,0,0,0,-0.251156,0,0,0,0,0,0,0,-3.14159,-3.14159,-3.14159,0,0,0,0,0,0,0,0,0,0,0,0,0
4.33251,0,-0,0,0.859855,0.522074,-3.11496,0.00029541,-2.92969e-05,0.00263214,-0.000990981,0.0070491,0.0282604,0.0042361,-0.163336,0.0475143,-0.00858412,0.163165,0.0446777,0.0203125,-0.132942,0,0,0,0.194703,0.504267,-3.11734,3.23486e-05,-0.000412598,0.00163555,0,0,0,0,0,0,0,0,-0.000994873,-0.00917969,0.0169754,0,0,0,0,0,0,0,0,0,-0.0166598,-0.0737731,-0.0287741,0,0,0,-0.252595,0,0,0,0,0,0,0,-3.14159,-3.14159,-3.14159,0,0,0,0,0,0,0,0,0,0,0,0,0
4.39502,0,-0,0,0.859851,0.522083,-3.11494,-7.93457e-05,0.000178223,0.000343323,-0.00371991,0.00431449,0.0266836,0.00501177,-0.163662,0.0464327,-0.009371,0.16347,-0.00749512,0.00415039,-0.0457764,0,0,0,0.194712,0.504255,-3.11725,0.000172729,-0.000251465,0.0019598,0,0,0,0,0,0,0,0,0.00280762,0.00322266,0.00648499,0,0,0,0,0,0,0,0,0,-0.0166598,-0.0733599,-0.0284914,0,0,0,-0.254019,0,0,0,0,0,0,0,-3.14159,-3.14159,-3.14159,0,0,0,0,0,0,0,0,0,0,0,0,0
4.45748,0,-0,0,0.859828,0.522075,-3.11496,-0.000465088,-0.000158691,-0.000271797,-0.00174957,0.00641034,0.0279774,0.00549888,-0.164621,0.0442254,-0.00988127,0.164416,-0.00771484,-0.00673828,-0.0123024,0,0,0,0.194721,0.504246,-3.1172,0.000176086,-0.000168457,0.000891685,0,0,0,0,0,0,0,0,6.71387e-05,0.00166016,-0.0213623,0,0,0,0,0,0,0,0,0,-0.0167033,-0.0735121,-0.0286654,0,0,0,-0.255452,0,0,0,0,0,0,0,-3.14159,-3.14159,-3.14159,0,0,0,0,0,0,0,0,0,0,0,0,0
4.45748,0,-0,0,0.859828,0.522075,-3.11496,-0.000465088,-0.000158691,-0.000271797,-0.00225927,0.00589776,0.0271826,0.00574577,-0.165442,0.042248,-0.0101499,0.16523,-0.00771484,-0.00673828,-0.0123024,0,0,0,0.194721,0.504246,-3.1172,0.000176086,-0.000168457,0.000891685,0,0,0,0,0,0,0,0,6.71387e-05,0.00166016,-0.0213623,0,0,0,0,0,0,0,0,0,-0.0164206,-0.0739254,-0.0285131,0,0,0,-0.256878,0,0,0,0,0,0,0,-3.14159,-3.14159,-3.14159,0,0,0,0,0,0,0,0,0,0,0,0,0
4.51997,0,-0,0,0.859809,0.522061,-3.11482,-0.00038208,-0.000270996,0.00265598,-0.00368174,0.00512641,0.0275634,0.00548682,-0.165658,0.041896,-0.00991879,0.165451,0.00166016,-0.00224609,0.0585556,0,0,0,0.194715,0.504263,-3.11735,-0.000114136,0.000327148,-0.00302792,0,0,0,0,0,0,0,0,-0.00580444,0.00991211,-0.078392,0,0,0,0,0,0,0,0,0,-0.0160291,-0.0739036,-0.0287959,0,0,0,-0.258318,0,0,0,0,0,0,0,-3.14159,-3.14159,-3.14159,0,0,0,0,0,0,0,0,0,0,0,0,0
4.58252,0,-0,0,0.859861,0.522056,-3.11506,0.00104858,-0.000100098,-0.00463486,-0.00170793,0.00579407,0.0288578,0.00480143,-0.166218,0.0424107,-0.00921017,0.166032,0.0286133,0.00341797,-0.145817,0,0,0,0.19472,0.504255,-3.11727,0.000110168,-0.000151367,0.00164986,0,0,0,0,0,0,0,0,0.00448608,-0.00957031,0.0935555,0,0,0,0,0,0,0,0,0,-0.0161596,-0.0740559,-0.0290134,0,0,0,-0.259769,0,0,0,0,0,0,0,-3.14159,-3.14159,-3.14159,0,0,0,0,0,0,0,0,0,0,0,0,0
4.64495,0,-0,0,0.859794,0.522034,-3.11485,-0.00134766,-0.000439453,0.00405312,-0.00286541,0.00437912,0.0279331,0.00455358,-0.166561,0.0428218,-0.00900522,0.16638,-0.0479248,-0.00678711,0.173759,0,0,0,0.19473,0.504242,-3.11716,0.000184326,-0.000263672,0.00226021,0,0,0,0,0,0,0,0,0.00148315,-0.00224609,0.012207,0,0,0,0,0,0,0,0,0,-0.0159639,-0.0739906,-0.0289699,0,0,0,-0.261217,0,0,0,0,0,0,0,-3.14159,-3.14159,-3.14159,0,0,0,0,0,0,0,0,0,0,0,0,0
4.70745,0,-0,0,0.859851,0.522055,-3.11508,0.00113525,0.000407715,-0.00458241,-0.00271713,0.00439915,0.0275305,0.0047004,-0.166494,0.0429673,-0.0091121,0.166311,0.0496582,0.0169434,-0.17271,0,0,0,0.194732,0.504232,-3.11712,5.00488e-05,-0.000205078,0.000786781,0,0,0,0,0,0,0,0,-0.00268555,0.00117188,-0.0294685,0,0,0,0,0,0,0,0,0,-0.0162466,-0.0743821,-0.0291221,0,0,0,-0.262673,0,0,0,0,0,0,0,-3.14159,-3.14159,-3.14159,0,0,0,0,0,0,0,0,0,0,0,0,0
4.70745,0,-0,0,0.859851,0.522055,-3.11508,0.00113525,0.000407715,-0.00458241,-0.00452689,0.00220416,0.027519,0.00424604,-0.166523,0.0437152,-0.00865866,0.166352,0.0496582,0.0169434,-0.17271,0,0,0,0.194732,0.504232,-3.11712,5.00488e-05,-0.000205078,0.000786781,0,0,0,0,0,0,0,0,-0.00268555,0.00117188,-0.0294685,0,0,0,0,0,0,0,0,0,-0.0158986,-0.0740559,-0.0290569,0,0,0,-0.264126,0,0,0,0,0,0,0,-3.14159,-3.14159,-3.14159,0,0,0,0,0,0,0,0,0,0,0,0,0
4.76999,0,-0,0,0.859883,0.522114,-3.11543,0.000657959,0.00118408,-0.00695705,-0.00320318,0.00379553,0.0275074,0.00299325,-0.166564,0.0445086,-0.0073495,0.166429,-0.0095459,0.0155273,-0.047493,0,0,0,0.194719,0.504249,-3.11729,-0.000262451,0.00034668,-0.00346661,0,0,0,0,0,0,0,0,-0.00625,0.0110352,-0.0850677,0,0,0,0,0,0,0,0,0,-0.0158551,-0.0740776,-0.0291221,0,0,0,-0.265582,0,0,0,0,0,0,0,-3.14159,-3.14159,-3.14159,0,0,0,0,0,0,0,0,0,0,0,0,0
4.8325,0,-0,0,0.859916,0.52212,-3.11529,0.000644531,0.000126953,0.00277519,-0.00448703,0.00121193,0.0271044,0.00257432,-0.165945,0.0443511,-0.00693754,0.16582,-0.000268555,-0.0211426,0.194645,0,0,0,0.194719,0.504227,-3.11716,-5.18799e-06,-0.00043457,0.00255585,0,0,0,0,0,0,0,0,0.00514526,-0.015625,0.120449,0,0,0,0,0,0,0,0,0,-0.0158334,-0.0737949,-0.0290569,0,0,0,-0.267035,0,0,0,0,0,0,0,-3.14159,-3.14159,-3.14159,0,0,0,0,0,0,0,0,0,0,0,0,0
4.89498,0,-0,0,0.859832,0.522099,-3.11486,-0.00167847,-0.000419922,0.00864983,-0.00368241,0.0016333,0.0265711,0.00319846,-0.164681,0.0445365,-0.00759939,0.164537,-0.04646,-0.0109375,0.117493,0,0,0,0.194729,0.504225,-3.11708,0.000206909,-3.90625e-05,0.00176907,0,0,0,0,0,0,0,0,0.00424194,0.00791016,-0.0157356,0,0,0,0,0,0,0,0,0,-0.0156159,-0.0734686,-0.0286871,0,0,0,-0.268469,0,0,0,0,0,0,0,-3.14159,-3.14159,-3.14159,0,0,0,0,0,0,0,0,0,0,0,0,0
4.95746,0,-0,0,0.859819,0.522074,-3.11501,-0.000255127,-0.000505371,-0.00300884,-0.00366025,0.00101336,0.0279949,0.003738,-0.164495,0.0445927,-0.00810903,0.164338,0.0284668,-0.00170898,-0.233173,0,0,0,0.194733,0.504212,-3.11698,8.02612e-05,-0.000273438,0.00192165,0,0,0,0,0,0,0,0,-0.00253296,-0.0046875,0.00305176,0,0,0,0,0,0,0,0,0,-0.0155941,-0.0732729,-0.0287089,0,0,0,-0.269905,0,0,0,0,0,0,0,-3.14159,-3.14159,-3.14159,0,0,0,0,0,0,0,0,0,0,0,0,0
4.95746,0,-0,0,0.859819,0.522074,-3.11501,-0.000255127,-0.000505371,-0.00300884,-0.00246283,0.00183271,0.0286359,0.0041278,-0.164712,0.0433626,-0.00850446,0.164544,0.0284668,-0.00170898,-0.233173,0,0,0,0.194733,0.504212,-3.11698,8.02612e-05,-0.000273438,0.00192165,0,0,0,0,0,0,0,0,-0.00253296,-0.0046875,0.00305176,0,0,0,0,0,0,0,0,0,-0.0157464,-0.0732076,-0.0289046,0,0,0,-0.27135,0,0,0,0,0,0,0,-3.14159,-3.14159,-3.14159,0,0,0,0,0,0,0,0,0,0,0,0,0
5.01991,0,-0,0,0.859807,0.522072,-3.11512,-0.000233154,-4.15039e-05,-0.00223637,-0.00387533,0.00252453,0.0281023,-0.00403509,0.000225828,9.81577,0.00403965,-0.000118946,0.000439453,0.00927734,0.0154495,0,0,0,0.194733,0.50421,-3.11697,7.62939e-06,-3.17383e-05,0.000219345,0,0,0,0,0,0,0,0,-0.00145264,0.00483398,-0.0340462,0,0,0,0,0,0,0,0,0,0.000173993,0.00182693,0.000587227,0,0,0,-3.11509,0,0,0,0,0,0,0,-3.14159,-3.14159,-3.14159,0,0,0,0,0,0,0,0,0,0,0,0,0
5.08243,0,-0,0,0.8598,0.522074,-3.11507,-0.000148926,5.37109e-05,0.000987053,-0.00359038,0.00204195,0.0282201,-0.00277526,0.000116331,9.8081,0.00277736,-4.26955e-05,0.00168457,0.0019043,0.0644684,0,0,0,0.194728,0.504211,-3.11701,-0.000100403,1.2207e-05,-0.000905991,0,0,0,0,0,0,0,0,-0.00216064,0.000878906,-0.0225067,0,0,0,0,0,0,0,0,0,0.000565478,0.00169643,0.000717722,0,0,0,-3.11506,0,0,0,0,0,0,0,-3.14159,-3.14159,-3.14159,0,0,0,0,0,0,0,0,0,0,0,0,0
5.14493,0,-0,0,0.859814,0.522082,-3.11497,0.000283203,0.000158691,0.00208378,-0.00291242,0.00339131,0.0267736,0.0032485,0.00182661,9.80808,-0.00319872,-0.00191245,0.00864258,0.00209961,0.0219345,0,0,0,0.19473,0.504208,-3.11697,3.479e-05,-5.85937e-05,0.00082016,0,0,0,0,0,0,0,0,0.00270386,-0.00141602,0.034523,0,0,0,0,0,0,0,0,0,0.00134845,0.00339287,-0.000717722,0,0,0,-3.11509,0,0,0,0,0,0,0,-3.14159,-3.14159,-3.14159,0,0,0,0,0,0,0,0,0,0,0,0,0
5.20742,0,-0,0,0.85981,0.522082,-3.11498,-8.05664e-05,-2.44141e-06,-0.000200272,-0.00183995,0.00187161,0.0279364,0.00548754,0.00167003,9.8108,-0.00544116,-0.00181547,-0.00727539,-0.00322266,-0.045681,0,0,0,0.194732,0.504188,-3.11683,3.93677e-05,-0.000388184,0.00277042,0,0,0,0,0,0,0,0,9.15527e-05,-0.0065918,0.0390053,0,0,0,0,0,0,0,0,0,0.0025229,0.00221841,0.000456732,0,0,0,-3.11507,0,0,0,0,0,0,0,-3.14159,-3.14159,-3.14159,0,0,0,0,0,0,0,0,0,0,0,0,0
5.20742,0,-0,0,0.85981,0.522082,-3.11498,-8.05664e-05,-2.44141e-06,-0.000200272,-0.00494233,0.00035419,0.0272727,-0.000807106,-2.63807e-05,9.81027,0.000806118,4.78502e-05,-0.00727539,-0.00322266,-0.045681,0,0,0,0.194732,0.504188,-3.11683,3.93677e-05,-0.000388184,0.00277042,0,0,0,0,0,0,0,0,9.15527e-05,-0.0065918,0.0390053,0,0,0,0,0,0,0,0,0,-0.000478481,0.00104396,-0.000195742,0,0,0,-3.11508,0,0,0,0,0,0,0,-3.14159,-3.14159,-3.14159,0,0,0,0,0,0,0,0,0,0,0,0,0
5.26998,0,-0,0,0.85975,0.522041,-3.11484,-0.0012085,-0.000822754,0.00269413,-0.00439268,0.000144727,0.0283049,-0.00189275,-0.000174886,9.81104,0.0018874,0.000225449,-0.0225586,-0.0164063,0.057888,0,0,0,0.194728,0.504176,-3.11677,-8.30078e-05,-0.000251465,0.00133514,0,0,0,0,0,0,0,0,-0.00244751,0.00273438,-0.0287056,0,0,0,0,0,0,0,0,0,0.000173993,0.00117445,0.000848217,0,0,0,-3.11504,0,0,0,0,0,0,0,-3.14159,-3.14159,-3.14159,0,0,0,0,0,0,0,0,0,0,0,0,0
5.33242,0,-0,0,0.859801,0.522051,-3.11497,0.00102539,0.000195313,-0.0025177,-0.00358001,-0.00175966,0.0271193,-0.000286645,0.00151914,9.81463,0.000326985,-0.00151097,0.0446777,0.0203613,-0.104237,0,0,0,0.194725,0.504188,-3.11685,-6.7749e-05,0.000253906,-0.00168324,0,0,0,0,0,0,0,0,0.000305176,0.0101074,-0.0603676,0,0,0,0,0,0,0,0,0,0.00108746,-0.000391485,-0.000326237,0,0,0,-3.11505,0,0,0,0,0,0,0,-3.14159,-3.14159,-3.14159,0,0,0,0,0,0,0,0,0,0,0,0,0
5.39497,0,-0,0,0.859842,0.522065,-3.11508,0.000825195,0.000283203,-0.00221252,-0.00172253,-0.000136427,0.028021,-0.00202946,0.0034737,9.81468,0.00212084,-0.00341868,-0.00400391,0.00175781,0.00610352,0,0,0,0.194732,0.504181,-3.11683,0.000146484,-0.000158691,0.000376701,0,0,0,0,0,0,0,0,0.00428467,-0.00825195,0.0411987,0,0,0,0,0,0,0,0,0,0.00304488,0.00156594,0.000587227,0,0,0,-3.11502,0,0,0,0,0,0,0,-3.14159,-3.14159,-3.14159,0,0,0,0,0,0,0,0,0,0,0,0,0
5.45749,0,-0,0,0.859868,0.522084,-3.1152,0.000517578,0.000388184,-0.00251293,-0.0031271,0.000315501,0.0270962,0.000150172,0.00405991,9.81125,-4.29995e-05,-0.00406246,-0.00615234,0.00209961,-0.00600815,0,0,0,0.19473,0.504161,-3.1167,-4.3335e-05,-0.000388184,0.00257969,0,0,0,0,0,0,0,0,-0.00379639,-0.00458984,0.0440598,0,0,0,0,0,0,0,0,0,0.00173993,0.00234891,-0.000326237,0,0,0,-3.11504,0,0,0,0,0,0,0,-3.14159,-3.14159,-3.14159,0,0,0,0,0,0,0,0,0,0,0,0,0
5.45749,0,-0,0,0.859868,0.522084,-3.1152,0.000517578,0.000388184,-0.00251293,-0.00400795,-0.00405886,0.0264315,0.0034305,0.00389993,9.81212,-0.00332641,-0.00398909,-0.00615234,0.00209961,-0.00600815,0,0,0,0.19473,0.504161,-3.1167,-4.3335e-05,-0.000388184,0.00257969,0,0,0,0,0,0,0,0,-0.00379639,-0.00458984,0.0440598,0,0,0,0,0,0,0,0,0,0.000956963,-0.00169643,-0.000978712,0,0,0,-3.11509,0,0,0,0,0,0,0,-3.14159,-3.14159,-3.14159,0,0,0,0,0,0,0,0,0,0,0,0,0
5.51994,0,-0,0,0.859823,0.522086,-3.11509,-0.00090332,2.44141e-05,0.00238419,-0.00567007,-0.00059976,0.0261589,0.00130282,0.0041501,9.81394,-0.00119237,-0.00418317,-0.028418,-0.00727539,0.0979424,0,0,0,0.194738,0.504156,-3.11659,0.000165405,-9.76562e-05,0.0022316,0,0,0,0,0,0,0,0,0.0041748,0.00581055,-0.00696182,0,0,0,0,0,0,0,0,0,-0.000608976,0.00208792,-0.0012397,0,0,0,-3.11515,0,0,0,0,0,0,0,-3.14159,-3.14159,-3.14159,0,0,0,0,0,0,0,0,0,0,0,0,0
5.58247,0,-0,0,0.85983,0.522104,-3.1153,0.000152588,0.000361328,-0.00419617,-0.00406933,-0.00131507,0.0266688,-0.00206593,0.00154698,9.81379,0.00210589,-0.00149212,0.0211182,0.00673828,-0.131607,0,0,0,0.194744,0.50414,-3.11651,0.000118103,-0.000324707,0.00174522,0,0,0,0,0,0,0,0,-0.000946045,-0.00454102,-0.00972748,0,0,0,0,0,0,0,0,0,0.00108746,0.00169643,-0.000717722,0,0,0,-3.11519,0,0,0,0,0,0,0,-3.14159,-3.14159,-3.14159,0,0,0,0,0,0,0,0,0,0,0,0,0
5.64499,0,-0,0,0.859794,0.522069,-3.11505,-0.000723877,-0.000688477,0.0049448,-0.00625348,-0.00320125,0.0275708,-0.00170088,0.00132868,9.81207,0.00173555,-0.00128307,-0.0175293,-0.0209961,0.182819,0,0,0,0.194735,0.504146,-3.11662,-0.000179443,0.000129395,-0.00228882,0,0,0,0,0,0,0,0,-0.00595093,0.00908203,-0.0806808,0,0,0,0,0,0,0,0,0,-0.00100046,0.000130495,0.000195742,0,0,0,-3.11518,0,0,0,0,0,0,0,-3.14159,-3.14159,-3.14159,0,0,0,0,0,0,0,0,0,0,0,0,0
5.70747,0,-0,0,0.859845,0.522074,-3.11516,0.00101685,9.0332e-05,-0.00229836,-0.00556521,-0.00129978,0.0288642,0.000104706,0.00230142,9.80701,-4.38514e-05,-0.00230339,0.0348145,0.0155762,-0.144863,0,0,0,0.194739,0.50415,-3.11663,8.54492e-05,6.83594e-05,-0.000195503,0,0,0,0,0,0,0,0,0.00529785,-0.0012207,0.0418663,0,0,0,0,0,0,0,0,0,-0.000217491,0.00234891,0.00150069,0,0,0,-3.1151,0,0,0,0,0,0,0,-3.14159,-3.14159,-3.14159,0,0,0,0,0,0,0,0,0,0,0,0,0
5.76993,0,-0,0,0.859823,0.522064,-3.1151,-0.000447998,-0.000197754,0.00127316,-0.0022651,-0.00396308,0.0276777,0.00126967,0.000409793,9.8031,-0.00125837,-0.000443283,-0.0292969,-0.00576172,0.0714302,0,0,0,0.194744,0.504134,-3.11651,9.27734e-05,-0.000314941,0.00243187,0,0,0,0,0,0,0,0,0.000146484,-0.00766602,0.0525475,0,0,0,0,0,0,0,0,0,0.00317538,0,0.000326237,0,0,0,-3.11509,0,0,0,0,0,0,0,-3.14159,-3.14159,-3.14159,0,0,0,0,0,0,0,0,0,0,0,0,0
5.76993,0,-0,0,0.859823,0.522064,-3.1151,-0.000447998,-0.000197754,0.00127316,-0.00287838,-0.00192593,0.0257095,-0.000267716,0.000242897,9.80695,0.000274057,-0.00023572,-0.0292969,-0.00576172,0.0714302,0,0,0,0.194744,0.504134,-3.11651,9.27734e-05,-0.000314941,0.00243187,0,0,0,0,0,0,0,0,0.000146484,-0.00766602,0.0525475,0,0,0,0,0,0,0,0,0,0.0026534,0.00234891,-0.00163119,0,0,0,-3.11517,0,0,0,0,0,0,0,-3.14159,-3.14159,-3.14159,0,0,0,0,0,0,0,0,0,0,0,0,0
5.83239,0,-0,0,0.85979,0.522074,-3.11501,-0.000653076,0.000200195,0.0018549,-0.00662254,-0.00315016,0.0262211,-0.00187056,0.00302265,9.8106,0.00195025,-0.00297185,-0.00410156,0.00795898,0.0116348,0,0,0,0.194747,0.504119,-3.11644,6.16455e-05,-0.000307617,0.00140667,0,0,0,0,0,0,0,0,-0.000622559,0.000146484,-0.020504,0,0,0,0,0,0,0,0,0,-0.00100046,0.00143544,-0.00110921,0,0,0,-3.11522,0,0,0,0,0,0,0,-3.14159,-3.14159,-3.14159,0,0,0,0,0,0,0,0,0,0,0,0,0
5.8949,0,-0,0,0.859789,0.522081,-3.11498,-1.2207e-05,0.000148926,0.000605583,-0.00423325,-0.00450003,0.0279071,0.000673038,0.00673408,9.80942,-0.000493585,-0.0067496,0.0128174,-0.00102539,-0.0249863,0,0,0,0.194743,0.504118,-3.11646,-7.50732e-05,-1.2207e-05,-0.000352859,0,0,0,0,0,0,0,0,-0.00273437,0.0059082,-0.0351906,0,0,0,0,0,0,0,0,0,0.00147894,0.000391485,0.000587227,0,0,0,-3.11519,0,0,0,0,0,0,0,-3.14159,-3.14159,-3.14159,0,0,0,0,0,0,0,0,0,0,0,0,0
5.95733,0,-0,0,0.859772,0.52204,-3.11475,-0.00034668,-0.000837402,0.00449657,-0.00393056,-0.00467132,0.0281564,0.00322787,0.00520492,9.81212,-0.00308702,-0.00528967,-0.00668945,-0.0197266,0.0778198,0,0,0,0.194739,0.504129,-3.11649,-8.57544e-05,0.000209961,-0.000634193,0,0,0,0,0,0,0,0,-0.000213623,0.00444336,-0.00562668,0,0,0,0,0,0,0,0,0,0.00187043,0.00052198,0.000848217,0,0,0,-3.11515,0,0,0,0,0,0,0,-3.14159,-3.14159,-3.14159,0,0,0,0,0,0,0,0,0,0,0,0,0
5.95733,0,-0,0,0.859772,0.52204,-3.11475,-0.00034668,-0.000837402,0.00449657,-0.00584461,-0.00418846,0.0269706,0.0043698,0.00369128,9.8118,-0.00426916,-0.00380723,-0.00668945,-0.0197266,0.0778198,0,0,0,0.194739,0.504129,-3.11649,-8.57544e-05,0.000209961,-0.000634193,0,0,0,0,0,0,0,0,-0.000213623,0.00444336,-0.00562668,0,0,0,0,0,0,0,0,0,4.34983e-05,0.00130495,-0.000326237,0,0,0,-3.11517,0,0,0,0,0,0,0,-3.14159,-3.14159,-3.14159,0,0,0,0,0,0,0,0,0,0,0,0,0
6.01983,0,-0,0,0.859845,0.522045,-3.11511,0.00146729,0.000109863,-0.00725269,-0.00566952,-0.00487753,0.0263068,0.00445757,0.00342753,9.80976,-0.00436526,-0.00354435,0.0362793,0.0189453,-0.234985,0,0,0,0.194745,0.504118,-3.11637,0.000112915,-0.000219727,0.00230789,0,0,0,0,0,0,0,0,0.00397339,-0.00859375,0.0588417,0,0,0,0,0,0,0,0,0,0.000304488,0.000913464,-0.000978712,0,0,0,-3.11522,0,0,0,0,0,0,0,-3.14159,-3.14159,-3.14159,0,0,0,0,0,0,0,0,0,0,0,0,0
6.08236,0,-0,0,0.859857,0.522058,-3.11524,0.000229492,0.000253906,-0.00251293,-0.00575446,-0.00517271,0.0274692,0.00233256,0.000881291,9.81332,-0.00230853,-0.000942447,-0.0247559,0.00288086,0.0947952,0,0,0,0.194746,0.504109,-3.11632,2.38037e-05,-0.000170898,0.000972748,0,0,0,0,0,0,0,0,-0.00178223,0.000976563,-0.0267029,0,0,0,0,0,0,0,0,0,0.000304488,0.000913464,0.000195742,0,0,0,-3.11521,0,0,0,0,0,0,0,-3.14159,-3.14159,-3.14159,0,0,0,0,0,0,0,0,0,0,0,0,0
6.14487,0,-0,0,0.859829,0.522089,-3.11521,-0.000554199,0.000627441,0.000514984,-0.00492495,-0.0062501,0.0271966,0.00161602,0.000751172,9.81542,-0.00159564,-0.000793534,-0.0156738,0.0074707,0.0605583,0,0,0,0.194748,0.504094,-3.11629,4.15039e-05,-0.000297852,0.000705719,0,0,0,0,0,0,0,0,0.000354004,-0.00253906,-0.00534058,0,0,0,0,0,0,0,0,0,0.00121795,0.000130495,-6.52474e-05,0,0,0,-3.11521,0,0,0,0,0,0,0,-3.14159,-3.14159,-3.14159,0,0,0,0,0,0,0,0,0,0,0,0,0
6.20737,0,-0,0,0.859896,0.522132,-3.11511,0.00132935,0.000852051,0.00199318,-0.00396436,-0.00654069,0.0280984,0.00127913,-0.000214932,9.81429,-0.00128437,0.000180991,0.0376709,0.00449219,0.0295639,0,0,0,0.194748,0.504095,-3.11626,-3.05176e-07,7.32422e-06,0.000638962,0,0,0,0,0,0,0,0,-0.000836182,0.00610352,-0.00133514,0,0,0,0,0,0,0,0,0,0.00226191,0.000130495,0.000848217,0,0,0,-3.11517,0,0,0,0,0,0,0,-3.14159,-3.14159,-3.14159,0,0,0,0,0,0,0,0,0,0,0,0,0
6.20737,0,-0,0,0.859896,0.522132,-3.11511,0.00132935,0.000852051,0.00199318,-0.00691774,-0.00669707,0.0274353,-0.00315759,-0.000543349,9.80954,0.00314209,0.000626756,0.0376709,0.00449219,0.0295639,0,0,0,0.194748,0.504095,-3.11626,-3.05176e-07,7.32422e-06,0.000638962,0,0,0,0,0,0,0,0,-0.000836182,0.00610352,-0.00133514,0,0,0,0,0,0,0,0,0,-0.000608976,0.00026099,0.000195742,0,0,0,-3.11516,0,0,0,0,0,0,0,-3.14159,-3.14159,-3.14159,0,0,0,0,0,0,0,0,0,0,0,0,0
6.26988,0,-0,0,0.859833,0.522096,-3.11457,-0.00124756,-0.000710449,0.010829,-0.00399914,-0.00711137,0.0255972,-0.00590572,0.000499264,9.80447,0.00591706,-0.000339531,-0.0515381,-0.03125,0.176716,0,0,0,0.194745,0.504095,-3.11627,-5.15747e-05,1.70898e-05,-0.000267029,0,0,0,0,0,0,0,0,-0.00102539,0.000195313,-0.0181198,0,0,0,0,0,0,0,0,0,0.00239241,0.000130495,-0.00163119,0,0,0,-3.11524,0,0,0,0,0,0,0,-3.14159,-3.14159,-3.14159,0,0,0,0,0,0,0,0,0,0,0,0,0
6.33237,0,-0,0,0.859878,0.522078,-3.11484,0.000897217,-0.000354004,-0.00529289,-0.00460371,-0.00699963,0.0272824,-0.00181245,-0.000321245,9.80318,0.00180321,0.000369616,0.0428955,0.00712891,-0.322437,0,0,0,0.194758,0.504083,-3.11614,0.000260315,-0.000251465,0.00257015,0,0,0,0,0,0,0,0,0.00623779,-0.00537109,0.0567436,0,0,0,0,0,0,0,0,0,0.00187043,0.00052198,6.52474e-05,0,0,0,-3.11524,0,0,0,0,0,0,0,-3.14159,-3.14159,-3.14159,0,0,0,0,0,0,0,0,0,0,0,0,0
6.39485,0,-0,0,0.859844,0.522054,-3.11503,-0.000684814,-0.000490723,-0.00386238,-0.00598682,-0.00897723,0.0277931,0.00251722,-0.0019031,9.80756,-0.00256688,0.00183557,-0.0316406,-0.00273438,0.0286102,0,0,0,0.194763,0.504067,-3.11611,8.8501e-05,-0.000314941,0.00064373,0,0,0,0,0,0,0,0,-0.00343628,-0.00126953,-0.0385284,0,0,0,0,0,0,0,0,0,0.000565478,-0.00117445,0.000587227,0,0,0,-3.11521,0,0,0,0,0,0,0,-3.14159,-3.14159,-3.14159,0,0,0,0,0,0,0,0,0,0,0,0,0
6.45737,0,-0,0,0.859835,0.522062,-3.11508,-0.000185547,0.00015625,-0.000963211,-0.00697753,-0.0083404,0.0272595,0.00058733,-0.00176232,9.81252,-0.000633844,0.00174613,0.00998535,0.0129395,0.0579834,0,0,0,0.194755,0.504078,-3.11619,-0.000143738,0.000214844,-0.00166893,0,0,0,0,0,0,0,0,-0.00464478,0.0105957,-0.0462532,0,0,0,0,0,0,0,0,0,-0.000347986,-0.00026099,6.52474e-05,0,0,0,-3.1152,0,0,0,0,0,0,0,-3.14159,-3.14159,-3.14159,0,0,0,0,0,0,0,0,0,0,0,0,0
6.5198,0,-0,0,0.859825,0.522071,-3.11479,-0.000201416,0.000180664,0.00573158,-0.00522812,-0.00887411,0.0265955,-0.00278609,0.000788908,9.81124,0.00280623,-0.000713965,-0.000317383,0.000488281,0.133896,0,0,0,0.194758,0.50408,-3.11618,4.05884e-05,3.90625e-05,0.000190735,0,0,0,0,0,0,0,0,0.00368652,-0.00351562,0.0371933,0,0,0,0,0,0,0,0,0,0.00147894,-0.00052198,-0.000587227,0,0,0,-3.11523,0,0,0,0,0,0,0,-3.14159,-3.14159,-3.14159,0,0,0,0,0,0,0,0,0,0,0,0,0
6.5198,0,-0,0,0.859825,0.522071,-3.11479,-0.000201416,0.000180664,0.00573158,-0.00439259,-0.00822835,0.0276281,-0.00105201,-0.000112102,9.81284,0.00104862,0.000140253,-0.000317383,0.000488281,0.133896,0,0,0,0.194758,0.50408,-3.11618,4.05884e-05,3.90625e-05,0.000190735,0,0,0,0,0,0,0,0,0.00368652,-0.00351562,0.0371933,0,0,0,0,0,0,0,0,0,0.00239241,0.000391485,0.000456732,0,0,0,-3.11521,0,0,0,0,0,0,0,-3.14159,-3.14159,-3.14159,0,0,0,0,0,0,0,0,0,0,0,0,0
6.58232,0,-0,0,0.859828,0.522071,-3.11495,7.44629e-05,7.32422e-06,-0.00311852,-0.0044687,-0.00875559,0.0274855,0.00163124,-0.00195279,9.8171,-0.00168268,0.00190864,0.00551758,-0.0034668,-0.177002,0,0,0,0.194756,0.504066,-3.11604,-3.84521e-05,-0.000268555,0.00276089,0,0,0,0,0,0,0,0,-0.00158081,-0.00615234,0.051403,0,0,0,0,0,0,0,0,0,0.00239241,0.000130495,0.000326237,0,0,0,-3.11519,0,0,0,0,0,0,0,-3.14159,-3.14159,-3.14159,0,0,0,0,0,0,0,0,0,0,0,0,0
6.64497,0,-0,0,0.859833,0.522076,-3.11488,8.42285e-05,9.76562e-05,0.00130177,-0.0067616,-0.010977,0.027343,0.00115834,-0.000921349,9.8177,-0.00118254,0.000890085,0.000195313,0.00180664,0.0884056,0,0,0,0.194764,0.504057,-3.11599,0.000175781,-0.000178223,0.00108242,0,0,0,0,0,0,0,0,0.00428467,0.00180664,-0.0335693,0,0,0,0,0,0,0,0,0,0.000173993,-0.00182693,0.000195742,0,0,0,-3.11518,0,0,0,0,0,0,0,-3.14159,-3.14159,-3.14159,0,0,0,0,0,0,0,0,0,0,0,0,0
6.70732,0,-0,0,0.859779,0.522053,-3.11483,-0.00107056,-0.000466309,0.00107765,-0.00435646,-0.00706122,0.0274607,0.00122409,-0.000430165,9.8175,-0.00123516,0.000397254,-0.0230957,-0.0112793,-0.00448227,0,0,0,0.194771,0.504054,-3.11601,0.000123291,-7.56836e-05,-0.000343323,0,0,0,0,0,0,0,0,-0.0010498,0.00205078,-0.0285149,0,0,0,0,0,0,0,0,0,0.0026534,0.00234891,0.000326237,0,0,0,-3.11517,0,0,0,0,0,0,0,-3.14159,-3.14159,-3.14159,0,0,0,0,0,0,0,0,0,0,0,0,0
6.76984,0,-0,0,0.859828,0.522062,-3.11508,0.000987549,0.00019043,-0.00507832,-0.00573435,-0.00849278,0.0270573,0.0032343,0.00149732,9.81318,-0.00319348,-0.00158253,0.0411621,0.0131348,-0.123119,0,0,0,0.194759,0.504078,-3.11619,-0.000238342,0.000478516,-0.00370502,0,0,0,0,0,0,0,0,-0.00723267,0.011084,-0.067234,0,0,0,0,0,0,0,0,0,0.00134845,0.00117445,-6.52474e-05,0,0,0,-3.11517,0,0,0,0,0,0,0,-3.14159,-3.14159,-3.14159,0,0,0,0,0,0,0,0,0,0,0,0,0
6.76984,0,-0,0,0.859828,0.522062,-3.11508,0.000987549,0.00019043,-0.00507832,-0.0050227,-0.00770088,0.0261331,0.00322303,0.00492047,9.80971,-0.00309147,-0.00500417,0.0411621,0.0131348,-0.123119,0,0,0,0.194759,0.504078,-3.11619,-0.000238342,0.000478516,-0.00370502,0,0,0,0,0,0,0,0,-0.00723267,0.011084,-0.067234,0,0,0,0,0,0,0,0,0,0.00213142,0.00221841,-0.000978712,0,0,0,-3.11522,0,0,0,0,0,0,0,-3.14159,-3.14159,-3.14159,0,0,0,0,0,0,0,0,0,0,0,0,0
6.83234,0,-0,0,0.859817,0.522088,-3.11491,-0.000231934,0.000517578,0.00349998,-0.00718067,-0.0100394,0.0263821,-0.00080467,0.00301143,9.81431,0.000884732,-0.00298889,-0.0243896,0.00654297,0.171566,0,0,0,0.194766,0.50406,-3.11606,0.000152893,-0.000361328,0.00265598,0,0,0,0,0,0,0,0,0.00782471,-0.0167969,0.12722,0,0,0,0,0,0,0,0,0,4.34983e-05,0.000130495,-0.000717722,0,0,0,-3.11525,0,0,0,0,0,0,0,-3.14159,-3.14159,-3.14159,0,0,0,0,0,0,0,0,0,0,0,0,0
6.89478,0,-0,0,0.859836,0.5221,-3.11485,0.000386963,0.000229492,0.00117302,-0.00542435,-0.00885203,0.0267616,-0.00378405,0.000495024,9.81824,0.00379593,-0.000393662,0.0123779,-0.00576172,-0.0465393,0,0,0,0.194762,0.504058,-3.11606,-9.27734e-05,-2.92969e-05,1.90735e-05,0,0,0,0,0,0,0,0,-0.00491333,0.00664062,-0.0527382,0,0,0,0,0,0,0,0,0,0.00187043,0.00156594,-0.000326237,0,0,0,-3.11527,0,0,0,0,0,0,0,-3.14159,-3.14159,-3.14159,0,0,0,0,0,0,0,0,0,0,0,0,0
6.95731,0,-0,0,0.859841,0.52209,-3.11491,9.52148e-05,-0.000187988,-0.00130653,-0.00562569,-0.00753087,0.0272719,-0.00326837,0.00345313,9.81482,0.00335932,-0.00336472,-0.00583496,-0.00834961,-0.0495911,0,0,0,0.194759,0.504053,-3.11593,-5.34058e-05,-9.52148e-05,0.00254154,0,0,0,0,0,0,0,0,0.000787354,-0.00131836,0.0504494,0,0,0,0,0,0,0,0,0,0.00173993,0.00313188,0.000195742,0,0,0,-3.11526,0,0,0,0,0,0,0,-3.14159,-3.14159,-3.14159,0,0,0,0,0,0,0,0,0,0,0,0,0
7.01982,0,-0,0,0.85982,0.522075,-3.115,-0.000421143,-0.000305176,-0.00166416,-0.00673784,-0.00803439,0.0271301,-0.00310794,0.0019558,9.81257,0.00315884,-0.00187246,-0.0103271,-0.00234375,-0.00715256,0,0,0,0.194759,0.504052,-3.11598,-1.83105e-06,-3.66211e-05,-0.000967979,0,0,0,0,0,0,0,0,0.00103149,0.00117188,-0.0701904,0,0,0,0,0,0,0,0,0,0.000695973,0.00287089,6.52474e-05,0,0,0,-3.11526,0,0,0,0,0,0,0,-3.14159,-3.14159,-3.14159,0,0,0,0,0,0,0,0,0,0,0,0,0
7.01982,0,-0,0,0.85982,0.522075,-3.115,-0.000421143,-0.000305176,-0.00166416,-0.00602357,-0.0100991,0.0267265,-0.00284567,0.000396037,9.81561,0.00285519,-0.000320227,-0.0103271,-0.00234375,-0.00715256,0,0,0,0.194759,0.504052,-3.11598,-1.83105e-06,-3.66211e-05,-0.000967979,0,0,0,0,0,0,0,0,0.00103149,0.00117188,-0.0701904,0,0,0,0,0,0,0,0,0,0.00147894,0.00104396,-0.000326237,0,0,0,-3.11527,0,0,0,0,0,0,0,-3.14159,-3.14159,-3.14159,0,0,0,0,0,0,0,0,0,0,0,0,0
7.0823,0,-0,0,0.859843,0.522086,-3.11508,0.000467529,0.000214844,-0.00171661,-0.00778597,-0.00929384,0.0276282,-0.00059337,0.00205591,9.81617,0.000647655,-0.00203946,0.0177734,0.0104004,-0.00104904,0,0,0,0.194773,0.504055,-3.11604,0.000273132,6.10352e-05,-0.00113964,0,0,0,0,0,0,0,0,0.00549927,0.00195312,-0.00343323,0,0,0,0,0,0,0,0,0,-0.000217491,0.00208792,0.000587227,0,0,0,-3.11524,0,0,0,0,0,0,0,-3.14159,-3.14159,-3.14159,0,0,0,0,0,0,0,0,0,0,0,0,0
7.14479,0,-0,0,0.859802,0.522088,-3.11479,-0.000822754,5.37109e-05,0.0057888,-0.00680651,-0.00978667,0.0252696,0.0019922,-0.00135927,9.82073,-0.00202791,0.00130541,-0.0258057,-0.00322266,0.150108,0,0,0,0.194769,0.504043,-3.11602,-6.16455e-05,-0.000234375,0.000319481,0,0,0,0,0,0,0,0,-0.00669556,-0.0059082,0.0291824,0,0,0,0,0,0,0,0,0,0.000826468,0.00182693,-0.00176168,0,0,0,-3.11533,0,0,0,0,0,0,0,-3.14159,-3.14159,-3.14159,0,0,0,0,0,0,0,0,0,0,0,0,0
7.2073,0,-0,0,0.85973,0.522051,-3.11437,-0.00143677,-0.000751953,0.00852585,-0.00700041,-0.0121062,0.0265628,0.000728911,-0.00111795,9.82485,-0.000759073,0.00109769,-0.0122803,-0.0161133,0.0547409,0,0,0,0.194775,0.504038,-3.11591,0.000118103,-0.00010498,0.00212669,0,0,0,0,0,0,0,0,0.00359497,0.00258789,0.0361443,0,0,0,0,0,0,0,0,0,0.000695973,-0.00026099,-0.000456732,0,0,0,-3.11536,0,0,0,0,0,0,0,-3.14159,-3.14159,-3.14159,0,0,0,0,0,0,0,0,0,0,0,0,0
7.2073,0,-0,0,0.85973,0.522051,-3.11437,-0.00143677,-0.000751953,0.00852585,-0.00641021,-0.0099867,0.0279869,-0.00146842,0.00595674,9.81407,0.00163002,-0.00591456,-0.0122803,-0.0161133,0.0547409,0,0,0,0.194775,0.504038,-3.11591,0.000118103,-0.00010498,0.00212669,0,0,0,0,0,0,0,0,0.00359497,0.00258789,0.0361443,0,0,0,0,0,0,0,0,0,0.00134845,0.00208792,0.000978712,0,0,0,-3.11531,0,0,0,0,0,0,0,-3.14159,-3.14159,-3.14159,0,0,0,0,0,0,0,0,0,0,0,0,0
7.26977,0,-0,0,0.85986,0.522085,-3.11511,0.00259644,0.000678711,-0.0148439,-0.0056896,-0.0126909,0.0274518,-0.00142704,0.00819516,9.80705,0.00164354,-0.0081545,0.0806641,0.0286133,-0.467396,0,0,0,0.194782,0.504032,-3.11589,0.000123596,-0.000119629,0.000500679,0,0,0,0,0,0,0,0,0.000109863,-0.000292969,-0.0325203,0,0,0,0,0,0,0,0,0,0.00213142,-0.000391485,0.000456732,0,0,0,-3.11528,0,0,0,0,0,0,0,-3.14159,-3.14159,-3.14159,0,0,0,0,0,0,0,0,0,0,0,0,0
7.33233,0,-0,0,0.859856,0.522084,-3.11512,-8.42285e-05,-1.70898e-05,-0.000166893,-0.00614241,-0.0105619,0.0277006,-0.00350524,0.00277243,9.81118,0.0035774,-0.00267867,-0.0536133,-0.013916,0.293541,0,0,0,0.194778,0.504031,-3.11588,-6.46973e-05,-7.32422e-06,0.00020504,0,0,0,0,0,0,0,0,-0.00376587,0.00224609,-0.00591278,0,0,0,0,0,0,0,0,0,0.00173993,0.00195742,0.000717722,0,0,0,-3.11525,0,0,0,0,0,0,0,-3.14159,-3.14159,-3.14159,0,0,0,0,0,0,0,0,0,0,0,0,0
7.39476,0,-0,0,0.85984,0.522091,-3.11501,-0.000311279,0.000134277,0.00221252,-0.00776912,-0.0126088,0.0274277,-0.00316159,-0.000768309,9.81273,0.00314005,0.000852077,-0.00454102,0.00302734,0.0475883,0,0,0,0.19478,0.504037,-3.11595,2.44141e-05,0.000107422,-0.00149727,0,0,0,0,0,0,0,0,0.00178223,0.00229492,-0.0340462,0,0,0,0,0,0,0,0,0,0.000173993,0.000130495,0.000456732,0,0,0,-3.11523,0,0,0,0,0,0,0,-3.14159,-3.14159,-3.14159,0,0,0,0,0,0,0,0,0,0,0,0,0
7.45729,0,-0,0,0.85983,0.522072,-3.11491,-0.000212402,-0.000373535,0.00195503,-0.00730634,-0.0119147,0.0271537,-0.000525204,0.00103894,9.81395,0.000552735,-0.00102456,0.00197754,-0.0101563,-0.00514984,0,0,0,0.194777,0.504033,-3.11593,-4.69971e-05,-7.32422e-05,0.000576973,0,0,0,0,0,0,0,0,-0.00142822,-0.00361328,0.0414848,0,0,0,0,0,0,0,0,0,0.000695973,0.00104396,0.000195742,0,0,0,-3.11522,0,0,0,0,0,0,0,-3.14159,-3.14159,-3.14159,0,0,0,0,0,0,0,0,0,0,0,0,0
7.51978,0,-0,0,0.859813,0.522066,-3.11478,-0.000324707,-0.00012207,0.00266075,-0.00814672,-0.0116065,0.0268808,-0.00163639,0.00129569,9.81404,0.00167054,-0.00125135,-0.00224609,0.0050293,0.0141144,0,0,0,0.194778,0.504032,-3.11582,1.52588e-05,-2.44141e-05,0.00203133,0,0,0,0,0,0,0,0,0.00124512,0.000976562,0.0290871,0,0,0,0,0,0,0,0,0,-8.69966e-05,0.00156594,-6.52474e-05,0,0,0,-3.11522,0,0,0,0,0,0,0,-3.14159,-3.14159,-3.14159,0,0,0,0,0,0,0,0,0,0,0,0,0
7.51978,0,-0,0,0.859813,0.522066,-3.11478,-0.000324707,-0.00012207,0.00266075,-0.00859497,-0.0120802,0.0280419,-0.00349169,-0.00164495,9.81207,0.00344633,0.00173798,-0.00224609,0.0050293,0.0141144,0,0,0,0.194778,0.504032,-3.11582,1.52588e-05,-2.44141e-05,0.00203133,0,0,0,0,0,0,0,0,0.00124512,0.000976562,0.0290871,0,0,0,0,0,0,0,0,0,-0.000478481,0.00130495,0.00110921,0,0,0,-3.11516,0,0,0,0,0,0,0,-3.14159,-3.14159,-3.14159,0,0,0,0,0,0,0,0,0,0,0,0,0
7.58225,0,-0,0,0.859924,0.522135,-3.11547,0.00220947,0.00137695,-0.0138283,-0.00799855,-0.0120284,0.0271166,-0.00575624,-0.00326734,9.81311,0.00566893,0.00341659,0.0506836,0.0299805,-0.329781,0,0,0,0.19478,0.504019,-3.1158,3.35693e-05,-0.000251465,0.000491142,0,0,0,0,0,0,0,0,0.000366211,-0.00454102,-0.0308037,0,0,0,0,0,0,0,0,0,0.000173993,0.00156594,0.000195742,0,0,0,-3.11515,0,0,0,0,0,0,0,-3.14159,-3.14159,-3.14159,0,0,0,0,0,0,0,0,0,0,0,0,0
7.64479,0,-0,0,0.859907,0.522119,-3.11537,-0.000344238,-0.000305176,0.00196457,-0.00700932,-0.0131505,0.0268436,-0.00561329,-0.000482982,9.81187,0.0055987,0.000629992,-0.0510742,-0.0336426,0.315857,0,0,0,0.194772,0.504028,-3.11587,-0.00014801,0.000183105,-0.00141144,0,0,0,0,0,0,0,0,-0.00363159,0.00869141,-0.0380516,0,0,0,0,0,0,0,0,0,0.00121795,0.000652474,-6.52474e-05,0,0,0,-3.11516,0,0,0,0,0,0,0,-3.14159,-3.14159,-3.14159,0,0,0,0,0,0,0,0,0,0,0,0,0
7.70733,0,-0,0,0.859807,0.522079,-3.11495,-0.00199463,-0.000810547,0.00831604,-0.00745481,-0.0133528,0.0274848,-0.000138993,0.0020752,9.80941,0.000194216,-0.00207076,-0.0330078,-0.0101074,0.127029,0,0,0,0.194776,0.504031,-3.11583,7.59888e-05,5.37109e-05,0.000891685,0,0,0,0,0,0,0,0,0.00447998,-0.00258789,0.0460625,0,0,0,0,0,0,0,0,0,0.000826468,0.000652474,0.000587227,0,0,0,-3.11513,0,0,0,0,0,0,0,-3.14159,-3.14159,-3.14159,0,0,0,0,0,0,0,0,0,0,0,0,0
7.76977,0,-0,0,0.859838,0.522073,-3.11507,0.000627441,-0.000114746,-0.00222206,-0.00841885,-0.0130302,0.0262994,0.000888709,1.91405e-05,9.81278,-0.000887889,-4.27056e-05,0.0524414,0.013916,-0.210762,0,0,0,0.19477,0.504035,-3.11592,-0.000116577,8.78906e-05,-0.00189781,0,0,0,0,0,0,0,0,-0.00385132,0.000683594,-0.0557899,0,0,0,0,0,0,0,0,0,-8.69966e-05,0.00117445,-0.000587227,0,0,0,-3.11516,0,0,0,0,0,0,0,-3.14159,-3.14159,-3.14159,0,0,0,0,0,0,0,0,0,0,0,0,0
7.76977,0,-0,0,0.859838,0.522073,-3.11507,0.000627441,-0.000114746,-0.00222206,-0.00859935,-0.0129666,0.0272013,-0.00320722,-0.00164737,9.81496,0.00316239,0.00173186,0.0524414,0.013916,-0.210762,0,0,0,0.19477,0.504035,-3.11592,-0.000116577,8.78906e-05,-0.00189781,0,0,0,0,0,0,0,0,-0.00385132,0.000683594,-0.0557899,0,0,0,0,0,0,0,0,0,-0.000217491,0.00143544,0.000326237,0,0,0,-3.11514,0,0,0,0,0,0,0,-3.14159,-3.14159,-3.14159,0,0,0,0,0,0,0,0,0,0,0,0,0
7.83228,0,-0,0,0.859796,0.522073,-3.115,-0.000844727,-9.76562e-06,0.00141144,-0.00773651,-0.0162939,0.0258843,-0.00320817,-0.00252221,9.81473,0.00313996,0.00260663,-0.0294434,0.00209961,0.07267,0,0,0,0.194777,0.504029,-3.11583,0.000131226,-0.000126953,0.00172138,0,0,0,0,0,0,0,0,0.00495605,-0.00429687,0.0723839,0,0,0,0,0,0,0,0,0,0.000695973,-0.00169643,-0.000978712,0,0,0,-3.11519,0,0,0,0,0,0,0,-3.14159,-3.14159,-3.14159,0,0,0,0,0,0,0,0,0,0,0,0,0
7.89475,0,-0,0,0.859795,0.522087,-3.11481,-2.0752e-05,0.000285645,0.00377178,-0.00778657,-0.0141358,0.0269158,-0.00127782,-0.00135942,9.81593,0.00124095,0.00139316,0.0164795,0.0059082,0.0472069,0,0,0,0.194764,0.504037,-3.1159,-0.000247192,0.000161133,-0.00140667,0,0,0,0,0,0,0,0,-0.00756836,0.00576172,-0.062561,0,0,0,0,0,0,0,0,0,0.000695973,0.000652474,6.52474e-05,0,0,0,-3.11519,0,0,0,0,0,0,0,-3.14159,-3.14159,-3.14159,0,0,0,0,0,0,0,0,0,0,0,0,0
7.95726,0,-0,0,0.859818,0.522088,-3.11501,0.000462646,1.46484e-05,-0.00412464,-0.00835612,-0.012496,0.0274269,-0.00250526,0.00405181,9.81352,0.00261206,-0.0039838,0.00966797,-0.00541992,-0.157928,0,0,0,0.194773,0.504022,-3.11582,0.0001651,-0.000297852,0.00178337,0,0,0,0,0,0,0,0,0.00824585,-0.00917969,0.0638008,0,0,0,0,0,0,0,0,0,0.000173993,0.0024794,0.000587227,0,0,0,-3.11516,0,0,0,0,0,0,0,-3.14159,-3.14159,-3.14159,0,0,0,0,0,0,0,0,0,0,0,0,0
8.01983,0,-0,0,0.859809,0.522067,-3.11505,-0.000178223,-0.000412598,-0.000762939,-0.00696777,-0.0145055,0.0262413,-0.00266108,0.0101657,9.8105,0.00292993,-0.0100915,-0.0128174,-0.00854492,0.067234,0,0,0,0.194767,0.504036,-3.11591,-0.000119019,0.000283203,-0.00192642,0,0,0,0,0,0,0,0,-0.00568237,0.0116211,-0.0741959,0,0,0,0,0,0,0,0,0,0.00160944,0.000652474,-0.000587227,0,0,0,-3.11519,0,0,0,0,0,0,0,-3.14159,-3.14159,-3.14159,0,0,0,0,0,0,0,0,0,0,0,0,0
