0,0,0,0,0,0,0,0,0,0,0,0,0,0,0,0,0,0,0,0,0,0,0,0,0,0,0,0,0,0,0,0,0,0,0,0,0,0,0,0,0,0,0,0,0,0,0,0,0,0,0,0,0,0,0,0,0,0,0,0,0,0,0,0,0,0,0,0,0,0,0,0,0,0,0,0,0,0,0,0
0,0,0,0,0,0,0,0,0,0,0.0180083,0.07647,0.0215317,-0.000263057,-0.0129482,9.33308,-0.000263057,-0.0129482,0,0,0,0,0,0,0,0,0,0,0,0,0,0,0,0,0,0,0,0,0,0,0,0,0,0,0,0,0,0,0,0,-0.00300138,-0.012745,-0.00358861,0,0,0,-0.00017943,0,0,0,0,0,0,0,0,0,0,0,0,0,0,0,0,0,0,0,0,0,0,0
0,0,0,0,0,0,0,0,0,0,0.0172519,0.075958,0.0203579,-0.00119837,-0.0523191,7.90211,-0.00119837,-0.0523191,0,0,0,0,0,0,0,0,0,0,0,0,0,0,0,0,0,0,0,0,0,0,0,0,0,0,0,0,0,0,0,0,-0.00587227,-0.025403,-0.00698148,0,0,0,-0.000528504,0,0,0,0,0,0,0,1.61494,1.35102,-0.0022833,0,0,0,0,0,0,0,0,0,0,0,0,0
0,0,0,0,0,0,0,0,0,0,0.0170398,0.0781793,0.0219262,-0.00276081,-0.103557,6.07531,-0.00276081,-0.103557,0,0,0,0,0,0,0,0,0,0,0,0,0,0,0,0,0,0,0,0,0,0,0,0,0,0,0,0,0,0,0,0,-0.00869966,-0.0384307,-0.0106353,0,0,0,-0.00106027,0,0,0,0,0,0,0,1.61494,1.35102,-0.0022833,0,0,0,0,0,0,0,0,0,0,0,0,0
0,0,0,0,0,0,0,0,0,0,0.0164333,0.0783003,0.0207532,-0.00479247,-0.150582,4.41153,-0.00479247,-0.150582,0,0,0,0,0,0,0,0,0,0,0,0,0,0,0,0,0,0,0,0,0,0,0,0,0,0,0,0,0,0,0,0,-0.0114183,-0.0514802,-0.0140934,0,0,0,-0.00176494,0,0,0,0,0,0,0,1.61494,1.35102,-0.0022833,0,0,0,0,0,0,0,0,0,0,0,0,0
0,0,0,0,0,0,0,0,0,0,0.0184377,0.0776371,0.0207544,-0.00686268,-0.195133,2.81566,-0.00686268,-0.195133,0,0,0,0,0,0,0,0,0,0,0,0,0,0,0,0,0,0,0,0,0,0,0,0,0,0,0,0,0,0,0,0,-0.0144632,-0.064421,-0.0175516,0,0,0,-0.00264252,0,0,0,0,0,0,0,1.61494,1.35102,-0.0022833,0,0,0,0,0,0,0,0,0,0,0,0,0
0,0,0,0,0,0,0,0,0,0,0.019004,0.0768351,0.0212781,-0.00832627,-0.240465,1.19142,-0.00832627,-0.240465,0,0,0,0,0,0,0,0,0,0,0,0,0,0,0,0,0,0,0,0,0,0,0,0,0,0,0,0,0,0,0,0,-0.0175951,-0.0772312,-0.0210967,0,0,0,-0.00369736,0,0,0,0,0,0,0,1.61494,1.35102,-0.0022833,0,0,0,0,0,0,0,0,0,0,0,0,0
0,0,0,0,0,0,0,0,0,0,0.0179981,0.0771959,0.0208877,-0.00902331,-0.273595,0.0325001,-0.00902331,-0.273595,0,0,0,0,0,0,0,0,0,0,0,0,0,0,0,0,0,0,0,0,0,0,0,0,0,0,0,0,0,0,0,0,-0.0175516,-0.0773617,-0.0209879,0,0,0,-0.00474675,0,0,0,0,0,0,0,1.61494,1.35102,-0.000748939,0,0,0,0,0,0,0,0,0,0,0,0,0
0,0,0,0,0,0,0,0,0,0,0.0181634,0.0765042,0.0203663,-0.00909371,-0.279964,-0.166476,-0.00909371,-0.279964,0,0,0,0,0,0,0,0,0,0,0,0,0,0,0,0,0,0,0,0,0,0,0,0,0,0,0,0,0,0,0,0,-0.0176603,-0.0774705,-0.0209879,0,0,0,-0.00579615,0,0,0,0,0,0,0,1.61494,1.35102,-0.0022833,0,0,0,0,0,0,0,0,0,0,0,0,0
0,0,0,0,0,0,0,0,0,0,0.0184576,0.0775,0.020367,-0.00888643,-0.274163,0.0322456,-0.00888643,-0.274163,0,0,0,0,0,0,0,0,0,0,0,0,0,0,0,0,0,0,0,0,0,0,0,0,0,0,0,0,0,0,0,0,-0.0178561,-0.0773835,-0.0207269,0,0,0,-0.0068325,0,0,0,0,0,0,0,1.61494,1.35102,-0.0022833,0,0,0,0,0,0,0,0,0,0,0,0,0
0,0,0,0,0,0,0,0,0,0,0.0162726,0.0765298,0.021803,-0.00834824,-0.272749,0.0665307,-0.00834824,-0.272749,0,0,0,0,0,0,0,0,0,0,0,0,0,0,0,0,0,0,0,0,0,0,0,0,0,0,0,0,0,0,0,0,-0.0177908,-0.0771225,-0.0209009,0,0,0,-0.00787754,0,0,0,0,0,0,0,1.61494,1.35102,-0.000748939,0,0,0,0,0,0,0,0,0,0,0,0,0
0,0,0,0,0,0,0,0,0,0,0.0182593,0.0763329,0.0216724,-0.00774078,-0.273189,0.0328738,-0.00774078,-0.273189,0,0,0,0,0,0,0,0,0,0,0,0,0,0,0,0,0,0,0,0,0,0,0,0,0,0,0,0,0,0,0,0,-0.0177256,-0.0769485,-0.0210532,0,0,0,-0.0089302,0,0,0,0,0,0,0,1.61494,1.35102,-0.000748939,0,0,0,0,0,0,0,0,0,0,0,0,0
0,0,0,0,0,0,0,0,0,0,0.0171111,0.0776915,0.0214104,-0.00795003,-0.272321,0.0280729,-0.00795003,-0.272321,0,0,0,0,0,0,0,0,0,0,0,0,0,0,0,0,0,0,0,0,0,0,0,0,0,0,0,0,0,0,0,0,-0.0173776,-0.0771442,-0.0210749,0,0,0,-0.00998395,0,0,0,0,0,0,0,1.61494,1.35102,-0.000748939,0,0,0,0,0,0,0,0,0,0,0,0,0
0,0,0,0,0,0,0,0,0,0,0.0189624,0.0765609,0.0211482,-0.00890188,-0.271076,0.0347828,-0.00890188,-0.271076,0,0,0,0,0,0,0,0,0,0,0,0,0,0,0,0,0,0,0,0,0,0,0,0,0,0,0,0,0,0,0,0,-0.0175081,-0.0771007,-0.0211184,0,0,0,-0.0110399,0,0,0,0,0,0,0,1.61494,1.35102,-0.0022833,0,0,0,0,0,0,0,0,0,0,0,0,0
0,0,0,0,0,0,0,0,0,0,0.0182,0.0784234,0.0216691,-0.00991821,-0.270816,0.035022,-0.00991821,-0.270816,0,0,0,0,0,0,0,0,0,0,0,0,0,0,0,0,0,0,0,0,0,0,0,0,0,0,0,0,0,0,0,0,-0.0174863,-0.0774922,-0.0213359,0,0,0,-0.0121067,0,0,0,0,0,0,0,1.61494,1.35102,-0.0022833,0,0,0,0,0,0,0,0,0,0,0,0,0
0,0,0,0,0,0,0,0,0,0,0.0173052,0.0759722,0.0203637,-0.0106025,-0.271234,0.0330523,-0.0106025,-0.271234,0,0,0,0,0,0,0,0,0,0,0,0,0,0,0,0,0,0,0,0,0,0,0,0,0,0,0,0,0,0,0,0,-0.0172688,-0.0773182,-0.0213359,0,0,0,-0.0131735,0,0,0,0,0,0,0,1.61494,1.35102,-0.0022833,0,0,0,0,0,0,0,0,0,0,0,0,0
0,0,0,0,0,0,0,0,0,0,0.0177127,0.076253,0.0217985,-0.0106912,-0.271717,0.0323098,-0.0106912,-0.271717,0,0,0,0,0,0,0,0,0,0,0,0,0,0,0,0,0,0,0,0,0,0,0,0,0,0,0,0,0,0,0,0,-0.0174863,-0.0773617,-0.0213359,0,0,0,-0.0142403,0,0,0,0,0,0,0,1.61494,1.35102,-0.000748939,0,0,0,0,0,0,0,0,0,0,0,0,0
0,0,0,0,0,0,0,0,0,0,0.0175962,0.0756125,0.020232,-0.0105153,-0.273312,0.0313909,-0.0105153,-0.273312,0,0,0,0,0,0,0,0,0,0,0,0,0,0,0,0,0,0,0,0,0,0,0,0,0,0,0,0,0,0,0,0,-0.0173558,-0.07734,-0.0210967,0,0,0,-0.0152951,0,0,0,0,0,0,0,1.61494,1.35102,-0.000748939,0,0,0,0,0,0,0,0,0,0,0,0,0
0,0,0,0,0,0,0,0,0,0,0.0198251,0.077052,0.0210141,-0.0102663,-0.274778,0.0303784,-0.0102663,-0.274778,0,0,0,0,0,0,0,0,0,0,0,0,0,0,0,0,0,0,0,0,0,0,0,0,0,0,0,0,0,0,0,0,-0.0177908,-0.07734,-0.0210314,0,0,0,-0.0163467,0,0,0,0,0,0,0,1.61494,1.35102,-0.0022833,0,0,0,0,0,0,0,0,0,0,0,0,0
0,0,0,0,0,0,0,0,0,0,0.0164398,0.0757403,0.0210127,-0.0100626,-0.275147,0.0297469,-0.0100626,-0.275147,0,0,0,0,0,0,0,0,0,0,0,0,0,0,0,0,0,0,0,0,0,0,0,0,0,0,0,0,0,0,0,0,-0.0173558,-0.0773182,-0.0210097,0,0,0,-0.0173971,0,0,0,0,0,0,0,1.61494,1.35102,-0.000748939,0,0,0,0,0,0,0,0,0,0,0,0,0
0,0,0,0,0,0,0,0,0,0,0.0178805,0.0772895,0.0206196,-0.0102515,-0.27475,0.0299206,-0.0102515,-0.27475,0,0,0,0,0,0,0,0,0,0,0,0,0,0,0,0,0,0,0,0,0,0,0,0,0,0,0,0,0,0,0,0,-0.0172906,-0.077253,-0.0208357,0,0,0,-0.0184389,0,0,0,0,0,0,0,1.61494,1.35102,-0.0022833,0,0,0,0,0,0,0,0,0,0,0,0,0
0,0,0,0,0,0,0,0,0,0,0.0211484,0.0759607,0.0195756,-0.00999417,-0.274102,0.0309058,-0.00999417,-0.274102,0,0,0,0,0,0,0,0,0,0,0,0,0,0,0,0,0,0,0,0,0,0,0,0,0,0,0,0,0,0,0,0,-0.0179213,-0.0773835,-0.0207052,0,0,0,-0.0194742,0,0,0,0,0,0,0,1.61494,1.35102,-0.000748939,0,0,0,0,0,0,0,0,0,0,0,0,0
0,0,0,0,0,0,0,0,0,0,0.0172332,0.0752758,0.0200976,-0.00964025,-0.273819,0.0322205,-0.00964025,-0.273819,0,0,0,0,0,0,0,0,0,0,0,0,0,0,0,0,0,0,0,0,0,0,0,0,0,0,0,0,0,0,0,0,-0.0178343,-0.0773617,-0.0204225,0,0,0,-0.0204953,0,0,0,0,0,0,0,1.61494,1.35102,-0.0022833,0,0,0,0,0,0,0,0,0,0,0,0,0
0,0,0,0,0,0,0,0,0,0,0.0189267,0.0743231,0.0202265,-0.0101228,-0.272703,0.0333668,-0.0101228,-0.272703,0,0,0,0,0,0,0,0,0,0,0,0,0,0,0,0,0,0,0,0,0,0,0,0,0,0,0,0,0,0,0,0,-0.0180518,-0.0772965,-0.0204225,0,0,0,-0.0215164,0,0,0,0,0,0,0,1.61494,1.35102,-0.0022833,0,0,0,0,0,0,0,0,0,0,0,0,0
0,0,0,0,0,0,0,0,0,0,0.0185295,0.073361,0.0221843,-0.010622,-0.271582,0.0333166,-0.010622,-0.271582,0,0,0,0,0,0,0,0,0,0,0,0,0,0,0,0,0,0,0,0,0,0,0,0,0,0,0,0,0,0,0,0,-0.0178343,-0.0768397,-0.0206182,0,0,0,-0.0225473,0,0,0,0,0,0,0,1.61494,1.35102,-0.0022833,0,0,0,0,0,0,0,0,0,0,0,0,0
0,0,0,0,0,0,0,0,0,0,0.0178695,0.0736941,0.0200944,-0.00998384,-0.270926,0.032243,-0.00998384,-0.270926,0,0,0,0,0,0,0,0,0,0,0,0,0,0,0,0,0,0,0,0,0,0,0,0,0,0,0,0,0,0,0,0,-0.0180735,-0.0766657,-0.0204659,0,0,0,-0.0235706,0,0,0,0,0,0,0,1.61494,1.35102,-0.0022833,0,0,0,0,0,0,0,0,0,0,0,0,0
0,0,0,0,0,0,0,0,0,0,0.0181206,0.0736285,0.0203533,-0.00861215,-0.270592,0.0315794,-0.00861215,-0.270592,0,0,0,0,0,0,0,0,0,0,0,0,0,0,0,0,0,0,0,0,0,0,0,0,0,0,0,0,0,0,0,0,-0.018117,-0.0762308,-0.0204225,0,0,0,-0.0245918,0,0,0,0,0,0,0,1.61494,1.35102,-0.0022833,0,0,0,0,0,0,0,0,0,0,0,0,0
0,0,0,0,0,0,0,0,0,0,0.0184957,0.0742072,0.0204823,-0.00845858,-0.270646,0.0318805,-0.00845858,-0.270646,0,0,0,0,0,0,0,0,0,0,0,0,0,0,0,0,0,0,0,0,0,0,0,0,0,0,0,0,0,0,0,0,-0.0176821,-0.076122,-0.0205747,0,0,0,-0.0256205,0,0,0,0,0,0,0,1.61494,1.35102,-0.0022833,0,0,0,0,0,0,0,0,0,0,0,0,0
0,0,0,0,0,0,0,0,0,0,0.0182206,0.0737365,0.0217855,-0.00892775,-0.27044,0.0325789,-0.00892775,-0.27044,0,0,0,0,0,0,0,0,0,0,0,0,0,0,0,0,0,0,0,0,0,0,0,0,0,0,0,0,0,0,0,0,-0.0178561,-0.0760568,-0.0208574,0,0,0,-0.0266634,0,0,0,0,0,0,0,1.61494,1.35102,-0.000748939,0,0,0,0,0,0,0,0,0,0,0,0,0
0,0,0,0,0,0,0,0,0,0,0.017288,0.0736492,0.0204782,-0.0083403,-0.270636,0.0334918,-0.0083403,-0.270636,0,0,0,0,0,0,0,0,0,0,0,0,0,0,0,0,0,0,0,0,0,0,0,0,0,0,0,0,0,0,0,0,-0.0175951,-0.0761438,-0.0209009,0,0,0,-0.0277084,0,0,0,0,0,0,0,1.61494,1.35102,-0.0022833,0,0,0,0,0,0,0,0,0,0,0,0,0
0,0,0,0,0,0,0,0,0,0,0.018831,0.0734242,0.0221742,-0.00729526,-0.271256,0.0344827,-0.00729526,-0.271256,0,0,0,0,0,0,0,0,0,0,0,0,0,0,0,0,0,0,0,0,0,0,0,0,0,0,0,0,0,0,0,0,-0.0176603,-0.0763613,-0.0209009,0,0,0,-0.0287535,0,0,0,0,0,0,0,1.61494,1.35102,-0.0022833,0,0,0,0,0,0,0,0,0,0,0,0,0
0,0,0,0,0,0,0,0,0,0,0.0173706,0.0747568,0.0212589,-0.00675302,-0.272099,0.0362551,-0.00675302,-0.272099,0,0,0,0,0,0,0,0,0,0,0,0,0,0,0,0,0,0,0,0,0,0,0,0,0,0,0,0,0,0,0,0,-0.0175951,-0.0767527,-0.0210967,0,0,0,-0.0298083,0,0,0,0,0,0,0,1.61494,1.35102,-0.000748939,0,0,0,0,0,0,0,0,0,0,0,0,0
