0,0,0,0,0,0,0,0,0,0,0,0,0,0,0,0,0,0,0,0,0,0,0,0,0,0,0,0,0,0,0,0,0,0,0,0,0,0,0,0,0,0,0,0,0,0,0,0,0,0,0,0,0,0,0,0,0,0,0,0,0,0,0,0,0,0,0,0,0,0,0,0,0,0,0,0,0,0,0,0,0
0,0,0,0,0,0,0,0,0,0,0,0,0,0,0,0,0,0,0,0,0,0,0,0,0,0,0,0,0,0,-0.0549384,0.0472392,-0.0173558,0.0357465,-0.00742405,9.33653,0.0357465,-0.00742405,0,0,0,0,0,0,0,0,0,0,0,0,0,0,0,0.00915639,-0.00787319,0.00289264,0,0.000144632,0,0,0,0,0,0,0,0,0,0,0,0,0,0,0,0,0,0,0,0,0,0,0
0,0,0,0,0,0,0,0,0,0,0,0,0,0,0,0,0,0,0,0,0,0,0,0,0,0,0,0,0,0,-0.0551747,0.0467471,-0.0163092,0.142898,-0.0296377,7.91687,0.142898,-0.0296377,0,0,0,0,0,0,0,0,0,0,0,0,0,0,0,0.0183563,-0.0156594,0.00561128,0,0.000425196,0,0,0,0,0,0,0,0,0,0,0,0,0,0,0,0,0,0,0,0,0,0,0
0,0,0,0,0,0,0,0,0,0,0,0,0,0,0,0,0,0,0,0,0,0,0,0,0,0,0,0,0,0,-0.0560248,0.0477106,-0.0187842,0.279634,-0.0578556,6.10599,0.279634,-0.0578556,0,0,0,0,0,0,0,0,0,0,0,0,0,0,0,0.0277084,-0.0235978,0.00874316,0,0.000862354,0,0,0,0,0,0,0,0,0,0,0,0,0,0,0,0,0,0,0,0,0,0,0
0,0,0,0,0,0,0,0,0,0,0,0,0,0,0,0,0,0,0,0,0,0,0,0,0,0,0,0,0,0,-0.0554291,0.0474916,-0.017736,0.404411,-0.0834482,4.45752,0.404411,-0.0834482,0,0,0,0,0,0,0,0,0,0,0,0,0,0,0,0.0369736,-0.0314928,0.011701,0,0.00144741,0,0,0,0,0,0,0,0,0,0,0,0,0,0,0,0,0,0,0,0,0,0,0
0,0,0,0,0,0,0,0,0,0,0,0,0,0,0,0,0,0,0,0,0,0,0,0,0,0,0,0,0,0,-0.0574448,0.0474011,-0.017732,0.524142,-0.108186,2.87605,0.524142,-0.108186,0,0,0,0,0,0,0,0,0,0,0,0,0,0,0,0.0465867,-0.039366,0.0146589,0,0.00218035,0,0,0,0,0,0,0,0,0,0,0,0,0,0,0,0,0,0,0,0,0,0,0
0,0,0,0,0,0,0,0,0,0,0,0,0,0,0,0,0,0,0,0,0,0,0,0,0,0,0,0,0,0,-0.0565842,0.0467859,-0.0190329,0.645719,-0.133374,1.26665,0.645719,-0.133374,0,0,0,0,0,0,0,0,0,0,0,0,0,0,0,0.0560693,-0.0471304,0.0178343,0,0.00307207,0,0,0,0,0,0,0,0,0,0,0,0,0,0,0,0,0,0,0,0,0,0,0
0,0,0,0,0,0,0,0,0,0,0,0,0,0,0,0,0,0,0,0,0,0,0,0,0,0,0,0,0,0,-0.0570204,0.0479906,-0.0186378,0.732884,-0.151051,0.119383,0.732884,-0.151051,0,0,0,0,0,0,0,0,0,0,0,0,0,0,0,0.0564825,-0.0472174,0.0180518,0,0.00397466,0,0,0,0,0,0,0,0,0,0,0,0,0,0,0,0,0,0,0,0,0,0,0
0,0,0,0,0,0,0,0,0,0,0,0,0,0,0,0,0,0,0,0,0,0,0,0,0,0,0,0,0,0,-0.0562786,0.0461849,-0.0187651,0.74856,-0.154008,-0.0768802,0.74856,-0.154008,0,0,0,0,0,0,0,0,0,0,0,0,0,0,0,0.0567435,-0.0470869,0.018465,0,0.00489791,0,0,0,0,0,0,0,0,0,0,0,0,0,0,0,0,0,0,0,0,0,0,0
0,0,0,0,0,0,0,0,0,0,0,0,0,0,0,0,0,0,0,0,0,0,0,0,0,0,0,0,0,0,-0.0553997,0.0482909,-0.0185001,0.734014,-0.150946,0.119434,0.734014,-0.150946,0,0,0,0,0,0,0,0,0,0,0,0,0,0,0,0.0567218,-0.0471522,0.0184215,0,0.00581898,0,0,0,0,0,0,0,0,0,0,0,0,0,0,0,0,0,0,0,0,0,0,0
0,0,0,0,0,0,0,0,0,0,0,0,0,0,0,0,0,0,0,0,0,0,0,0,0,0,0,0,0,0,-0.0564716,0.0488246,-0.018365,0.731062,-0.150117,0.151997,0.731062,-0.150117,0,0,0,0,0,0,0,0,0,0,0,0,0,0,0,0.0569828,-0.0473479,0.0185303,0,0.0067455,0,0,0,0,0,0,0,0,0,0,0,0,0,0,0,0,0,0,0,0,0,0,0
0,0,0,0,0,0,0,0,0,0,0,0,0,0,0,0,0,0,0,0,0,0,0,0,0,0,0,0,0,0,-0.0564916,0.0487,-0.019928,0.733265,-0.149824,0.117262,0.733265,-0.149824,0,0,0,0,0,0,0,0,0,0,0,0,0,0,0,0.0569175,-0.0475436,0.0189,0,0.0076905,0,0,0,0,0,0,0,0,0,0,0,0,0,0,0,0,0,0,0,0,0,0,0
0,0,0,0,0,0,0,0,0,0,0,0,0,0,0,0,0,0,0,0,0,0,0,0,0,0,0,0,0,0,-0.0552018,0.0493515,-0.0192725,0.734239,-0.148885,0.111325,0.734239,-0.148885,0,0,0,0,0,0,0,0,0,0,0,0,0,0,0,0.056787,-0.0479569,0.0189435,0,0.00863767,0,0,0,0,0,0,0,0,0,0,0,0,0,0,0,0,0,0,0,0,0,0,0
0,0,0,0,0,0,0,0,0,0,0,0,0,0,0,0,0,0,0,0,0,0,0,0,0,0,0,0,0,0,-0.0562568,0.0490835,-0.0183557,0.733803,-0.148438,0.116875,0.733803,-0.148438,0,0,0,0,0,0,0,0,0,0,0,0,0,0,0,0.0567653,-0.0481309,0.0189,0,0.00958268,0,0,0,0,0,0,0,0,0,0,0,0,0,0,0,0,0,0,0,0,0,0,0
0,0,0,0,0,0,0,0,0,0,0,0,0,0,0,0,0,0,0,0,0,0,0,0,0,0,0,0,0,0,-0.0539114,0.0489426,-0.0200498,0.732817,-0.148541,0.116579,0.732817,-0.148541,0,0,0,0,0,0,0,0,0,0,0,0,0,0,0,0.0564825,-0.0485876,0.0191175,0,0.0105386,0,0,0,0,0,0,0,0,0,0,0,0,0,0,0,0,0,0,0,0,0,0,0
0,0,0,0,0,0,0,0,0,0,0,0,0,0,0,0,0,0,0,0,0,0,0,0,0,0,0,0,0,0,-0.0536482,0.0490557,-0.0191349,0.732074,-0.148442,0.11434,0.732074,-0.148442,0,0,0,0,0,0,0,0,0,0,0,0,0,0,0,0.0563085,-0.0487181,0.0192262,0,0.0114999,0,0,0,0,0,0,0,0,0,0,0,0,0,0,0,0,0,0,0,0,0,0,0
0,0,0,0,0,0,0,0,0,0,0,0,0,0,0,0,0,0,0,0,0,0,0,0,0,0,0,0,0,0,-0.0542924,0.0474661,-0.0190018,0.731746,-0.148454,0.113193,0.731746,-0.148454,0,0,0,0,0,0,0,0,0,0,0,0,0,0,0,0.0560693,-0.0485006,0.019335,0,0.0124666,0,0,0,0,0,0,0,0,0,0,0,0,0,0,0,0,0,0,0,0,0,0,0
0,0,0,0,0,0,0,0,0,0,0,0,0,0,0,0,0,0,0,0,0,0,0,0,0,0,0,0,0,0,-0.0533648,0.0487418,-0.019653,0.731728,-0.148763,0.112408,0.731728,-0.148763,0,0,0,0,0,0,0,0,0,0,0,0,0,0,0,0.0556778,-0.0485224,0.0192915,0,0.0134312,0,0,0,0,0,0,0,0,0,0,0,0,0,0,0,0,0,0,0,0,0,0,0
0,0,0,0,0,0,0,0,0,0,0,0,0,0,0,0,0,0,0,0,0,0,0,0,0,0,0,0,0,0,-0.0546523,0.0492277,-0.0186079,0.731258,-0.148732,0.111903,0.731258,-0.148732,0,0,0,0,0,0,0,0,0,0,0,0,0,0,0,0.0557213,-0.0485224,0.0191827,0,0.0143903,0,0,0,0,0,0,0,0,0,0,0,0,0,0,0,0,0,0,0,0,0,0,0
0,0,0,0,0,0,0,0,0,0,0,0,0,0,0,0,0,0,0,0,0,0,0,0,0,0,0,0,0,0,-0.0530628,0.0495778,-0.0173019,0.731115,-0.148152,0.112009,0.731115,-0.148152,0,0,0,0,0,0,0,0,0,0,0,0,0,0,0,0.0553298,-0.0486311,0.0190088,0,0.0153408,0,0,0,0,0,0,0,0,0,0,0,0,0,0,0,0,0,0,0,0,0,0,0
0,0,0,0,0,0,0,0,0,0,0,0,0,0,0,0,0,0,0,0,0,0,0,0,0,0,0,0,0,0,-0.0532957,0.0484862,-0.0183465,0.731897,-0.14769,0.112592,0.731897,-0.14769,0,0,0,0,0,0,0,0,0,0,0,0,0,0,0,0.0553733,-0.0485876,0.018726,0,0.0162771,0,0,0,0,0,0,0,0,0,0,0,0,0,0,0,0,0,0,0,0,0,0,0
0,0,0,0,0,0,0,0,0,0,0,0,0,0,0,0,0,0,0,0,0,0,0,0,0,0,0,0,0,0,-0.0527426,0.0484322,-0.0192593,0.733032,-0.147936,0.112983,0.733032,-0.147936,0,0,0,0,0,0,0,0,0,0,0,0,0,0,0,0.0553733,-0.0485224,0.0187478,0,0.0172145,0,0,0,0,0,0,0,0,0,0,0,0,0,0,0,0,0,0,0,0,0,0,0
0,0,0,0,0,0,0,0,0,0,0,0,0,0,0,0,0,0,0,0,0,0,0,0,0,0,0,0,0,0,-0.0530946,0.0487686,-0.0179534,0.733745,-0.148336,0.113526,0.733745,-0.148336,0,0,0,0,0,0,0,0,0,0,0,0,0,0,0,0.0553298,-0.0487833,0.0185738,0,0.0181431,0,0,0,0,0,0,0,0,0,0,0,0,0,0,0,0,0,0,0,0,0,0,0
0,0,0,0,0,0,0,0,0,0,0,0,0,0,0,0,0,0,0,0,0,0,0,0,0,0,0,0,0,0,-0.0529193,0.0485757,-0.019128,0.734106,-0.14885,0.114307,0.734106,-0.14885,0,0,0,0,0,0,0,0,0,0,0,0,0,0,0,0.0554168,-0.0488051,0.0184868,0,0.0190675,0,0,0,0,0,0,0,0,0,0,0,0,0,0,0,0,0,0,0,0,0,0,0
0,0,0,0,0,0,0,0,0,0,0,0,0,0,0,0,0,0,0,0,0,0,0,0,0,0,0,0,0,0,-0.0519564,0.049813,-0.018215,0.734744,-0.150359,0.114301,0.734744,-0.150359,0,0,0,0,0,0,0,0,0,0,0,0,0,0,0,0.0551341,-0.0489573,0.0184215,0,0.0199886,0,0,0,0,0,0,0,0,0,0,0,0,0,0,0,0,0,0,0,0,0,0,0
0,0,0,0,0,0,0,0,0,0,0,0,0,0,0,0,0,0,0,0,0,0,0,0,0,0,0,0,0,0,-0.0524265,0.0469988,-0.0178234,0.734828,-0.151908,0.113992,0.734828,-0.151908,0,0,0,0,0,0,0,0,0,0,0,0,0,0,0,0.0551993,-0.0485876,0.0185085,0,0.020914,0,0,0,0,0,0,0,0,0,0,0,0,0,0,0,0,0,0,0,0,0,0,0
0,0,0,0,0,0,0,0,0,0,0,0,0,0,0,0,0,0,0,0,0,0,0,0,0,0,0,0,0,0,-0.0505419,0.0484849,-0.0183462,0.734222,-0.152672,0.113934,0.734222,-0.152672,0,0,0,0,0,0,0,0,0,0,0,0,0,0,0,0.0549166,-0.0486528,0.0185085,0,0.0218394,0,0,0,0,0,0,0,0,0,0,0,0,0,0,0,0,0,0,0,0,0,0,0
0,0,0,0,0,0,0,0,0,0,0,0,0,0,0,0,0,0,0,0,0,0,0,0,0,0,0,0,0,0,-0.0525648,0.0470963,-0.0178268,0.734061,-0.1534,0.114046,0.734061,-0.1534,0,0,0,0,0,0,0,0,0,0,0,0,0,0,0,0.0550688,-0.0485006,0.0182693,0,0.0227529,0,0,0,0,0,0,0,0,0,0,0,0,0,0,0,0,0,0,0,0,0,0,0
0,0,0,0,0,0,0,0,0,0,0,0,0,0,0,0,0,0,0,0,0,0,0,0,0,0,0,0,0,0,-0.0510607,0.0449204,-0.0180901,0.734662,-0.154029,0.114202,0.734662,-0.154029,0,0,0,0,0,0,0,0,0,0,0,0,0,0,0,0.0549166,-0.0479351,0.018291,0,0.0236674,0,0,0,0,0,0,0,0,0,0,0,0,0,0,0,0,0,0,0,0,0,0,0
0,0,0,0,0,0,0,0,0,0,0,0,0,0,0,0,0,0,0,0,0,0,0,0,0,0,0,0,0,0,-0.0511199,0.0469131,-0.0187448,0.734806,-0.154284,0.114212,0.734806,-0.154284,0,0,0,0,0,0,0,0,0,0,0,0,0,0,0,0.0548079,-0.0477394,0.0182258,0,0.0245787,0,0,0,0,0,0,0,0,0,0,0,0,0,0,0,0,0,0,0,0,0,0,0
0,0,0,0,0,0,0,0,0,0,0,0,0,0,0,0,0,0,0,0,0,0,0,0,0,0,0,0,0,0,-0.052086,0.0475962,-0.0180951,0.734353,-0.154351,0.114127,0.734353,-0.154351,0,0,0,0,0,0,0,0,0,0,0,0,0,0,0,0.0550253,-0.0474566,0.018204,0,0.0254889,0,0,0,0,0,0,0,0,0,0,0,0,0,0,0,0,0,0,0,0,0,0,0
0,0,0,0,0,0,0,0,0,0,0,0,0,0,0,0,0,0,0,0,0,0,0,0,0,0,0,0,0,0,-0.0540912,0.0477532,-0.0184896,0.734503,-0.154395,0.11433,0.734503,-0.154395,0,0,0,0,0,0,0,0,0,0,0,0,0,0,0,0.0555038,-0.0476741,0.0183128,0,0.0264046,0,0,0,0,0,0,0,0,0,0,0,0,0,0,0,0,0,0,0,0,0,0,0
0,0,0,0,0,0,0,0,0,0,0,0,0,0,0,0,0,0,0,0,0,0,0,0,0,0,0,0,0,0,-0.0519157,0.047906,-0.0184926,0.734493,-0.154033,0.115426,0.734493,-0.154033,0,0,0,0,0,0,0,0,0,0,0,0,0,0,0,0.0559388,-0.0476741,0.0183345,0,0.0273213,0,0,0,0,0,0,0,0,0,0,0,0,0,0,0,0,0,0,0,0,0,0,0
0,0,0,0,0,0,0,0,0,0,0,0,0,0,0,0,0,0,0,0,0,0,0,0,0,0,0,0,0,0,-0.0524763,0.0473985,-0.0182354,0.733503,-0.15309,0.11656,0.733503,-0.15309,0,0,0,0,0,0,0,0,0,0,0,0,0,0,0,0.0561346,-0.0478264,0.0183998,0,0.0282413,0,0,0,0,0,0,0,0,0,0,0,0,0,0,0,0,0,0,0,0,0,0,0
0,0,0,0,0,0,0,0,0,0,0,0,0,0,0,0,0,0,0,0,0,0,0,0,0,0,0,0,0,0,-0.0522476,0.0494963,-0.0188917,0.732745,-0.152655,0.117132,0.732745,-0.152655,0,0,0,0,0,0,0,0,0,0,0,0,0,0,0,0.0565478,-0.0486963,0.0185303,0,0.0291678,0,0,0,0,0,0,0,0,0,0,0,0,0,0,0,0,0,0,0,0,0,0,0
0,0,0,0,0,0,0,0,0,0,0,0,0,0,0,0,0,0,0,0,0,0,0,0,0,0,0,0,0,0,-0.0541036,0.0481973,-0.0181124,0.732973,-0.160124,0.117814,0.732973,-0.160124,0,0,0,0,0,0,0,0,0,0,0,0,0,0,0,0.0572655,-0.0490226,0.0184215,0,0.0300889,0,0,0,0,0,0,0,0,0,0,0,0,0,0,0,0,0,0,0,0,0,0,0
0,0,0,0,0,0,0,0,0,0,0,0,0,0,0,0,0,0,0,0,0,0,0,0,0,0,0,0,0,0,-0.0517806,0.0461259,-0.0187667,0.732811,-0.174609,0.118213,0.732811,-0.174609,0,0,0,0,0,0,0,0,0,0,0,0,0,0,0,0.0574395,-0.0488921,0.0185303,0,0.0310154,0,0,0,0,0,0,0,0,0,0,0,0,0,0,0,0,0,0,0,0,0,0,0
0,0,0,0,0,0,0,0,0,0,0,0,0,0,0,0,0,0,0,0,0,0,0,0,0,0,0,0,0,0,-0.0515389,0.0456278,-0.018897,0.732362,-0.180108,0.117014,0.732362,-0.180108,0,0,0,0,0,0,0,0,0,0,0,0,0,0,0,0.0572438,-0.0486528,0.0185955,0,0.0319451,0,0,0,0,0,0,0,0,0,0,0,0,0,0,0,0,0,0,0,0,0,0,0
0,0,0,0,0,0,0,0,0,0,0,0,0,0,0,0,0,0,0,0,0,0,0,0,0,0,0,0,0,0,-0.0514221,0.0469289,-0.0194227,0.733589,-0.177097,0.115046,0.733589,-0.177097,0,0,0,0,0,0,0,0,0,0,0,0,0,0,0,0.057396,-0.0486093,0.0187478,0,0.0328825,0,0,0,0,0,0,0,0,0,0,0,0,0,0,0,0,0,0,0,0,0,0,0
0,0,0,0,0,0,0,0,0,0,0,0,0,0,0,0,0,0,0,0,0,0,0,0,0,0,0,0,0,0,-0.0501298,0.046252,-0.0173413,0.735478,-0.175861,0.114141,0.735478,-0.175861,0,0,0,0,0,0,0,0,0,0,0,0,0,0,0,0.0572438,-0.0485441,0.0185955,0,0.0338123,0,0,0,0,0,0,0,0,0,0,0,0,0,0,0,0,0,0,0,0,0,0,0
0,0,0,0,0,0,0,0,0,0,0,0,0,0,0,0,0,0,0,0,0,0,0,0,0,0,0,0,0,0,-0.0492245,0.0472769,-0.0202171,0.73594,-0.176144,0.114303,0.73594,-0.176144,0,0,0,0,0,0,0,0,0,0,0,0,0,0,0,0.0569828,-0.0483049,0.018813,0,0.034753,0,0,0,0,0,0,0,0,0,0,0,0,0,0,0,0,0,0,0,0,0,0,0
0,0,0,0,0,0,0,0,0,0,0,0,0,0,0,0,0,0,0,0,0,0,0,0,0,0,0,0,0,0,-0.0487045,0.0462136,-0.0181346,0.736025,-0.16864,0.114751,0.736025,-0.16864,0,0,0,0,0,0,0,0,0,0,0,0,0,0,0,0.0563303,-0.0481091,0.018813,0,0.0356936,0,0,0,0,0,0,0,0,0,0,0,0,0,0,0,0,0,0,0,0,0,0,0
0,0,0,0,0,0,0,0,0,0,0,0,0,0,0,0,0,0,0,0,0,0,0,0,0,0,0,0,0,0,-0.0490971,0.0468393,-0.0176175,0.737348,-0.153509,0.114957,0.737348,-0.153509,0,0,0,0,0,0,0,0,0,0,0,0,0,0,0,0.0561346,-0.0483701,0.0186173,0,0.0366245,0,0,0,0,0,0,0,0,0,0,0,0,0,0,0,0,0,0,0,0,0,0,0
0,0,0,0,0,0,0,0,0,0,0,0,0,0,0,0,0,0,0,0,0,0,0,0,0,0,0,0,0,0,-0.0490942,0.045895,-0.0176238,0.738065,-0.147489,0.115494,0.738065,-0.147489,0,0,0,0,0,0,0,0,0,0,0,0,0,0,0,0.0559823,-0.0485658,0.0183998,0,0.0375445,0,0,0,0,0,0,0,0,0,0,0,0,0,0,0,0,0,0,0,0,0,0,0
0,0,0,0,0,0,0,0,0,0,0,0,0,0,0,0,0,0,0,0,0,0,0,0,0,0,0,0,0,0,-0.0490854,0.0444243,-0.0201101,0.736756,-0.149969,0.116365,0.736756,-0.149969,0,0,0,0,0,0,0,0,0,0,0,0,0,0,0,0.0558518,-0.0483049,0.0185085,0,0.0384699,0,0,0,0,0,0,0,0,0,0,0,0,0,0,0,0,0,0,0,0,0,0,0
0,0,0,0,0,0,0,0,0,0,0,0,0,0,0,0,0,0,0,0,0,0,0,0,0,0,0,0,0,0,-0.0506389,0.0445129,-0.0190726,0.735405,-0.150592,0.116682,0.735405,-0.150592,0,0,0,0,0,0,0,0,0,0,0,0,0,0,0,0.0561998,-0.0481744,0.0187913,0,0.0394095,0,0,0,0,0,0,0,0,0,0,0,0,0,0,0,0,0,0,0,0,0,0,0
0,0,0,0,0,0,0,0,0,0,0,0,0,0,0,0,0,0,0,0,0,0,0,0,0,0,0,0,0,0,-0.049055,0.0447304,-0.0179052,0.735133,-0.149962,0.116795,0.735133,-0.149962,0,0,0,0,0,0,0,0,0,0,0,0,0,0,0,0.056439,-0.0479134,0.0183998,0,0.0403294,0,0,0,0,0,0,0,0,0,0,0,0,0,0,0,0,0,0,0,0,0,0,0
0,0,0,0,0,0,0,0,0,0,0,0,0,0,0,0,0,0,0,0,0,0,0,0,0,0,0,0,0,0,-0.0470782,0.0435083,-0.0194781,0.734254,-0.149563,0.117062,0.734254,-0.149563,0,0,0,0,0,0,0,0,0,0,0,0,0,0,0,0.056439,-0.0476306,0.0186173,0,0.0412603,0,0,0,0,0,0,0,0,0,0,0,0,0,0,0,0,0,0,0,0,0,0,0
0,0,0,0,0,0,0,0,0,0,0,0,0,0,0,0,0,0,0,0,0,0,0,0,0,0,0,0,0,0,-0.0464015,0.0451547,-0.0196147,0.732576,-0.14894,0.116897,0.732576,-0.14894,0,0,0,0,0,0,0,0,0,0,0,0,0,0,0,0.056265,-0.0475219,0.0189435,0,0.0422075,0,0,0,0,0,0,0,0,0,0,0,0,0,0,0,0,0,0,0,0,0,0,0
0,0,0,0,0,0,0,0,0,0,0,0,0,0,0,0,0,0,0,0,0,0,0,0,0,0,0,0,0,0,-0.0440239,0.0450991,-0.017274,0.732172,-0.147898,0.1165,0.732172,-0.147898,0,0,0,0,0,0,0,0,0,0,0,0,0,0,0,0.0556996,-0.0475654,0.0188783,0,0.0431514,0,0,0,0,0,0,0,0,0,0,0,0,0,0,0,0,0,0,0,0,0,0,0
0,0,0,0,0,0,0,0,0,0,0,0,0,0,0,0,0,0,0,0,0,0,0,0,0,0,0,0,0,0,-0.047257,0.0432112,-0.0175427,0.733074,-0.147683,0.116061,0.733074,-0.147683,0,0,0,0,0,0,0,0,0,0,0,0,0,0,0,0.0556778,-0.0475436,0.0184433,0,0.0440736,0,0,0,0,0,0,0,0,0,0,0,0,0,0,0,0,0,0,0,0,0,0,0
0,0,0,0,0,0,0,0,0,0,0,0,0,0,0,0,0,0,0,0,0,0,0,0,0,0,0,0,0,0,-0.0472229,0.0415841,-0.0167678,0.733611,-0.148184,0.114843,0.733611,-0.148184,0,0,0,0,0,0,0,0,0,0,0,0,0,0,0,0.0553951,-0.0472392,0.0180518,0,0.0449762,0,0,0,0,0,0,0,0,0,0,0,0,0,0,0,0,0,0,0,0,0,0,0
0,0,0,0,0,0,0,0,0,0,0,0,0,0,0,0,0,0,0,0,0,0,0,0,0,0,0,0,0,0,-0.0449683,0.0419092,-0.0184715,0.733193,-0.147928,0.11296,0.733193,-0.147928,0,0,0,0,0,0,0,0,0,0,0,0,0,0,0,0.0550036,-0.0469564,0.0181388,0,0.0458831,0,0,0,0,0,0,0,0,0,0,0,0,0,0,0,0,0,0,0,0,0,0,0
0,0,0,0,0,0,0,0,0,0,0,0,0,0,0,0,0,0,0,0,0,0,0,0,0,0,0,0,0,0,-0.0462319,0.0444491,-0.0182183,0.73275,-0.147258,0.111649,0.73275,-0.147258,0,0,0,0,0,0,0,0,0,0,0,0,0,0,0,0.0551558,-0.0473044,0.0179213,0,0.0467792,0,0,0,0,0,0,0,0,0,0,0,0,0,0,0,0,0,0,0,0,0,0,0
0,0,0,0,0,0,0,0,0,0,0,0,0,0,0,0,0,0,0,0,0,0,0,0,0,0,0,0,0,0,-0.0447514,0.0424191,-0.0188782,0.732588,-0.147506,0.112001,0.732588,-0.147506,0,0,0,0,0,0,0,0,0,0,0,0,0,0,0,0.0551776,-0.0470434,0.0177908,0,0.0476687,0,0,0,0,0,0,0,0,0,0,0,0,0,0,0,0,0,0,0,0,0,0,0
0,0,0,0,0,0,0,0,0,0,0,0,0,0,0,0,0,0,0,0,0,0,0,0,0,0,0,0,0,0,-0.0462722,0.0412979,-0.0188861,0.73243,-0.148995,0.112782,0.73243,-0.148995,0,0,0,0,0,0,0,0,0,0,0,0,0,0,0,0.0558518,-0.0466084,0.0180518,0,0.0485713,0,0,0,0,0,0,0,0,0,0,0,0,0,0,0,0,0,0,0,0,0,0,0
0,0,0,0,0,0,0,0,0,0,0,0,0,0,0,0,0,0,0,0,0,0,0,0,0,0,0,0,0,0,-0.0449183,0.0422647,-0.0178505,0.732282,-0.150414,0.112604,0.732282,-0.150414,0,0,0,0,0,0,0,0,0,0,0,0,0,0,0,0.0557648,-0.0466519,0.0180953,0,0.0494761,0,0,0,0,0,0,0,0,0,0,0,0,0,0,0,0,0,0,0,0,0,0,0
0,0,0,0,0,0,0,0,0,0,0,0,0,0,0,0,0,0,0,0,0,0,0,0,0,0,0,0,0,0,-0.0446062,0.0427056,-0.0194248,0.732017,-0.151006,0.112938,0.732017,-0.151006,0,0,0,0,0,0,0,0,0,0,0,0,0,0,0,0.0556343,-0.0470434,0.0185303,0,0.0504026,0,0,0,0,0,0,0,0,0,0,0,0,0,0,0,0,0,0,0,0,0,0,0
0,0,0,0,0,0,0,0,0,0,0,0,0,0,0,0,0,0,0,0,0,0,0,0,0,0,0,0,0,0,-0.0441609,0.040661,-0.0183897,0.731779,-0.151523,0.114371,0.731779,-0.151523,0,0,0,0,0,0,0,0,0,0,0,0,0,0,0,0.0558083,-0.0470434,0.0185085,0,0.051328,0,0,0,0,0,0,0,0,0,0,0,0,0,0,0,0,0,0,0,0,0,0,0
0,0,0,0,0,0,0,0,0,0,0,0,0,0,0,0,0,0,0,0,0,0,0,0,0,0,0,0,0,0,-0.0448852,0.0423984,-0.0180081,0.731913,-0.152415,0.115571,0.731913,-0.152415,0,0,0,0,0,0,0,0,0,0,0,0,0,0,0,0.0558953,-0.0469129,0.018465,0,0.0522512,0,0,0,0,0,0,0,0,0,0,0,0,0,0,0,0,0,0,0,0,0,0,0
0,0,0,0,0,0,0,0,0,0,0,0,0,0,0,0,0,0,0,0,0,0,0,0,0,0,0,0,0,0,-0.0419555,0.0419141,-0.0185379,0.732275,-0.153174,0.116231,0.732275,-0.153174,0,0,0,0,0,0,0,0,0,0,0,0,0,0,0,0.0557431,-0.0470434,0.0183998,0,0.0531712,0,0,0,0,0,0,0,0,0,0,0,0,0,0,0,0,0,0,0,0,0,0,0
0,0,0,0,0,0,0,0,0,0,0,0,0,0,0,0,0,0,0,0,0,0,0,0,0,0,0,0,0,0,-0.0441121,0.0416897,-0.0197209,0.732164,-0.153693,0.116815,0.732164,-0.153693,0,0,0,0,0,0,0,0,0,0,0,0,0,0,0,0.0556996,-0.0473261,0.0185303,0,0.0540977,0,0,0,0,0,0,0,0,0,0,0,0,0,0,0,0,0,0,0,0,0,0,0
0,0,0,0,0,0,0,0,0,0,0,0,0,0,0,0,0,0,0,0,0,0,0,0,0,0,0,0,0,0,-0.0430033,0.0418549,-0.018947,0.731518,-0.154147,0.11749,0.731518,-0.154147,0,0,0,0,0,0,0,0,0,0,0,0,0,0,0,0.0556996,-0.0474784,0.0187043,0,0.055033,0,0,0,0,0,0,0,0,0,0,0,0,0,0,0,0,0,0,0,0,0,0,0
0,0,0,0,0,0,0,0,0,0,0,0,0,0,0,0,0,0,0,0,0,0,0,0,0,0,0,0,0,0,-0.0418922,0.0422767,-0.0184344,0.73139,-0.153795,0.11818,0.73139,-0.153795,0,0,0,0,0,0,0,0,0,0,0,0,0,0,0,0.0555691,-0.0476306,0.0185303,0,0.0559595,0,0,0,0,0,0,0,0,0,0,0,0,0,0,0,0,0,0,0,0,0,0,0
0,0,0,0,0,0,0,0,0,0,0,0,0,0,0,0,0,0,0,0,0,0,0,0,0,0,0,0,0,0,-0.0419525,0.0406055,-0.0185756,0.73232,-0.153016,0.11894,0.73232,-0.153016,0,0,0,0,0,0,0,0,0,0,0,0,0,0,0,0.0555256,-0.0478481,0.018552,0,0.0568871,0,0,0,0,0,0,0,0,0,0,0,0,0,0,0,0,0,0,0,0,0,0,0
0,0,0,0,0,0,0,0,0,0,0,0,0,0,0,0,0,0,0,0,0,0,0,0,0,0,0,0,0,0,-0.0426638,0.0412801,-0.0181958,0.733511,-0.152959,0.119553,0.733511,-0.152959,0,0,0,0,0,0,0,0,0,0,0,0,0,0,0,0.0554821,-0.0478916,0.0185738,0,0.0578158,0,0,0,0,0,0,0,0,0,0,0,0,0,0,0,0,0,0,0,0,0,0,0
0,0,0,0,0,0,0,0,0,0,0,0,0,0,0,0,0,0,0,0,0,0,0,0,0,0,0,0,0,0,-0.0420706,0.0402564,-0.0178141,0.734082,-0.153181,0.119744,0.734082,-0.153181,0,0,0,0,0,0,0,0,0,0,0,0,0,0,0,0.0558301,-0.0478481,0.0184433,0,0.0587379,0,0,0,0,0,0,0,0,0,0,0,0,0,0,0,0,0,0,0,0,0,0,0
0,0,0,0,0,0,0,0,0,0,0,0,0,0,0,0,0,0,0,0,0,0,0,0,0,0,0,0,0,0,-0.0413429,0.039754,-0.0180846,0.734258,-0.152547,0.120077,0.734258,-0.152547,0,0,0,0,0,0,0,0,0,0,0,0,0,0,0,0.0556996,-0.0477611,0.0181605,0,0.059646,0,0,0,0,0,0,0,0,0,0,0,0,0,0,0,0,0,0,0,0,0,0,0
0,0,0,0,0,0,0,0,0,0,0,0,0,0,0,0,0,0,0,0,0,0,0,0,0,0,0,0,0,0,-0.0417868,0.0384653,-0.0191384,0.734744,-0.151486,0.121214,0.734744,-0.151486,0,0,0,0,0,0,0,0,0,0,0,0,0,0,0,0.0558301,-0.0474349,0.0181823,0,0.0605551,0,0,0,0,0,0,0,0,0,0,0,0,0,0,0,0,0,0,0,0,0,0,0
0,0,0,0,0,0,0,0,0,0,0,0,0,0,0,0,0,0,0,0,0,0,0,0,0,0,0,0,0,0,-0.0410563,0.040043,-0.0175825,0.735269,-0.151449,0.122647,0.735269,-0.151449,0,0,0,0,0,0,0,0,0,0,0,0,0,0,0,0.0560258,-0.0473044,0.01803,0,0.0614566,0,0,0,0,0,0,0,0,0,0,0,0,0,0,0,0,0,0,0,0,0,0,0
0,0,0,0,0,0,0,0,0,0,0,0,0,0,0,0,0,0,0,0,0,0,0,0,0,0,0,0,0,0,-0.0405828,0.0394014,-0.0198119,0.735244,-0.152011,0.122832,0.735244,-0.152011,0,0,0,0,0,0,0,0,0,0,0,0,0,0,0,0.0561346,-0.0473479,0.0182258,0,0.0623679,0,0,0,0,0,0,0,0,0,0,0,0,0,0,0,0,0,0,0,0,0,0,0
0,0,0,0,0,0,0,0,0,0,0,0,0,0,0,0,0,0,0,0,0,0,0,0,0,0,0,0,0,0,-0.0399769,0.0391485,-0.0183868,0.734541,-0.152426,0.12206,0.734541,-0.152426,0,0,0,0,0,0,0,0,0,0,0,0,0,0,0,0.0560258,-0.0472392,0.0182475,0,0.0632802,0,0,0,0,0,0,0,0,0,0,0,0,0,0,0,0,0,0,0,0,0,0,0
0,0,0,0,0,0,0,0,0,0,0,0,0,0,0,0,0,0,0,0,0,0,0,0,0,0,0,0,0,0,-0.041194,0.0386345,-0.0180059,0.734194,-0.152564,0.121707,0.734194,-0.152564,0,0,0,0,0,0,0,0,0,0,0,0,0,0,0,0.0562215,-0.0472174,0.0182693,0,0.0641937,0,0,0,0,0,0,0,0,0,0,0,0,0,0,0,0,0,0,0,0,0,0,0
0,0,0,0,0,0,0,0,0,0,0,0,0,0,0,0,0,0,0,0,0,0,0,0,0,0,0,0,0,0,-0.0398015,0.039291,-0.0181474,0.73487,-0.151616,0.121781,0.73487,-0.151616,0,0,0,0,0,0,0,0,0,0,0,0,0,0,0,0.0563085,-0.0473914,0.0182693,0,0.0651072,0,0,0,0,0,0,0,0,0,0,0,0,0,0,0,0,0,0,0,0,0,0,0
0,0,0,0,0,0,0,0,0,0,0,0,0,0,0,0,0,0,0,0,0,0,0,0,0,0,0,0,0,0,-0.0408886,0.0383763,-0.0201164,0.735397,-0.150394,0.121783,0.735397,-0.150394,0,0,0,0,0,0,0,0,0,0,0,0,0,0,0,0.0565043,-0.0476306,0.0184215,0,0.0660282,0,0,0,0,0,0,0,0,0,0,0,0,0,0,0,0,0,0,0,0,0,0,0
0,0,0,0,0,0,0,0,0,0,0,0,0,0,0,0,0,0,0,0,0,0,0,0,0,0,0,0,0,0,-0.038579,0.0391572,-0.0181709,0.73534,-0.150323,0.121419,0.73534,-0.150323,0,0,0,0,0,0,0,0,0,0,0,0,0,0,0,0.056439,-0.0477394,0.0185085,0,0.0669537,0,0,0,0,0,0,0,0,0,0,0,0,0,0,0,0,0,0,0,0,0,0,0
0,0,0,0,0,0,0,0,0,0,0,0,0,0,0,0,0,0,0,0,0,0,0,0,0,0,0,0,0,0,-0.0404443,0.0366735,-0.0187044,0.735249,-0.150678,0.121624,0.735249,-0.150678,0,0,0,0,0,0,0,0,0,0,0,0,0,0,0,0.0567653,-0.0475436,0.0183128,0,0.0678693,0,0,0,0,0,0,0,0,0,0,0,0,0,0,0,0,0,0,0,0,0,0,0
0,0,0,0,0,0,0,0,0,0,0,0,0,0,0,0,0,0,0,0,0,0,0,0,0,0,0,0,0,0,-0.0398273,0.0386268,-0.0178016,0.735844,-0.149668,0.122563,0.735844,-0.149668,0,0,0,0,0,0,0,0,0,0,0,0,0,0,0,0.0570915,-0.0477176,0.018204,0,0.0687795,0,0,0,0,0,0,0,0,0,0,0,0,0,0,0,0,0,0,0,0,0,0,0
0,0,0,0,0,0,0,0,0,0,0,0,0,0,0,0,0,0,0,0,0,0,0,0,0,0,0,0,0,0,-0.0388185,0.0373128,-0.0184661,0.736648,-0.147502,0.122908,0.736648,-0.147502,0,0,0,0,0,0,0,0,0,0,0,0,0,0,0,0.057048,-0.0477611,0.0182693,0,0.069693,0,0,0,0,0,0,0,0,0,0,0,0,0,0,0,0,0,0,0,0,0,0,0
0,0,0,0,0,0,0,0,0,0,0,0,0,0,0,0,0,0,0,0,0,0,0,0,0,0,0,0,0,0,-0.0374183,0.0378208,-0.0191312,0.736488,-0.146886,0.122542,0.736488,-0.146886,0,0,0,0,0,0,0,0,0,0,0,0,0,0,0,0.0570045,-0.0477829,0.0184215,0,0.070614,0,0,0,0,0,0,0,0,0,0,0,0,0,0,0,0,0,0,0,0,0,0,0
0,0,0,0,0,0,0,0,0,0,0,0,0,0,0,0,0,0,0,0,0,0,0,0,0,0,0,0,0,0,-0.0370564,0.0375476,-0.0191446,0.73635,-0.147813,0.122366,0.73635,-0.147813,0,0,0,0,0,0,0,0,0,0,0,0,0,0,0,0.0567218,-0.0479134,0.0182475,0,0.0715264,0,0,0,0,0,0,0,0,0,0,0,0,0,0,0,0,0,0,0,0,0,0,0
0,0,0,0,0,0,0,0,0,0,0,0,0,0,0,0,0,0,0,0,0,0,0,0,0,0,0,0,0,0,-0.0342146,0.0362291,-0.0182451,0.736261,-0.148182,0.123247,0.736261,-0.148182,0,0,0,0,0,0,0,0,0,0,0,0,0,0,0,0.056352,-0.0476959,0.0182475,0,0.0724388,0,0,0,0,0,0,0,0,0,0,0,0,0,0,0,0,0,0,0,0,0,0,0
0.885664,0,0,0,2.63558,1.08743,3.06215,52.7115,21.7486,61.2431,0,0,0,0,0,0,0,0,1054.23,434.972,1224.86,0,0,0,0,0,0,0,0,0,-0.0338506,0.0359536,-0.018259,0.73494,-0.148286,0.124797,0.73494,-0.148286,0,0,0,0,0,0,0,0,0,0,0,0,0,0,0,0.0556126,-0.0478481,0.0181605,0,0.0733468,0,0,0,0,0,0,0,0,0,0,0,0,0,0,0,0,0,0,0,0,0,0,0
0.948061,0,0,0,2.63482,1.08598,3.06206,-0.0151172,-0.0290259,-0.00190258,0,0,0,0,0,0,0,0,-1054.53,-435.552,-1224.9,0,0,0,0,0,0,0,0,0,-0.0334833,0.0356761,-0.0182726,0.733815,-0.148807,0.124617,0.733815,-0.148807,0,0,0,0,0,0,0,0,0,0,0,0,0,0,0,0.0549166,-0.0476306,0.0182258,0,0.0742581,0,0,0,0,0,0,0,0,0,0,0,0,0,0,0,0,0,0,0,0,0,0,0
1.01057,0,0,0,2.63482,1.08597,3.06205,-8.78906e-05,-0.00013916,-0.000267029,0,0,0,0,0,0,0,0,0.300586,0.577734,0.032711,0,0,0,0,0,0,0,0,0,-0.0349431,0.0368312,-0.0188087,0.734685,-0.149491,0.121837,0.734685,-0.149491,0,0,0,0,0,0,0,0,0,0,0,0,0,0,0,0.0546339,-0.0478264,0.0182693,0,0.0751716,0,0,0,0,0,0,0,0,0,0,0,0,0,0,0,0,0,0,0,0,0,0,0
1.0731,0,0,0,2.63482,1.08597,3.06212,2.92969e-05,-4.15039e-05,0.0013876,0,0,0,0,0,0,0,0,0.00234375,0.00195312,0.0330925,0,0,0,1.79772,1.10055,3.08071,35.9543,22.011,61.6143,-0.0345784,0.036547,-0.018824,0.736661,-0.149665,0.118478,-0.72619,0.194208,719.087,440.219,1232.29,0,0,0,0,0,0,0,0,0,0,0,0,0.0545251,-0.0478916,0.018204,0,0.0760818,0,0,0,0,0,0,0,0,0,0,0,0,0,0,0,0,0,0,0,0,0,0,0
1.13556,0,0,0,2.63482,1.08598,3.06211,-9.76563e-06,0.000224609,-5.72205e-05,0,0,0,0,0,0,0,0,-0.00078125,0.00532227,-0.0288963,-0,0,0,1.79771,1.10054,3.08076,-6.5918e-05,-0.000144043,0.000929832,-0.0359096,0.0352168,-0.0176652,0.737827,-0.149138,0.116382,-0.727395,0.193719,-719.088,-440.222,-1232.27,0,0,0,0,0,0,0,0,0,0,0,0,0.0546991,-0.0477829,0.017943,0,0.0769789,0,0,0,0,0,0,0,0,0,0,0,0,0,0,0,0,0,0,0,0,0,0,0
1.19812,0,0,0,2.63481,1.08597,3.0621,-0.000161133,-0.000112305,-0.000243187,0,0,0,0,0,0,0,0,-0.00302734,-0.00673828,-0.00371933,-0,0,0,1.79771,1.10054,3.08072,1.46484e-05,-9.52148e-05,-0.00079155,-0.0355417,0.0349306,-0.0176803,0.73854,-0.148641,0.115731,-0.728129,0.193295,0.00161133,0.000976562,-0.0344276,0,0,0,0,0,0,0,0,0,0,0,0,0.0552863,-0.0478481,0.0178343,0,0.0778707,0,0,0,0,0,0,0,0,0,0,0,0,0,0,0,0,0,0,0,0,0,0,0
1.26053,0,0,0,2.63482,1.08598,3.06209,0.000161133,8.78906e-05,-0.000281334,0,0,0,0,0,0,0,0,0.00644531,0.00400391,-0.000762939,-0,0,0,1.79772,1.10055,3.08071,0.000124512,0.000319824,-0.000100136,-0.0351728,0.0346449,-0.0176939,0.740181,-0.148497,0.115068,-0.729775,0.193255,0.00219727,0.00830078,0.0138283,0,0,0,0,0,0,0,0,0,0,0,0,0.0558736,-0.0479134,0.0177256,0,0.0787569,0,0,0,0,0,0,0,0,0,0,0,0,0,0,0,0,0,0,0,0,0,0,0
1.3231,0,0,0,2.63483,1.08597,3.06205,0.000244141,-0.000114746,-0.000715256,0,0,0,0,0,0,0,0,0.00166016,-0.00405273,-0.00867844,-0,0,0,1.79772,1.10056,3.08071,4.39453e-05,0.000117188,-0.000185966,-0.0355854,0.0329229,-0.0183598,0.741023,-0.149079,0.115092,-0.730579,0.193894,-0.00161133,-0.00405273,-0.00171661,0,0,0,0,0,0,0,0,0,0,0,0,0.0565913,-0.0477394,0.0177256,0,0.0796432,0,0,0,0,0,0,0,0,0,0,0,0,0,0,0,0,0,0,0,0,0,0,0
1.38565,0,0,0,2.63483,1.08597,3.06202,2.44141e-05,-5.85938e-05,-0.000681877,0,0,0,0,0,0,0,0,-0.00439453,0.00112305,0.000667572,-0,0,0,1.79772,1.10056,3.08072,-6.83594e-05,-3.17383e-05,0.000348091,-0.0352132,0.0326353,-0.0183732,0.739339,-0.150595,0.117749,-0.728809,0.195292,-0.00224609,-0.00297852,0.0106812,0,0,0,0,0,0,0,0,0,0,0,0,0.0570045,-0.0473261,0.0176386,0,0.0805251,0,0,0,0,0,0,0,0,0,0,0,0,0,0,0,0,0,0,0,0,0,0,0
1.4481,0,0,0,2.63483,1.08598,3.06212,-0.000102539,0.000126953,0.0020647,0,0,0,0,0,0,0,0,-0.00253906,0.00371094,0.0549316,-0,0,0,1.79772,1.10055,3.0807,0.00010498,-7.56836e-05,-0.000448227,-0.0351008,0.0331295,-0.0195611,0.736476,-0.152015,0.121603,-0.72586,0.196551,0.0034668,-0.000878906,-0.0159264,0,0,0,0,0,0,0,0,0,0,0,0,0.0574613,-0.0470434,0.0177473,0,0.0814125,0,0,0,0,0,0,0,0,0,0,0,0,0,0,0,0,0,0,0,0,0,0,0
1.51063,0,0,0,2.63482,1.08598,3.06208,-9.76562e-05,4.15039e-05,-0.00079155,0,0,0,0,0,0,0,0,9.76563e-05,-0.00170898,-0.0571251,-0,0,0,1.79772,1.10056,3.0807,0.00010498,7.56836e-05,5.72205e-05,-0.0347262,0.0328386,-0.0195748,0.733872,-0.152339,0.12404,-0.723241,0.196714,0.0034668,0.00302734,0.0101089,0,0,0,0,0,0,0,0,0,0,0,0,0.0576352,-0.0469347,0.0180518,0,0.0823151,0,0,0,0,0,0,0,0,0,0,0,0,0,0,0,0,0,0,0,0,0,0,0
1.57312,0,0,0,2.63483,1.08598,3.06214,0.000151367,2.44141e-05,0.00125885,0,0,0,0,0,0,0,0,0.00498047,-0.000341797,0.041008,-0,0,0,1.79773,1.10056,3.08071,1.70898e-05,6.5918e-05,0.000214577,-0.0343498,0.0328063,-0.0182837,0.731995,-0.152183,0.124578,-0.72138,0.196437,-0.00175781,-0.000195312,0.00314713,0,0,0,0,0,0,0,0,0,0,0,0,0.0578092,-0.0468694,0.0181388,0,0.083222,0,0,0,0,0,0,0,0,0,0,0,0,0,0,0,0,0,0,0,0,0,0,0
1.63554,0,0,0,2.63482,1.08599,3.06215,-9.27734e-05,0.000117188,0.000104904,0,0,0,0,0,0,0,0,-0.00488281,0.00185547,-0.0230789,-0,0,0,1.79772,1.10055,3.08073,-6.83594e-05,-0.000109863,0.000290871,-0.0304493,0.0325125,-0.0182976,0.730864,-0.152391,0.124861,-0.720241,0.196565,-0.00170898,-0.00351563,0.00152588,0,0,0,0,0,0,0,0,0,0,0,0,0.057396,-0.0468042,0.0182258,0,0.0841333,0,0,0,0,0,0,0,0,0,0,0,0,0,0,0,0,0,0,0,0,0,0,0
1.69804,0,0,0,2.63481,1.08598,3.06214,-0.000258789,-3.90625e-05,-0.000166893,0,0,0,0,0,0,0,0,-0.00332031,-0.003125,-0.00543594,-0,0,0,1.79772,1.10055,3.08072,-0.000109863,-3.41797e-05,-0.000157356,-0.0300711,0.0322212,-0.0183109,0.730221,-0.152534,0.125704,-0.719589,0.196675,-0.000830078,0.00151367,-0.00896454,0,0,0,0,0,0,0,0,0,0,0,0,0.0568523,-0.0469782,0.018204,0,0.0850435,0,0,0,0,0,0,0,0,0,0,0,0,0,0,0,0,0,0,0,0,0,0,0
1.76055,0,0,0,2.63481,1.08599,3.06214,-4.88281e-06,7.32422e-05,-4.76837e-05,0,0,0,0,0,0,0,0,0.00507812,0.00224609,0.00238419,-0,0,0,1.79772,1.10055,3.08072,4.88281e-05,-1.46484e-05,4.76837e-05,-0.0299537,0.0325815,-0.0175413,0.730065,-0.152177,0.125772,-0.719455,0.196307,0.00317383,0.000390625,0.0041008,0,0,0,0,0,0,0,0,0,0,0,0,0.056352,-0.0472609,0.0180518,0,0.0859461,0,0,0,0,0,0,0,0,0,0,0,0,0,0,0,0,0,0,0,0,0,0,0
1.82303,0,0,0,2.63481,1.08598,3.06211,6.83594e-05,-0.000141602,-0.000519753,0,0,0,0,0,0,0,0,0.00146484,-0.00429687,-0.00944138,-0,0,0,1.79772,1.10055,3.08072,-3.90625e-05,1.2207e-05,1.90735e-05,-0.029575,0.032287,-0.017555,0.730789,-0.151773,0.124108,-0.720203,0.195946,-0.00175781,0.000537109,-0.000572205,0,0,0,0,0,0,0,0,0,0,0,0,0.0558083,-0.0474131,0.0177038,0,0.0868313,0,0,0,0,0,0,0,0,0,0,0,0,0,0,0,0,0,0,0,0,0,0,0
1.88556,0,0,0,2.63482,1.08598,3.06212,0.000136719,8.54492e-05,0.000185966,0,0,0,0,0,0,0,0,0.00136719,0.00454102,0.0141144,-0,0,0,1.79773,1.10056,3.0807,0.000212402,0.000119629,-0.00041008,-0.0281525,0.0312072,-0.0188741,0.731692,-0.151922,0.122079,-0.721092,0.196165,0.0050293,0.00214844,-0.00858307,0,0,0,0,0,0,0,0,0,0,0,0,0.0550906,-0.0474349,0.0175733,0,0.08771,0,0,0,0,0,0,0,0,0,0,0,0,0,0,0,0,0,0,0,0,0,0,0
1.94809,0,0,0,2.63482,1.086,3.06213,-5.85938e-05,0.000219727,0.000109673,0,0,0,0,0,0,0,0,-0.00390625,0.00268555,-0.00152588,-0,0,0,1.79773,1.10056,3.0807,7.32422e-05,0.000109863,-1.43051e-05,-0.0277728,0.0309094,-0.0188882,0.731393,-0.152049,0.120757,-0.720785,0.196275,-0.0027832,-0.000195313,0.0079155,0,0,0,0,0,0,0,0,0,0,0,0,0.0543729,-0.0474131,0.0176603,0,0.088593,0,0,0,0,0,0,0,0,0,0,0,0,0,0,0,0,0,0,0,0,0,0,0
2.01054,0,0,0,2.63482,1.08598,3.06207,1.95312e-05,-0.00034668,-0.00116825,0,0,0,0,0,0,0,0,0.0015625,-0.0113281,-0.0255585,-0,0,0,1.79772,1.10056,3.08072,-0.000146484,-7.8125e-05,0.000343323,-0.0273909,0.0306113,-0.0189019,0.730273,-0.15141,0.11903,-0.719709,0.195556,-0.00439453,-0.00375977,0.00715256,0,0,0,0,0,0,0,0,0,0,0,0,0.0542424,-0.0473914,0.0177473,0,0.0894803,0,0,0,0,0,0,0,0,0,0,0,0,0,0,0,0,0,0,0,0,0,0,0
2.07301,0,0,0,2.63482,1.08595,3.06207,1.95312e-05,-0.000483398,1.43051e-05,0,0,0,0,0,0,0,0,0.0015625,-0.00273438,0.0236511,-0,0,0,1.79772,1.10054,3.0807,-0.000112305,-0.000310059,-0.000433922,-0.0294879,0.0305734,-0.0194376,0.729623,-0.150774,0.116305,-0.719095,0.194898,0.000683594,-0.00463867,-0.0155449,0,0,0,0,0,0,0,0,0,0,0,0,0.0545251,-0.0474131,0.0179213,0,0.0903764,0,0,0,0,0,0,0,0,0,0,0,0,0,0,0,0,0,0,0,0,0,0,0
2.07301,0,0,0,2.63482,1.08595,3.06207,1.95312e-05,-0.000483398,1.43051e-05,0,0,0,0,0,0,0,0,0.0015625,-0.00273438,0.0236511,-0,0,0,1.79772,1.10054,3.0807,-0.000112305,-0.000310059,-0.000433922,-0.0291067,0.0302728,-0.0194523,0.729464,-0.151118,0.114146,-0.718916,0.195231,0.000683594,-0.00463867,-0.0155449,0,0,0,0,0,0,0,0,0,0,0,0,0.0547644,-0.0473261,0.0182258,0,0.0912877,0,0,0,0,0,0,0,0,0,0,0,0,0,0,0,0,0,0,0,0,0,0,0
2.13553,0,0,0,2.63484,1.08596,3.06202,0.000341797,0.000153809,-0.00105381,0,0,0,0,0,0,0,0,0.00644531,0.0127441,-0.0213623,-0,0,0,1.79772,1.10056,3.08071,6.34766e-05,0.000251465,0.000295639,-0.0274216,0.030886,-0.019467,0.729254,-0.152045,0.113824,-0.718653,0.196133,0.00351563,0.0112305,0.0145912,0,0,0,0,0,0,0,0,0,0,0,0,0.0547861,-0.0473914,0.0185303,0,0.0922142,0,0,0,0,0,0,0,0,0,0,0,0,0,0,0,0,0,0,0,0,0,0,0
2.13553,0,0,0,2.63484,1.08596,3.06202,0.000341797,0.000153809,-0.00105381,0,0,0,0,0,0,0,0,0.00644531,0.0127441,-0.0213623,-0,0,0,1.79772,1.10056,3.08071,6.34766e-05,0.000251465,0.000295639,-0.0270422,0.030585,-0.0194819,0.729983,-0.152746,0.113961,-0.719337,0.196877,0.00351563,0.0112305,0.0145912,0,0,0,0,0,0,0,0,0,0,0,0,0.0549818,-0.0475871,0.0186173,0,0.0931451,0,0,0,0,0,0,0,0,0,0,0,0,0,0,0,0,0,0,0,0,0,0,0
2.13553,0,0,0,2.63484,1.08596,3.06202,0.000341797,0.000153809,-0.00105381,0,0,0,0,0,0,0,0,0.00644531,0.0127441,-0.0213623,-0,0,0,1.79772,1.10056,3.08071,6.34766e-05,0.000251465,0.000295639,-0.0266637,0.0302823,-0.0194973,0.732065,-0.152704,0.112672,-0.721418,0.196962,0.00351563,0.0112305,0.0145912,0,0,0,0,0,0,0,0,0,0,0,0,0.0551776,-0.0477829,0.0187043,0,0.0940803,0,0,0,0,0,0,0,0,0,0,0,0,0,0,0,0,0,0,0,0,0,0,0
2.13553,0,0,0,2.63484,1.08596,3.06202,0.000341797,0.000153809,-0.00105381,0,0,0,0,0,0,0,0,0.00644531,0.0127441,-0.0213623,-0,0,0,1.79772,1.10056,3.08071,6.34766e-05,0.000251465,0.000295639,-0.0262844,0.0289336,-0.0191214,0.734074,-0.151619,0.11031,-0.723489,0.196001,0.00351563,0.0112305,0.0145912,0,0,0,0,0,0,0,0,0,0,0,0,0.0553733,-0.0478046,0.018726,0,0.0950166,0,0,0,0,0,0,0,0,0,0,0,0,0,0,0,0,0,0,0,0,0,0,0
2.13553,0,0,0,2.63484,1.08596,3.06202,0.000341797,0.000153809,-0.00105381,0,0,0,0,0,0,0,0,0.00644531,0.0127441,-0.0213623,-0,0,0,1.79772,1.10056,3.08071,6.34766e-05,0.000251465,0.000295639,-0.0259033,0.0286263,-0.0191372,0.735236,-0.149785,0.108339,-0.724761,0.194241,0.00351563,0.0112305,0.0145912,0,0,0,0,0,0,0,0,0,0,0,0,0.0551558,-0.0477829,0.0186608,0,0.0959496,0,0,0,0,0,0,0,0,0,0,0,0,0,0,0,0,0,0,0,0,0,0,0
2.13553,0,0,0,2.63484,1.08596,3.06202,0.000341797,0.000153809,-0.00105381,0,0,0,0,0,0,0,0,0.00644531,0.0127441,-0.0213623,-0,0,0,1.79772,1.10056,3.08071,6.34766e-05,0.000251465,0.000295639,-0.0251305,0.0292318,-0.0187616,0.73571,-0.147428,0.10778,-0.725377,0.191918,0.00351563,0.0112305,0.0145912,0,0,0,0,0,0,0,0,0,0,0,0,0.0548731,-0.0479134,0.0185303,0,0.0968761,0,0,0,0,0,0,0,0,0,0,0,0,0,0,0,0,0,0,0,0,0,0,0
2.13553,0,0,0,2.63484,1.08596,3.06202,0.000341797,0.000153809,-0.00105381,0,0,0,0,0,0,0,0,0.00644531,0.0127441,-0.0213623,-0,0,0,1.79772,1.10056,3.08071,6.34766e-05,0.000251465,0.000295639,-0.022793,0.0289251,-0.0183853,0.735482,-0.145054,0.108936,-0.725294,0.189534,0.00351563,0.0112305,0.0145912,0,0,0,0,0,0,0,0,0,0,0,0,0.0544816,-0.0478916,0.0183345,0,0.0977929,0,0,0,0,0,0,0,0,0,0,0,0,0,0,0,0,0,0,0,0,0,0,0
2.19801,0,0,0,2.63483,1.08597,3.06201,-0.000161133,0.000163574,-0.000157356,0,0,0,0,0,0,0,0,-0.0100586,0.000195312,0.0179291,-0,0,0,1.79772,1.10055,3.08071,1.46484e-05,-9.52148e-05,-9.53674e-06,-0.0241107,0.0286179,-0.0184009,0.73429,-0.14388,0.110903,-0.724175,0.18829,-0.000976563,-0.00693359,-0.00610352,0,0,0,0,0,0,0,0,0,0,0,0,0.0543729,-0.0478699,0.0181388,0,0.0986998,0,0,0,0,0,0,0,0,0,0,0,0,0,0,0,0,0,0,0,0,0,0,0
2.26053,0,0,0,2.63482,1.08598,3.06201,-0.000195312,0.000114746,6.19888e-05,0,0,0,0,0,0,0,0,-0.000683594,-0.000976562,0.0043869,-0,0,0,1.79773,1.10056,3.08071,6.10352e-05,9.52148e-05,-0.000143051,-0.0262121,0.0272676,-0.0191986,0.73316,-0.144258,0.11313,-0.723023,0.188604,0.000927734,0.00380859,-0.00267029,0,0,0,0,0,0,0,0,0,0,0,0,0.0546774,-0.0476741,0.0180735,0,0.0996035,0,0,0,0,0,0,0,0,0,0,0,0,0,0,0,0,0,0,0,0,0,0,0
2.32299,0,0,0,2.63483,1.08596,3.06203,0.000151367,-0.000400391,0.000357628,0,0,0,0,0,0,0,0,0.00693359,-0.0103027,0.00591278,-0,0,0,1.79772,1.10055,3.0807,-9.27734e-05,-0.000168457,-1.43051e-05,-0.0236139,0.0269627,-0.01817,0.732838,-0.145424,0.116213,-0.722631,0.189748,-0.00307617,-0.00527344,0.00257492,0,0,0,0,0,0,0,0,0,0,0,0,0.0546121,-0.0476524,0.0178995,0,0.100498,0,0,0,0,0,0,0,0,0,0,0,0,0,0,0,0,0,0,0,0,0,0,0
2.3855,0,0,0,2.63482,1.08597,3.06211,-3.90625e-05,0.00036377,0.00157833,0,0,0,0,0,0,0,0,-0.00380859,0.0152832,0.0244141,-0,0,0,1.79772,1.10056,3.08072,-3.66211e-05,0.000166016,0.00038147,-0.0264992,0.0253502,-0.0198815,0.732447,-0.146879,0.120039,-0.722156,0.191163,0.00112305,0.00668945,0.0079155,0,0,0,0,0,0,0,0,0,0,0,0,0.0550906,-0.0474131,0.0180083,0,0.101399,0,0,0,0,0,0,0,0,0,0,0,0,0,0,0,0,0,0,0,0,0,0,0
2.3855,0,0,0,2.63482,1.08597,3.06211,-3.90625e-05,0.00036377,0.00157833,0,0,0,0,0,0,0,0,-0.00380859,0.0152832,0.0244141,-0,0,0,1.79772,1.10056,3.08072,-3.66211e-05,0.000166016,0.00038147,-0.0259897,0.0253052,-0.0219839,0.732123,-0.148228,0.122842,-0.72175,0.19249,0.00112305,0.00668945,0.0079155,0,0,0,0,0,0,0,0,0,0,0,0,0.0556126,-0.0470652,0.0185303,0,0.102325,0,0,0,0,0,0,0,0,0,0,0,0,0,0,0,0,0,0,0,0,0,0,0
2.44803,0,0,0,2.63483,1.08598,3.06216,9.76563e-05,4.88281e-05,0.0010252,0,0,0,0,0,0,0,0,0.00273438,-0.00629883,-0.0110626,-0,0,0,1.79772,1.10055,3.08072,6.34766e-05,-7.08008e-05,-3.33786e-05,-0.0239156,0.0252597,-0.0187359,0.732599,-0.149119,0.123677,-0.722171,0.193409,0.00200195,-0.00473633,-0.00829697,0,0,0,0,0,0,0,0,0,0,0,0,0.0561781,-0.0467607,0.0185738,0,0.103254,0,0,0,0,0,0,0,0,0,0,0,0,0,0,0,0,0,0,0,0,0,0,0
2.5104,0,0,0,2.63481,1.08598,3.06213,-0.000292969,0.00013916,-0.000576973,0,0,0,0,0,0,0,0,-0.0078125,0.00180664,-0.0320435,-0,0,0,1.79772,1.10054,3.08071,-2.92969e-05,-0.000183105,-0.000162125,-0.0243209,0.0262589,-0.0197948,0.733327,-0.149296,0.123313,-0.722885,0.193636,-0.00185547,-0.00224609,-0.00257492,0,0,0,0,0,0,0,0,0,0,0,0,0.0565913,-0.0466737,0.0187913,0,0.104194,0,0,0,0,0,0,0,0,0,0,0,0,0,0,0,0,0,0,0,0,0,0,0
2.57303,0,0,0,2.63483,1.08598,3.06208,0.000219727,7.32422e-06,-0.000920296,0,0,0,0,0,0,0,0,0.0102539,-0.00263672,-0.00686646,-0,0,0,1.79772,1.10056,3.08069,8.05664e-05,0.000222168,-0.000386238,-0.0234217,0.0260818,-0.0198102,0.73307,-0.148997,0.122643,-0.722643,0.193336,0.00219727,0.00810547,-0.00448227,0,0,0,0,0,0,0,0,0,0,0,0,0.0565043,-0.0467824,0.0188783,0,0.105138,0,0,0,0,0,0,0,0,0,0,0,0,0,0,0,0,0,0,0,0,0,0,0
2.63544,0,0,0,2.63483,1.08597,3.06213,8.30078e-05,-0.000249023,0.000839233,0,0,0,0,0,0,0,0,-0.00273438,-0.00512695,0.0351906,-0,0,0,1.79772,1.10055,3.08071,-9.76563e-05,-5.12695e-05,0.000290871,-0.0233048,0.0249914,-0.0195636,0.732156,-0.149084,0.12177,-0.721728,0.193356,-0.00356445,-0.00546875,0.0135422,0,0,0,0,0,0,0,0,0,0,0,0,0.0568305,-0.0467607,0.0190958,0,0.106092,0,0,0,0,0,0,0,0,0,0,0,0,0,0,0,0,0,0,0,0,0,0,0
2.63544,0,0,0,2.63483,1.08597,3.06213,8.30078e-05,-0.000249023,0.000839233,0,0,0,0,0,0,0,0,-0.00273438,-0.00512695,0.0351906,-0,0,0,1.79772,1.10055,3.08071,-9.76563e-05,-5.12695e-05,0.000290871,-0.0233174,0.0248148,-0.0199696,0.731761,-0.149281,0.120482,-0.721322,0.193529,-0.00356445,-0.00546875,0.0135422,0,0,0,0,0,0,0,0,0,0,0,0,0.0566783,-0.0469782,0.0190958,0,0.107047,0,0,0,0,0,0,0,0,0,0,0,0,0,0,0,0,0,0,0,0,0,0,0
2.69797,0,0,0,2.63483,1.08597,3.06203,-2.92969e-05,-7.8125e-05,-0.00190258,0,0,0,0,0,0,0,0,-0.00224609,0.00341797,-0.0548363,-0,0,0,1.79772,1.10056,3.08073,-9.76562e-06,7.8125e-05,0.000367165,-0.0221554,0.0252917,-0.0193319,0.731363,-0.149442,0.119404,-0.720918,0.193652,0.00175781,0.00258789,0.00152588,0,0,0,0,0,0,0,0,0,0,0,0,0.0564173,-0.0472826,0.018639,0,0.107979,0,0,0,0,0,0,0,0,0,0,0,0,0,0,0,0,0,0,0,0,0,0,0
2.76049,0,0,0,2.63481,1.08599,3.06211,-0.000268555,0.00043457,0.00161171,0,0,0,0,0,0,0,0,-0.00478516,0.0102539,0.0702858,-0,0,0,1.79772,1.10056,3.08072,9.76562e-06,1.95312e-05,-0.000171661,-0.0196907,0.0251164,-0.0201285,0.730349,-0.149963,0.118544,-0.719873,0.194117,0.000390625,-0.00117187,-0.0107765,0,0,0,0,0,0,0,0,0,0,0,0,0.0560911,-0.0475654,0.0188565,0,0.108922,0,0,0,0,0,0,0,0,0,0,0,0,0,0,0,0,0,0,0,0,0,0,0
2.82295,0,0,0,2.63482,1.08599,3.06215,5.37109e-05,-6.10352e-05,0.000767708,0,0,0,0,0,0,0,0,0.00644531,-0.00991211,-0.01688,-0,0,0,1.79772,1.10055,3.0807,7.8125e-05,-0.00012207,-0.000391006,-0.0220542,0.0241578,-0.0189687,0.729336,-0.150579,0.118349,-0.718821,0.194684,0.00136719,-0.00283203,-0.0043869,0,0,0,0,0,0,0,0,0,0,0,0,0.0560911,-0.0475219,0.0187043,0,0.109857,0,0,0,0,0,0,0,0,0,0,0,0,0,0,0,0,0,0,0,0,0,0,0
2.88552,0,0,0,2.63482,1.08599,3.06217,0.000126953,4.15039e-05,0.000305176,0,0,0,0,0,0,0,0,0.00146484,0.00205078,-0.00925064,-0,0,0,1.79772,1.10056,3.08072,-2.44141e-05,0.000192871,0.000400543,-0.0208957,0.0217642,-0.0192436,0.729013,-0.150694,0.118789,-0.718495,0.194765,-0.00205078,0.00629883,0.015831,0,0,0,0,0,0,0,0,0,0,0,0,0.0560476,-0.0471087,0.0185955,0,0.110787,0,0,0,0,0,0,0,0,0,0,0,0,0,0,0,0,0,0,0,0,0,0,0
2.88552,0,0,0,2.63482,1.08599,3.06217,0.000126953,4.15039e-05,0.000305176,0,0,0,0,0,0,0,0,0.00146484,0.00205078,-0.00925064,-0,0,0,1.79772,1.10056,3.08072,-2.44141e-05,0.000192871,0.000400543,-0.0196058,0.0226335,-0.0192578,0.729538,-0.150208,0.118589,-0.719048,0.194312,-0.00205078,0.00629883,0.015831,0,0,0,0,0,0,0,0,0,0,0,0,0.0558083,-0.0470217,0.0185303,0,0.111713,0,0,0,0,0,0,0,0,0,0,0,0,0,0,0,0,0,0,0,0,0,0,0
2.94803,0,0,0,2.63483,1.08598,3.06216,4.39453e-05,-0.000158691,-0.00017643,0,0,0,0,0,0,0,0,-0.00166016,-0.00400391,-0.00963211,-0,0,0,1.79773,1.10056,3.0807,9.0332e-05,-9.27734e-05,-0.000300407,-0.018971,0.0223266,-0.0200547,0.730119,-0.149955,0.11825,-0.719641,0.194105,0.00229492,-0.00571289,-0.014019,0,0,0,0,0,0,0,0,0,0,0,0,0.0554603,-0.0469129,0.0185303,0,0.11264,0,0,0,0,0,0,0,0,0,0,0,0,0,0,0,0,0,0,0,0,0,0,0
3.01047,0,0,0,2.63481,1.08599,3.0621,-0.000292969,0.000192871,-0.00112534,0,0,0,0,0,0,0,0,-0.00673828,0.00703125,-0.0189781,-0,0,0,1.79772,1.10056,3.08071,-0.00015625,2.44141e-05,4.76837e-05,-0.0202936,0.0226731,-0.0190254,0.730526,-0.149833,0.118606,-0.720055,0.194007,-0.00493164,0.00234375,0.00696182,0,0,0,0,0,0,0,0,0,0,0,0,0.0555256,-0.0467824,0.018465,0,0.113563,0,0,0,0,0,0,0,0,0,0,0,0,0,0,0,0,0,0,0,0,0,0,0
3.07299,0,0,0,2.63481,1.08598,3.06213,4.88281e-06,-0.00012207,0.000548363,0,0,0,0,0,0,0,0,0.00595703,-0.00629883,0.033474,-0,0,0,1.79772,1.10055,3.08069,5.12695e-05,-0.000114746,-0.000309944,-0.0169207,0.0218453,-0.019692,0.731215,-0.149585,0.119599,-0.720755,0.193812,0.00415039,-0.0027832,-0.00715256,0,0,0,0,0,0,0,0,0,0,0,0,0.0554386,-0.0465432,0.018378,0,0.114482,0,0,0,0,0,0,0,0,0,0,0,0,0,0,0,0,0,0,0,0,0,0,0
3.13551,0,0,0,2.63483,1.08597,3.06204,0.000361328,-0.000366211,-0.00181675,0,0,0,0,0,0,0,0,0.00712891,-0.00488281,-0.0473022,-0,0,0,1.79772,1.10055,3.08073,-5.61523e-05,5.12695e-05,0.000810623,-0.0187675,0.0236288,-0.0210118,0.732052,-0.149401,0.120035,-0.721609,0.19365,-0.00214844,0.00332031,0.0224113,0,0,0,0,0,0,0,0,0,0,0,0,0.0552646,-0.0467607,0.0187043,0,0.115417,0,0,0,0,0,0,0,0,0,0,0,0,0,0,0,0,0,0,0,0,0,0,0
3.13551,0,0,0,2.63483,1.08597,3.06204,0.000361328,-0.000366211,-0.00181675,0,0,0,0,0,0,0,0,0.00712891,-0.00488281,-0.0473022,-0,0,0,1.79772,1.10055,3.08073,-5.61523e-05,5.12695e-05,0.000810623,-0.0185287,0.0225412,-0.0178939,0.732869,-0.149297,0.11928,-0.722431,0.193597,-0.00214844,0.00332031,0.0224113,0,0,0,0,0,0,0,0,0,0,0,0,0.0552428,-0.0471957,0.018465,0,0.116341,0,0,0,0,0,0,0,0,0,0,0,0,0,0,0,0,0,0,0,0,0,0,0
3.19798,0,0,0,2.63483,1.08599,3.06212,8.30078e-05,0.000512695,0.00169277,0,0,0,0,0,0,0,0,-0.00556641,0.0175781,0.0701904,-0,0,0,1.79773,1.10057,3.08071,0.000151367,0.000214844,-0.000424385,-0.0207679,0.0218446,-0.019866,0.733397,-0.149066,0.118825,-0.722969,0.193413,0.00415039,0.00327148,-0.0247002,0,0,0,0,0,0,0,0,0,0,0,0,0.0558083,-0.0473696,0.018552,0,0.117268,0,0,0,0,0,0,0,0,0,0,0,0,0,0,0,0,0,0,0,0,0,0,0
3.2605,0,0,0,2.63483,1.08596,3.06206,-4.88281e-05,-0.000700684,-0.00115871,0,0,0,0,0,0,0,0,-0.00263672,-0.0242676,-0.0570297,-0,0,0,1.79772,1.10055,3.08072,-0.000109863,-0.000217285,0.000257492,-0.0168745,0.0202343,-0.0189671,0.734017,-0.148207,0.119013,-0.723642,0.192584,-0.00522461,-0.00864258,0.0136375,0,0,0,0,0,0,0,0,0,0,0,0,0.0558301,-0.0473261,0.0183563,0,0.118186,0,0,0,0,0,0,0,0,0,0,0,0,0,0,0,0,0,0,0,0,0,0,0
3.32302,0,0,0,2.63482,1.08597,3.0621,-0.000219727,0.000332031,0.000777245,0,0,0,0,0,0,0,0,-0.00341797,0.0206543,0.0387192,-0,0,0,1.79772,1.10055,3.08069,-5.85937e-05,-0.000148926,-0.000624657,-0.0172901,0.0212324,-0.018852,0.73492,-0.147545,0.11877,-0.724578,0.192001,0.00102539,0.00136719,-0.017643,0,0,0,0,0,0,0,0,0,0,0,0,0.0556996,-0.0473914,0.0183128,0,0.119102,0,0,0,0,0,0,0,0,0,0,0,0,0,0,0,0,0,0,0,0,0,0,0
3.38545,0,0,0,2.63483,1.08598,3.06218,0.000126953,0.000246582,0.00147343,0,0,0,0,0,0,0,0,0.00693359,-0.00170898,0.0139236,-0,0,0,1.79772,1.10056,3.08072,5.61523e-05,0.000236816,0.000610352,-0.0167922,0.0211902,-0.0186057,0.735398,-0.147926,0.117539,-0.725038,0.192388,0.00229492,0.00771484,0.0247002,0,0,0,0,0,0,0,0,0,0,0,0,0.0560476,-0.0475871,0.018117,0,0.120007,0,0,0,0,0,0,0,0,0,0,0,0,0,0,0,0,0,0,0,0,0,0,0
3.38545,0,0,0,2.63483,1.08598,3.06218,0.000126953,0.000246582,0.00147343,0,0,0,0,0,0,0,0,0.00693359,-0.00170898,0.0139236,-0,0,0,1.79772,1.10056,3.08072,5.61523e-05,0.000236816,0.000610352,-0.0157751,0.0221925,-0.0197939,0.735565,-0.148741,0.115944,-0.725154,0.193212,0.00229492,0.00771484,0.0247002,0,0,0,0,0,0,0,0,0,0,0,0,0.0559171,-0.0476524,0.0178995,0,0.120902,0,0,0,0,0,0,0,0,0,0,0,0,0,0,0,0,0,0,0,0,0,0,0
3.448,0,0,0,2.63484,1.08596,3.0621,0.000292969,-0.000405273,-0.00159264,0,0,0,0,0,0,0,0,0.00332031,-0.0130371,-0.0613213,-0,0,0,1.79772,1.10055,3.08074,-1.95312e-05,-0.000124512,0.000286102,-0.0161916,0.0200653,-0.0182418,0.735512,-0.148997,0.115483,-0.725089,0.193454,-0.00151367,-0.00722656,-0.00648499,0,0,0,0,0,0,0,0,0,0,0,0,0.0558953,-0.0475436,0.017943,0,0.1218,0,0,0,0,0,0,0,0,0,0,0,0,0,0,0,0,0,0,0,0,0,0,0
3.5104,0,0,0,2.63482,1.08599,3.06209,-0.000400391,0.000427246,-3.8147e-05,0,0,0,0,0,0,0,0,-0.0138672,0.0166504,0.0310898,-0,0,0,1.79772,1.10056,3.08071,-9.76562e-06,6.83594e-05,-0.0004673,-0.0150444,0.0197625,-0.0199518,0.73487,-0.149208,0.116458,-0.72443,0.193642,0.000195313,0.00385742,-0.0150681,0,0,0,0,0,0,0,0,0,0,0,0,0.0553081,-0.0475001,0.017943,0,0.122697,0,0,0,0,0,0,0,0,0,0,0,0,0,0,0,0,0,0,0,0,0,0,0
3.57294,0,0,0,2.63482,1.08599,3.06217,-7.8125e-05,0.000134277,0.00141144,0,0,0,0,0,0,0,0,0.00644531,-0.00585938,0.0289917,-0,0,0,1.79772,1.10055,3.08068,0.000107422,-6.10352e-05,-0.00064373,-0.0141587,0.0201119,-0.0190524,0.733944,-0.15045,0.117385,-0.723424,0.194849,0.00234375,-0.00258789,-0.00352859,0,0,0,0,0,0,0,0,0,0,0,0,0.0552211,-0.0477829,0.017943,0,0.123594,0,0,0,0,0,0,0,0,0,0,0,0,0,0,0,0,0,0,0,0,0,0,0
3.63549,0,0,0,2.63482,1.08598,3.06212,8.78906e-05,-0.000283203,-0.00084877,0,0,0,0,0,0,0,0,0.00332031,-0.00834961,-0.0452042,-0,0,0,1.79772,1.10056,3.08072,-2.92969e-05,0.00012207,0.000805855,-0.0141868,0.0191594,-0.0189359,0.73344,-0.151496,0.117539,-0.722866,0.195833,-0.00273438,0.00366211,0.0289917,0,0,0,0,0,0,0,0,0,0,0,0,0.0550688,-0.0477394,0.017943,0,0.124491,0,0,0,0,0,0,0,0,0,0,0,0,0,0,0,0,0,0,0,0,0,0,0
3.63549,0,0,0,2.63482,1.08598,3.06212,8.78906e-05,-0.000283203,-0.00084877,0,0,0,0,0,0,0,0,0.00332031,-0.00834961,-0.0452042,-0,0,0,1.79772,1.10056,3.08072,-2.92969e-05,0.00012207,0.000805855,-0.0131729,0.017032,-0.0196035,0.733394,-0.15099,0.117526,-0.722851,0.195326,-0.00273438,0.00366211,0.0289917,0,0,0,0,0,0,0,0,0,0,0,0,0.0548296,-0.0473479,0.0180953,0,0.125396,0,0,0,0,0,0,0,0,0,0,0,0,0,0,0,0,0,0,0,0,0,0,0
3.69798,0,0,0,2.63483,1.08598,3.06213,0.000200195,0.00010498,7.15256e-05,0,0,0,0,0,0,0,0,0.00224609,0.00776367,0.0184059,-0,0,0,1.79773,1.10056,3.08072,6.10352e-05,-5.12695e-05,-9.05991e-05,-0.0138564,0.0180371,-0.0193575,0.733422,-0.149788,0.1175,-0.722951,0.19413,0.00180664,-0.0034668,-0.0179291,0,0,0,0,0,0,0,0,0,0,0,0,0.0548731,-0.0469564,0.0180083,0,0.126296,0,0,0,0,0,0,0,0,0,0,0,0,0,0,0,0,0,0,0,0,0,0,0
3.76045,0,0,0,2.63482,1.08598,3.06205,-0.000229492,-0.000141602,-0.00152588,0,0,0,0,0,0,0,0,-0.00859375,-0.00493164,-0.0319481,-0,0,0,1.79772,1.10056,3.08072,-0.000129395,1.2207e-05,0.000114441,-0.0129754,0.016563,-0.020155,0.733722,-0.149436,0.117181,-0.723273,0.193793,-0.00380859,0.00126953,0.0041008,0,0,0,0,0,0,0,0,0,0,0,0,0.0546991,-0.0466737,0.0183128,0,0.127212,0,0,0,0,0,0,0,0,0,0,0,0,0,0,0,0,0,0,0,0,0,0,0
3.82298,0,0,0,2.63482,1.08598,3.06212,6.83594e-05,4.63867e-05,0.00133991,0,0,0,0,0,0,0,0,0.00595703,0.00375977,0.0573158,-0,0,0,1.79772,1.10055,3.0807,5.85937e-05,-8.54492e-05,-0.000429153,-0.013922,0.0178306,-0.020039,0.734916,-0.149467,0.11625,-0.724458,0.193912,0.00375977,-0.00195313,-0.0108719,0,0,0,0,0,0,0,0,0,0,0,0,0.0548731,-0.0466519,0.0183128,0,0.128127,0,0,0,0,0,0,0,0,0,0,0,0,0,0,0,0,0,0,0,0,0,0,0
3.82298,0,0,0,2.63482,1.08598,3.06212,6.83594e-05,4.63867e-05,0.00133991,0,0,0,0,0,0,0,0,0.00595703,0.00375977,0.0573158,-0,0,0,1.79772,1.10055,3.0807,5.85937e-05,-8.54492e-05,-0.000429153,-0.0139566,0.0170125,-0.0186172,0.736034,-0.148914,0.115428,-0.725608,0.193428,0.00375977,-0.00195313,-0.0108719,0,0,0,0,0,0,0,0,0,0,0,0,0.0551993,-0.0464344,0.0182258,0,0.129039,0,0,0,0,0,0,0,0,0,0,0,0,0,0,0,0,0,0,0,0,0,0,0
3.88545,0,0,0,2.63482,1.08599,3.06213,-5.85937e-05,0.000202637,0.000157356,0,0,0,0,0,0,0,0,-0.00253906,0.003125,-0.0236511,-0,0,0,1.79772,1.10056,3.08072,7.32422e-06,0.000151367,0.000276566,-0.0142528,0.0178908,-0.0195454,0.735887,-0.148996,0.115938,-0.725459,0.193491,-0.00102539,0.00473633,0.0141144,0,0,0,0,0,0,0,0,0,0,0,0,0.0555691,-0.0465214,0.0183128,0,0.129954,0,0,0,0,0,0,0,0,0,0,0,0,0,0,0,0,0,0,0,0,0,0,0
3.88545,0,0,0,2.63482,1.08599,3.06213,-5.85937e-05,0.000202637,0.000157356,0,0,0,0,0,0,0,0,-0.00253906,0.003125,-0.0236511,-0,0,0,1.79772,1.10056,3.08072,7.32422e-06,0.000151367,0.000276566,-0.0138986,0.0175963,-0.0194286,0.735871,-0.149705,0.117687,-0.7254,0.194198,-0.00102539,0.00473633,0.0141144,0,0,0,0,0,0,0,0,0,0,0,0,0.0560476,-0.0469129,0.0182693,0,0.130868,0,0,0,0,0,0,0,0,0,0,0,0,0,0,0,0,0,0,0,0,0,0,0
3.94799,0,0,0,2.63483,1.08598,3.06213,0.00015625,-0.000273438,0.000138283,0,0,0,0,0,0,0,0,0.00429687,-0.00952148,-0.00038147,-0,0,0,1.79772,1.10056,3.08073,2.44141e-05,2.68555e-05,0.00023365,-0.013938,0.017564,-0.0194424,0.736481,-0.150012,0.120113,-0.725992,0.194533,0.000341797,-0.00249023,-0.000858307,0,0,0,0,0,0,0,0,0,0,0,0,0.0564173,-0.0471304,0.0182693,0,0.131781,0,0,0,0,0,0,0,0,0,0,0,0,0,0,0,0,0,0,0,0,0,0,0
4.01046,0,0,0,2.63483,1.08598,3.06213,9.76563e-06,0.00012207,-1.43051e-05,0,0,0,0,0,0,0,0,-0.00292969,0.00791016,-0.00305176,-0,0,0,1.79773,1.10055,3.08072,1.70898e-05,-0.000161133,-0.000166893,-0.0148928,0.0167478,-0.0199788,0.7366,-0.150709,0.122736,-0.726067,0.195242,-0.000146484,-0.00375977,-0.00801086,0,0,0,0,0,0,0,0,0,0,0,0,0.0570915,-0.0474566,0.0182258,0,0.132693,0,0,0,0,0,0,0,0,0,0,0,0,0,0,0,0,0,0,0,0,0,0,0
4.07293,0,0,0,2.63482,1.08598,3.06216,-0.000185547,6.34766e-05,0.000510216,0,0,0,0,0,0,0,0,-0.00390625,-0.00117188,0.0104904,-0,0,0,1.79772,1.10055,3.0807,-8.78906e-05,-1.2207e-05,-0.000348091,-0.0128461,0.016978,-0.0193396,0.73597,-0.151562,0.125155,-0.725382,0.196068,-0.00209961,0.00297852,-0.00362396,0,0,0,0,0,0,0,0,0,0,0,0,0.0572655,-0.0476089,0.0180953,0,0.133597,0,0,0,0,0,0,0,0,0,0,0,0,0,0,0,0,0,0,0,0,0,0,0
4.07293,0,0,0,2.63482,1.08598,3.06216,-0.000185547,6.34766e-05,0.000510216,0,0,0,0,0,0,0,0,-0.00390625,-0.00117188,0.0104904,-0,0,0,1.79772,1.10055,3.0807,-8.78906e-05,-1.2207e-05,-0.000348091,-0.0100165,0.0143377,-0.0189616,0.735394,-0.151472,0.126926,-0.724813,0.195943,-0.00209961,0.00297852,-0.00362396,0,0,0,0,0,0,0,0,0,0,0,0,0.056961,-0.0474566,0.0181388,0,0.134504,0,0,0,0,0,0,0,0,0,0,0,0,0,0,0,0,0,0,0,0,0,0,0
4.13544,0,0,0,2.63483,1.08595,3.06201,0.000302734,-0.000622559,-0.00296116,0,0,0,0,0,0,0,0,0.00976563,-0.0137207,-0.0694275,-0,0,0,1.79772,1.10055,3.08073,7.08008e-05,-8.05664e-05,0.000505447,-0.0105807,0.0149591,-0.019498,0.735151,-0.151092,0.127592,-0.724599,0.19553,0.00317383,-0.00136719,0.0170708,0,0,0,0,0,0,0,0,0,0,0,0,0.0567,-0.0472609,0.018117,0,0.13541,0,0,0,0,0,0,0,0,0,0,0,0,0,0,0,0,0,0,0,0,0,0,0
4.1979,0,0,0,2.63485,1.08595,3.06194,0.000244141,4.88281e-06,-0.00141144,0,0,0,0,0,0,0,0,-0.00117187,0.0125488,0.0309944,-0,0,0,1.79772,1.10057,3.08071,4.88281e-06,0.000334473,-0.000238419,-0.0106257,0.0158429,-0.0201639,0.734432,-0.15137,0.127785,-0.723862,0.195773,-0.00131836,0.00830078,-0.0148773,0,0,0,0,0,0,0,0,0,0,0,0,0.0565043,-0.0472609,0.0182258,0,0.136321,0,0,0,0,0,0,0,0,0,0,0,0,0,0,0,0,0,0,0,0,0,0,0
4.1979,0,0,0,2.63485,1.08595,3.06194,0.000244141,4.88281e-06,-0.00141144,0,0,0,0,0,0,0,0,-0.00117187,0.0125488,0.0309944,-0,0,0,1.79772,1.10057,3.08071,4.88281e-06,0.000334473,-0.000238419,-0.0109318,0.0146416,-0.0193949,0.733392,-0.151494,0.127788,-0.722816,0.195833,-0.00131836,0.00830078,-0.0148773,0,0,0,0,0,0,0,0,0,0,0,0,0.056352,-0.0470652,0.018204,0,0.137232,0,0,0,0,0,0,0,0,0,0,0,0,0,0,0,0,0,0,0,0,0,0,0
4.26042,0,0,0,2.63484,1.08596,3.062,-5.85938e-05,0.000136719,0.00118732,0,0,0,0,0,0,0,0,-0.00605469,0.00263672,0.0519753,-0,0,0,1.79773,1.10056,3.08071,2.19727e-05,-0.000175781,-0.000238419,-0.0104567,0.0129187,-0.0200607,0.732726,-0.150599,0.127433,-0.722206,0.194899,0.000341797,-0.0102051,-0.0148773,0,0,0,0,0,0,0,0,0,0,0,0,0.0559606,-0.0467172,0.018204,0,0.138142,0,0,0,0,0,0,0,0,0,0,0,0,0,0,0,0,0,0,0,0,0,0,0
4.32294,0,0,0,2.63483,1.08597,3.06201,-0.000185547,0.000166016,0.000228882,0,0,0,0,0,0,0,0,-0.00253906,0.000585937,-0.0191689,-0,0,0,1.79772,1.10055,3.08072,-8.05664e-05,-4.88281e-05,0.000200272,-0.00854548,0.012892,-0.019945,0.732408,-0.150285,0.127433,-0.721909,0.19456,-0.00205078,0.00253906,0.0087738,0,0,0,0,0,0,0,0,0,0,0,0,0.0555908,-0.0463257,0.018291,0,0.139056,0,0,0,0,0,0,0,0,0,0,0,0,0,0,0,0,0,0,0,0,0,0,0
4.38536,0,0,0,2.63482,1.08599,3.06215,-0.000249023,0.000397949,0.00276089,0,0,0,0,0,0,0,0,-0.00126953,0.00463867,0.0506401,-0,0,0,1.79772,1.10056,3.08071,-1.70898e-05,4.63867e-05,-0.000238419,-0.00964009,0.0135197,-0.0178701,0.732551,-0.151462,0.128049,-0.721979,0.195751,0.00126953,0.0019043,-0.0087738,0,0,0,0,0,0,0,0,0,0,0,0,0.0558736,-0.0464779,0.0180953,0,0.139961,0,0,0,0,0,0,0,0,0,0,0,0,0,0,0,0,0,0,0,0,0,0,0
4.44787,0,0,0,2.63483,1.08596,3.06203,0.000229492,-0.000527344,-0.00230789,0,0,0,0,0,0,0,0,0.00957031,-0.0185059,-0.101376,-0,0,0,1.79772,1.10055,3.08073,1.70898e-05,-0.000148926,0.000305176,-0.00838736,0.0141513,-0.018535,0.73357,-0.152012,0.128634,-0.722965,0.196352,0.000683594,-0.00390625,0.0108719,0,0,0,0,0,0,0,0,0,0,0,0,0.0558518,-0.0466302,0.0179213,0,0.140857,0,0,0,0,0,0,0,0,0,0,0,0,0,0,0,0,0,0,0,0,0,0,0
4.51044,0,0,0,2.63482,1.08598,3.06213,-0.000219727,0.000427246,0.00198364,0,0,0,0,0,0,0,0,-0.00898438,0.0190918,0.0858307,-0,0,0,1.79772,1.10056,3.08073,-7.08008e-05,0.000161133,5.72205e-05,-0.00778963,0.0134772,-0.0194619,0.734715,-0.151255,0.128499,-0.724154,0.195664,-0.00175781,0.00620117,-0.00495911,0,0,0,0,0,0,0,0,0,0,0,0,0.0557213,-0.0465214,0.0177908,0,0.141747,0,0,0,0,0,0,0,0,0,0,0,0,0,0,0,0,0,0,0,0,0,0,0
4.51044,0,0,0,2.63482,1.08598,3.06213,-0.000219727,0.000427246,0.00198364,0,0,0,0,0,0,0,0,-0.00898438,0.0190918,0.0858307,-0,0,0,1.79772,1.10056,3.08073,-7.08008e-05,0.000161133,5.72205e-05,-0.00863004,0.0141074,-0.019736,0.735154,-0.150956,0.128018,-0.724611,0.195392,-0.00175781,0.00620117,-0.00495911,0,0,0,0,0,0,0,0,0,0,0,0,0.0556778,-0.0467172,0.0178343,0,0.142639,0,0,0,0,0,0,0,0,0,0,0,0,0,0,0,0,0,0,0,0,0,0,0
4.57306,0,0,0,2.63483,1.08599,3.06211,0.000131836,8.54492e-05,-0.000386238,0,0,0,0,0,0,0,0,0.00703125,-0.00683594,-0.0473976,-0,0,0,1.79773,1.10056,3.08071,0.000224609,5.37109e-05,-0.000352859,-0.00751072,0.0134351,-0.0201408,0.734986,-0.150648,0.127779,-0.724459,0.195087,0.0059082,-0.00214844,-0.0082016,0,0,0,0,0,0,0,0,0,0,0,0,0.0555256,-0.0470869,0.0178343,0,0.14353,0,0,0,0,0,0,0,0,0,0,0,0,0,0,0,0,0,0,0,0,0,0,0
4.63541,0,0,0,2.63483,1.08595,3.06205,1.46484e-05,-0.000668945,-0.00128269,0,0,0,0,0,0,0,0,-0.00234375,-0.0150879,-0.0179291,-0,0,0,1.79772,1.10056,3.08071,-0.000124512,-7.08008e-05,-0.000157356,-0.00769724,0.0138064,-0.0208064,0.73459,-0.149442,0.127803,-0.724135,0.193865,-0.00698242,-0.00249023,0.00391006,0,0,0,0,0,0,0,0,0,0,0,0,0.0557213,-0.0475219,0.0179648,0,0.144428,0,0,0,0,0,0,0,0,0,0,0,0,0,0,0,0,0,0,0,0,0,0,0
4.69793,0,0,0,2.63483,1.08597,3.06212,9.27734e-05,0.000266113,0.00144005,0,0,0,0,0,0,0,0,0.0015625,0.0187012,0.0544548,-0,0,0,1.79773,1.10056,3.08072,6.5918e-05,9.52148e-05,0.000300407,-0.0073646,0.0124816,-0.0191229,0.733654,-0.148414,0.12799,-0.723266,0.19277,0.00380859,0.00332031,0.00915527,0,0,0,0,0,0,0,0,0,0,0,0,0.0556778,-0.0476306,0.0181605,0,0.145337,0,0,0,0,0,0,0,0,0,0,0,0,0,0,0,0,0,0,0,0,0,0,0
4.76039,0,0,0,2.63483,1.08597,3.06215,-2.92969e-05,0.000112305,0.000648499,0,0,0,0,0,0,0,0,-0.00244141,-0.00307617,-0.015831,-0,0,0,1.79772,1.10055,3.08073,-9.0332e-05,-0.00019043,0.000138283,-0.00729386,0.0128571,-0.019005,0.73226,-0.148123,0.128512,-0.721894,0.192391,-0.003125,-0.00571289,-0.00324249,0,0,0,0,0,0,0,0,0,0,0,0,0.0558301,-0.0476959,0.0182258,0,0.146248,0,0,0,0,0,0,0,0,0,0,0,0,0,0,0,0,0,0,0,0,0,0,0
4.76039,0,0,0,2.63483,1.08597,3.06215,-2.92969e-05,0.000112305,0.000648499,0,0,0,0,0,0,0,0,-0.00244141,-0.00307617,-0.015831,-0,0,0,1.79772,1.10055,3.08073,-9.0332e-05,-0.00019043,0.000138283,-0.00618137,0.0125815,-0.0199313,0.731427,-0.148505,0.129503,-0.72104,0.192721,-0.003125,-0.00571289,-0.00324249,0,0,0,0,0,0,0,0,0,0,0,0,0.0558953,-0.0478264,0.018291,0,0.147162,0,0,0,0,0,0,0,0,0,0,0,0,0,0,0,0,0,0,0,0,0,0,0
4.82291,0,0,0,2.63484,1.08596,3.06199,7.8125e-05,-0.000227051,-0.00314236,0,0,0,0,0,0,0,0,0.00214844,-0.00678711,-0.0758171,-0,0,0,1.79772,1.10056,3.08073,-3.90625e-05,0.000231934,1.90735e-05,-0.00624702,0.0107408,-0.0208573,0.731111,-0.14908,0.130553,-0.720689,0.193276,0.00102539,0.00844727,-0.00238419,0,0,0,0,0,0,0,0,0,0,0,0,0.0558301,-0.0475436,0.018465,0,0.148086,0,0,0,0,0,0,0,0,0,0,0,0,0,0,0,0,0,0,0,0,0,0,0
4.88535,0,0,0,2.63482,1.08598,3.06215,-0.000322266,0.000446777,0.00302315,0,0,0,0,0,0,0,0,-0.00800781,0.0134766,0.12331,-0,0,0,1.79772,1.10056,3.08072,1.2207e-05,-0.000144043,-0.00017643,-0.00774847,0.00955428,-0.0195649,0.731312,-0.149337,0.131377,-0.720873,0.19355,0.00102539,-0.00751953,-0.00391006,0,0,0,0,0,0,0,0,0,0,0,0,0.0561998,-0.0471739,0.0183563,0,0.149003,0,0,0,0,0,0,0,0,0,0,0,0,0,0,0,0,0,0,0,0,0,0,0
4.94785,0,0,0,2.63483,1.08597,3.06212,0.000136719,-0.000258789,-0.000500679,0,0,0,0,0,0,0,0,0.00917969,-0.0141113,-0.0704765,-0,0,0,1.79773,1.10056,3.08072,0.000102539,-0.000144043,-1.90735e-05,-0.00455297,0.0105852,-0.0193169,0.731776,-0.149355,0.131401,-0.721334,0.193597,0.00180664,-0.00751953,0.00314713,0,0,0,0,0,0,0,0,0,0,0,0,0.0560041,-0.0469129,0.0180953,0,0.149908,0,0,0,0,0,0,0,0,0,0,0,0,0,0,0,0,0,0,0,0,0,0,0
5.01039,0,0,0,2.63483,1.08598,3.06214,1.95313e-05,0.000131836,0.000290871,0,0,0,0,0,0,0,0,-0.00234375,0.0078125,0.015831,-0,0,0,1.79772,1.10056,3.08073,-2.19727e-05,2.92969e-05,0.000314713,-0.00475254,0.0114866,-0.019199,0.00115781,0.00133992,9.81194,-0.00123717,-0.00126702,-0.00249023,0.0034668,0.00667572,0,0,0,0,0,0,0,0,0,0,0,0,0.000674224,0.000978712,0.000478481,0,3.08076,0,0,0,0,0,0,0,0,0,0,0,0,0,0,0,0,0,0,0,0,0,0,0
5.07285,0,0,0,2.63482,1.08598,3.06214,-9.76563e-05,0.00010498,0.000123978,0,0,0,0,0,0,0,0,-0.00234375,-0.000537109,-0.00333786,-0,0,0,1.79773,1.10056,3.08072,2.19727e-05,0.000134277,-0.000362396,-0.00495371,0.0105656,-0.0199935,0.00257168,0.00604916,9.80991,-0.00293494,-0.00588149,0.000878906,0.00209961,-0.0135422,0,0,0,0,0,0,0,0,0,0,0,0,0.000152244,0.000326237,-0.000304488,0,3.08074,0,0,0,0,0,0,0,0,0,0,0,0,0,0,0,0,0,0,0,0,0,0,0
5.07285,0,0,0,2.63482,1.08598,3.06214,-9.76563e-05,0.00010498,0.000123978,0,0,0,0,0,0,0,0,-0.00234375,-0.000537109,-0.00333786,-0,0,0,1.79773,1.10056,3.08072,2.19727e-05,0.000134277,-0.000362396,-0.00633055,0.0100382,-0.0193526,0.00324748,0.00226594,9.81262,-0.00337932,-0.00206417,0.000878906,0.00209961,-0.0135422,0,0,0,0,0,0,0,0,0,0,0,0,-0.00154419,6.52474e-05,0.000347986,0,3.08076,0,0,0,0,0,0,0,0,0,0,0,0,0,0,0,0,0,0,0,0,0,0,0
5.07285,0,0,0,2.63482,1.08598,3.06214,-9.76563e-05,0.00010498,0.000123978,0,0,0,0,0,0,0,0,-0.00234375,-0.000537109,-0.00333786,-0,0,0,1.79773,1.10056,3.08072,2.19727e-05,0.000134277,-0.000362396,-0.00444712,0.00938003,-0.0197553,0.0005497,0.000230361,9.81226,-0.000562697,-0.000196491,0.000878906,0.00209961,-0.0135422,0,0,0,0,0,0,0,0,0,0,0,0,2.17491e-05,-0.000326237,-4.34983e-05,0,3.08076,0,0,0,0,0,0,0,0,0,0,0,0,0,0,0,0,0,0,0,0,0,0,0
5.13538,0,0,0,2.63483,1.08598,3.06217,9.76563e-05,-0.000100098,0.000543594,0,0,0,0,0,0,0,0,0.00390625,-0.00410156,0.00839233,-0,0,0,1.79773,1.10056,3.08071,2.44141e-06,-0.00015625,-0.000171661,-0.00413255,0.00846195,-0.0192445,-0.00482739,-0.00140037,9.8104,0.00490365,0.00110404,-0.000390625,-0.00581055,0.0038147,0,0,0,0,0,0,0,0,0,0,0,0,2.17491e-05,-0.000978712,0.000478481,0,3.08078,0,0,0,0,0,0,0,0,0,0,0,0,0,0,0,0,0,0,0,0,0,0,0
5.19789,0,0,0,2.63483,1.08597,3.06205,2.44141e-05,-0.000180664,-0.00234127,0,0,0,0,0,0,0,0,-0.00146484,-0.00161133,-0.0576973,-0,0,0,1.79772,1.10055,3.08072,-8.30078e-05,-6.34766e-05,0.000271797,-0.00473444,0.00780576,-0.0203005,-0.0062936,-0.00245409,9.81256,0.00643124,0.00206668,-0.00170898,0.00185547,0.00886917,0,0,0,0,0,0,0,0,0,0,0,0,-0.000891715,-0.0013702,-0.000565478,0,3.08075,0,0,0,0,0,0,0,0,0,0,0,0,0,0,0,0,0,0,0,0,0,0,0
5.26032,0,0,0,2.63483,1.08598,3.06211,-4.39453e-05,0.000144043,0.00123024,0,0,0,0,0,0,0,0,-0.00136719,0.00649414,0.0714302,-0,0,0,1.79773,1.10056,3.08071,7.08008e-05,0.000107422,-0.000252724,-0.00324959,0.00871708,-0.0201819,-0.00274047,0.000105527,9.81078,0.00272897,-0.00027208,0.00307617,0.00341797,-0.0104904,0,0,0,0,0,0,0,0,0,0,0,0,0.000282739,-0.000195742,-0.000434983,0,3.08073,0,0,0,0,0,0,0,0,0,0,0,0,0,0,0,0,0,0,0,0,0,0,0
5.26032,0,0,0,2.63483,1.08598,3.06211,-4.39453e-05,0.000144043,0.00123024,0,0,0,0,0,0,0,0,-0.00136719,0.00649414,0.0714302,-0,0,0,1.79773,1.10056,3.08071,7.08008e-05,0.000107422,-0.000252724,-0.00241789,0.00858574,-0.0182366,0.00172,0.00291689,9.80848,-0.0018943,-0.00280682,0.00307617,0.00341797,-0.0104904,0,0,0,0,0,0,0,0,0,0,0,0,0.000804719,-6.52474e-05,0.00152244,0,3.08081,0,0,0,0,0,0,0,0,0,0,0,0,0,0,0,0,0,0,0,0,0,0,0
5.26032,0,0,0,2.63483,1.08598,3.06211,-4.39453e-05,0.000144043,0.00123024,0,0,0,0,0,0,0,0,-0.00136719,0.00649414,0.0714302,-0,0,0,1.79773,1.10056,3.08071,7.08008e-05,0.000107422,-0.000252724,-0.00354554,0.00858669,-0.0191614,0.00163649,0.00475755,9.81212,-0.00192294,-0.00464916,0.00307617,0.00341797,-0.0104904,0,0,0,0,0,0,0,0,0,0,0,0,-0.000630725,0.000195742,0.000608976,0,3.08084,0,0,0,0,0,0,0,0,0,0,0,0,0,0,0,0,0,0,0,0,0,0,0
5.32283,0,0,0,2.63484,1.08595,3.06201,0.000146484,-0.000544434,-0.00216484,0,0,0,0,0,0,0,0,0.00380859,-0.0137695,-0.0679016,-0,0,0,1.79771,1.10055,3.08071,-0.00020752,-9.27734e-05,0.000100136,-0.00284649,0.00754635,-0.020478,-0.00263623,0.00146926,9.81409,0.00254195,-0.00162693,-0.00556641,-0.00400391,0.00705719,0,0,0,0,0,0,0,0,0,0,0,0,-0.000239241,-0.000587227,-0.000695973,0,3.0808,0,0,0,0,0,0,0,0,0,0,0,0,0,0,0,0,0,0,0,0,0,0,0
5.38536,0,0,0,2.63483,1.08599,3.06212,-0.000102539,0.000727539,0.00236988,0,0,0,0,0,0,0,0,-0.00498047,0.0254395,0.0906944,-0,0,0,1.79772,1.10056,3.08074,0.00019043,0.000134277,0.000495911,-0.000195339,0.00728805,-0.020098,-0.0038495,-0.00182786,9.81259,0.00395354,0.00159036,0.00795898,0.00454102,0.0079155,0,0,0,0,0,0,0,0,0,0,0,0,0.00210967,-0.000587227,-0.000304488,0,3.08079,0,0,0,0,0,0,0,0,0,0,0,0,0,0,0,0,0,0,0,0,0,0,0
5.44774,0,0,0,2.63483,1.08599,3.06215,-2.44141e-05,4.39453e-05,0.000605583,0,0,0,0,0,0,0,0,0.0015625,-0.0136719,-0.0352859,-0,0,0,1.79772,1.10056,3.08073,-0.000100098,-6.83594e-05,-6.19888e-05,-0.00315599,0.00742392,-0.0198486,-0.000485847,0.000139291,9.81172,0.000476476,-0.000168582,-0.00581055,-0.00405273,-0.011158,0,0,0,0,0,0,0,0,0,0,0,0,-0.0011527,-0.000195742,-4.34983e-05,0,3.08079,0,0,0,0,0,0,0,0,0,0,0,0,0,0,0,0,0,0,0,0,0,0,0
5.51034,0,0,0,2.63483,1.08598,3.06206,-4.88281e-05,-8.78906e-05,-0.00192642,0,0,0,0,0,0,0,0,-0.000488281,-0.00263672,-0.0506401,-0,0,0,1.79773,1.10057,3.08072,0.000144043,0.000175781,-0.000267029,-0.000376938,0.00873443,-0.0193381,0.00182677,0.000529616,9.81093,-0.00185561,-0.000417506,0.00488281,0.00488281,-0.0041008,0,0,0,0,0,0,0,0,0,0,0,0,0.0013267,0.0013702,0.000478481,0,3.08081,0,0,0,0,0,0,0,0,0,0,0,0,0,0,0,0,0,0,0,0,0,0,0
5.57281,0,0,0,2.63482,1.08598,3.06214,-0.000166016,-2.92969e-05,0.00157833,0,0,0,0,0,0,0,0,-0.00234375,0.00117187,0.0700951,-0,0,0,1.79772,1.10056,3.08071,-6.83594e-05,-0.00017334,-0.000267029,-7.76648e-05,0.00743744,-0.0200022,0.00247726,0.00212119,9.8116,-0.00260174,-0.00196653,-0.00424805,-0.00698242,-0.0041008,0,0,0,0,0,0,0,0,0,0,0,0,0.0013267,0.000326237,-0.000173993,0,3.0808,0,0,0,0,0,0,0,0,0,0,0,0,0,0,0,0,0,0,0,0,0,0,0
5.6353,0,0,0,2.63483,1.08597,3.0621,0.000185547,-0.000327148,-0.000720024,0,0,0,0,0,0,0,0,0.00703125,-0.00595703,-0.0459671,-0,0,0,1.79772,1.10056,3.08073,-3.66211e-05,1.95312e-05,0.000452995,-0.00043116,0.00797244,-0.0194908,0.00190511,0.0039833,9.81384,-0.00214386,-0.00386005,0.000634766,0.00385742,0.0144005,0,0,0,0,0,0,0,0,0,0,0,0,0.000674224,0.00110921,0.000347986,0,3.08082,0,0,0,0,0,0,0,0,0,0,0,0,0,0,0,0,0,0,0,0,0,0,0
5.69786,0,0,0,2.63484,1.08595,3.06211,0.000224609,-0.000249023,0.000238419,0,0,0,0,0,0,0,0,0.00078125,0.0015625,0.0191689,-0,0,0,1.79772,1.10055,3.08073,-4.15039e-05,-0.000102539,-8.10623e-05,-0.00183385,0.00641734,-0.0206762,0.000916643,0.000728922,9.8139,-0.000959285,-0.000671814,-9.76563e-05,-0.00244141,-0.0106812,0,0,0,0,0,0,0,0,0,0,0,0,-0.00102221,-0.000195742,-0.000826468,0,3.08078,0,0,0,0,0,0,0,0,0,0,0,0,0,0,0,0,0,0,0,0,0,0,0
5.69786,0,0,0,2.63484,1.08595,3.06211,0.000224609,-0.000249023,0.000238419,0,0,0,0,0,0,0,0,0.00078125,0.0015625,0.0191689,-0,0,0,1.79772,1.10055,3.08073,-4.15039e-05,-0.000102539,-8.10623e-05,0.00172135,0.00877903,-0.0192518,0.00189167,5.86911e-05,9.81299,-0.00189173,5.64842e-05,-9.76563e-05,-0.00244141,-0.0106812,0,0,0,0,0,0,0,0,0,0,0,0,0.00224016,0.00241416,0.000608976,0,3.08081,0,0,0,0,0,0,0,0,0,0,0,0,0,0,0,0,0,0,0,0,0,0,0
5.82282,0,0,0,2.63482,1.08597,3.06211,-0.000288086,0.000368652,-7.15256e-05,0,0,0,0,0,0,0,0,-0.0102539,0.0123535,-0.00619888,-0,0,0,1.79772,1.10054,3.08076,-3.90625e-05,-0.000227051,0.000715256,-7.54198e-05,0.00579289,-0.0197842,0.000307546,0.00166928,9.81333,-0.000408457,-0.0016475,4.88281e-05,-0.00249023,0.0159264,0,0,0,0,0,0,0,0,0,0,0,0,0.000152244,-0.000326237,8.69966e-05,0,3.08081,0,0,0,0,0,0,0,0,0,0,0,0,0,0,0,0,0,0,0,0,0,0,0
5.76028,0,0,0,2.63482,1.08598,3.06212,-8.30078e-05,0.000200195,0.000252724,0,0,0,0,0,0,0,0,0.00410156,-0.00336914,0.00648499,-0,0,0,1.79771,1.10056,3.08073,-8.05664e-05,0.000339355,-0.000667572,0.000604464,0.00528706,-0.0208391,-0.00266568,0.00090742,9.81331,0.00260555,-0.00106788,-0.000830078,0.0113281,-0.0276566,0,0,0,0,0,0,0,0,0,0,0,0,0.000543729,-0.000587227,-0.000956963,0,3.08076,0,0,0,0,0,0,0,0,0,0,0,0,0,0,0,0,0,0,0,0,0,0,0
5.88536,0,0,0,2.63482,1.08597,3.06215,8.30078e-05,-0.000163574,0.000491142,0,0,0,0,0,0,0,0,0.00332031,-0.00727539,0.00476837,-0,0,0,1.79772,1.10055,3.08072,0.000153809,-0.000141602,-0.000243187,-0.00211227,0.00608848,-0.0204576,-0.00327075,0.00150794,9.81326,0.00317295,-0.00170413,0.0046875,-0.00961914,0.0084877,0,0,0,0,0,0,0,0,0,0,0,0,-0.00245765,0.000456732,-0.000565478,0,3.08074,0,0,0,0,0,0,0,0,0,0,0,0,0,0,0,0,0,0,0,0,0,0,0
5.948,0,0,0,2.63483,1.08599,3.06215,2.44141e-05,0.000236816,3.33786e-05,0,0,0,0,0,0,0,0,-0.00117187,0.00800781,-0.00915527,-0,0,0,1.79772,1.10056,3.08071,-3.66211e-05,0.000187988,-4.76837e-05,0.000912727,0.00571692,-0.0208601,-0.00293599,0.00234014,9.81431,0.00278818,-0.00251443,-0.00380859,0.0065918,0.00391006,0,0,0,0,0,0,0,0,0,0,0,0,0.000282739,0.000326237,-0.000956963,0,3.08069,0,0,0,0,0,0,0,0,0,0,0,0,0,0,0,0,0,0,0,0,0,0,0
6.01033,0,0,0,2.63482,1.08598,3.06213,-7.32422e-05,-7.8125e-05,-0.000343323,0,0,0,0,0,0,0,0,-0.00195313,-0.00629883,-0.00753403,-0,0,0,1.79772,1.10055,3.08072,-7.8125e-05,-0.000219727,4.76837e-05,-0.000112102,0.00625808,-0.0203487,-0.00283218,-0.000744203,9.81941,0.00287221,0.00057052,-0.000830078,-0.0081543,0.00190735,0,0,0,0,0,0,0,0,0,0,0,0,-0.00102221,0.00110921,-0.000434983,0,3.08067,0,0,0,0,0,0,0,0,0,0,0,0,0,0,0,0,0,0,0,0,0,0,0
6.07287,0,0,0,2.63483,1.08599,3.06213,6.34766e-05,0.000170898,6.19888e-05,0,0,0,0,0,0,0,0,0.00273438,0.00498047,0.00810623,-0,0,0,1.79772,1.10056,3.08073,9.52148e-05,0.000258789,0.000333786,3.67213e-05,0.00758382,-0.0206202,-0.00394184,-0.00123773,9.82291,0.00400982,0.000995689,0.0034668,0.00957031,0.00572205,0,0,0,0,0,0,0,0,0,0,0,0,-0.0011527,0.00267515,-0.000695973,0,3.08063,0,0,0,0,0,0,0,0,0,0,0,0,0,0,0,0,0,0,0,0,0,0,0
6.1353,0,0,0,2.63481,1.08599,3.06221,-0.000219727,-4.88281e-05,0.00162601,0,0,0,0,0,0,0,0,-0.00566406,-0.00439453,0.0312805,-0,0,0,1.79772,1.10055,3.08072,-9.76563e-06,-0.000222168,-0.00023365,0.00292336,0.00564766,-0.0205003,-0.000627599,0.00420186,9.81397,0.000370825,-0.00423225,-0.00209961,-0.00961914,-0.0113487,0,0,0,0,0,0,0,0,0,0,0,0,0.00145719,0.000978712,-0.000565478,0,3.0806,0,0,0,0,0,0,0,0,0,0,0,0,0,0,0,0,0,0,0,0,0,0,0
6.19781,0,0,0,2.63483,1.08598,3.06216,0.000361328,-0.000239258,-0.0011158,0,0,0,0,0,0,0,0,0.0116211,-0.00380859,-0.0548363,-0,0,0,1.79772,1.10057,3.08072,1.2207e-05,0.000314941,5.24521e-05,0.000459994,0.00489267,-0.02051,0.00201799,0.00235745,9.8074,-0.00215765,-0.00223033,0.000439453,0.0107422,0.00572205,0,0,0,0,0,0,0,0,0,0,0,0,-0.0012832,0.000456732,-0.000565478,0,3.08058,0,0,0,0,0,0,0,0,0,0,0,0,0,0,0,0,0,0,0,0,0,0,0
6.26031,0,0,0,2.63482,1.08599,3.06217,-0.000170898,0.000212402,0.00020504,0,0,0,0,0,0,0,0,-0.0106445,0.0090332,0.0264168,-0,0,0,1.79773,1.10056,3.0807,0.000102539,-0.000249023,-0.000524521,0.00112632,0.00322329,-0.0193459,-0.00293493,-0.0048892,9.81367,0.00322703,0.00470153,0.00180664,-0.0112793,-0.0115395,0,0,0,0,0,0,0,0,0,0,0,0,-0.000891715,-0.000978712,0.000608976,0,3.08061,0,0,0,0,0,0,0,0,0,0,0,0,0,0,0,0,0,0,0,0,0,0,0
6.32277,0,0,0,2.63483,1.08598,3.06213,0.000151367,-6.83594e-05,-0.000729561,0,0,0,0,0,0,0,0,0.00644531,-0.00561523,-0.018692,-0,0,0,1.79772,1.10056,3.08072,-7.08008e-05,0.000100098,0.000343323,0.0027024,0.00403274,-0.0213139,-0.00672089,-0.00352052,9.8169,0.00692263,0.00310511,-0.0034668,0.00698242,0.0173569,0,0,0,0,0,0,0,0,0,0,0,0,0.000413234,6.52474e-05,-0.00134845,0,3.08054,0,0,0,0,0,0,0,0,0,0,0,0,0,0,0,0,0,0,0,0,0,0,0
6.38516,0,0,0,2.63485,1.08595,3.06205,0.000302734,-0.000622559,-0.00175476,0,0,0,0,0,0,0,0,0.00302734,-0.011084,-0.020504,-0,0,0,1.79772,1.10056,3.08071,-6.5918e-05,-9.0332e-05,-5.24521e-05,0.00166587,0.00432371,-0.0211935,-0.00534499,0.00105486,9.81793,0.00527091,-0.0013781,9.76563e-05,-0.00380859,-0.0079155,0,0,0,0,0,0,0,0,0,0,0,0,-0.000891715,0.000587227,-0.00121795,0,3.08048,0,0,0,0,0,0,0,0,0,0,0,0,0,0,0,0,0,0,0,0,0,0,0
6.44777,0,0,0,2.63483,1.08597,3.06212,-0.000307617,0.000395508,0.0015974,0,0,0,0,0,0,0,0,-0.012207,0.0203613,0.0670433,-0,0,0,1.79772,1.10054,3.08071,5.12695e-05,-0.000227051,-1.90735e-05,0.00323648,0.0038335,-0.0206808,-0.0024156,0.00169689,9.82124,0.00230788,-0.00184072,0.00234375,-0.00273438,0.000667572,0,0,0,0,0,0,0,0,0,0,0,0,0.000413234,0.000326237,-0.000695973,0,3.08044,0,0,0,0,0,0,0,0,0,0,0,0,0,0,0,0,0,0,0,0,0,0,0
6.51029,0,0,0,2.63483,1.08596,3.06201,-9.76563e-05,-0.000134277,-0.00237942,0,0,0,0,0,0,0,0,0.00419922,-0.0105957,-0.0795364,-0,0,0,1.79772,1.10055,3.0807,-2.44141e-05,0.000200195,-0.000181198,0.00128402,0.00399826,-0.0205597,-0.00107332,0.00249022,9.81703,0.0009198,-0.00255092,-0.00151367,0.00854492,-0.00324249,0,0,0,0,0,0,0,0,0,0,0,0,-0.00180518,0.000717722,-0.000565478,0,3.08041,0,0,0,0,0,0,0,0,0,0,0,0,0,0,0,0,0,0,0,0,0,0,0
6.57284,0,0,0,2.63483,1.08596,3.06203,0.000107422,-5.37109e-05,0.000405312,0,0,0,0,0,0,0,0,0.00410156,0.00161133,0.0556946,-0,0,0,1.79772,1.10056,3.0807,7.08008e-05,1.95312e-05,-4.76837e-06,0.00520085,0.00403358,-0.0191335,-0.00210204,0.00238006,9.81611,0.00195332,-0.00250357,0.0019043,-0.00361328,0.00352859,0,0,0,0,0,0,0,0,0,0,0,0,0.00184868,0.000978712,0.000869966,0,3.08046,0,0,0,0,0,0,0,0,0,0,0,0,0,0,0,0,0,0,0,0,0,0,0
6.63523,0,0,0,2.63484,1.08597,3.06213,7.8125e-05,0.000163574,0.0021553,0,0,0,0,0,0,0,0,-0.000585938,0.0043457,0.0349998,-0,0,0,1.79772,1.10056,3.0807,-9.76563e-05,7.56836e-05,1.43051e-05,0.00232928,0.00485278,-0.0195347,-0.00338457,0.00189321,9.8235,0.00326309,-0.00209565,-0.00336914,0.00112305,0.00038147,0,0,0,0,0,0,0,0,0,0,0,0,-0.0012832,0.00202267,0.000478481,0,3.08048,0,0,0,0,0,0,0,0,0,0,0,0,0,0,0,0,0,0,0,0,0,0,0
6.63523,0,0,0,2.63484,1.08597,3.06213,7.8125e-05,0.000163574,0.0021553,0,0,0,0,0,0,0,0,-0.000585938,0.0043457,0.0349998,-0,0,0,1.79772,1.10056,3.0807,-9.76563e-05,7.56836e-05,1.43051e-05,0.00310929,0.00358443,-0.019414,-0.00162973,0.00454267,9.82172,0.00135028,-0.00463343,-0.00336914,0.00112305,0.00038147,0,0,0,0,0,0,0,0,0,0,0,0,-0.00076122,0.000978712,0.000608976,0,3.08051,0,0,0,0,0,0,0,0,0,0,0,0,0,0,0,0,0,0,0,0,0,0,0
6.69774,0,0,0,2.63482,1.08597,3.06214,-0.000224609,6.5918e-05,4.76837e-05,0,0,0,0,0,0,0,0,-0.00605469,-0.00195312,-0.0421524,-0,0,0,1.79772,1.10055,3.08071,1.46484e-05,-0.000231934,0.000157356,0.00480219,0.00284191,-0.0212504,0.000694775,0.00567843,9.81765,-0.00103898,-0.00562564,0.00224609,-0.00615234,0.00286102,0,0,0,0,0,0,0,0,0,0,0,0,0.000674224,0.000456732,-0.00121795,0,3.08045,0,0,0,0,0,0,0,0,0,0,0,0,0,0,0,0,0,0,0,0,0,0,0
6.76028,0,0,0,2.63481,1.08599,3.06217,-0.000195312,0.000390625,0.00058651,0,0,0,0,0,0,0,0,0.000585938,0.00649414,0.0107765,-0,0,0,1.79772,1.10056,3.08073,-1.95312e-05,0.000222168,0.000371933,0.00336081,0.00275366,-0.020607,0.00197203,0.00382089,9.82129,-0.00220079,-0.00369386,-0.000683594,0.00908203,0.00429153,0,0,0,0,0,0,0,0,0,0,0,0,-0.00102221,0.000587227,-0.000565478,0,3.08042,0,0,0,0,0,0,0,0,0,0,0,0,0,0,0,0,0,0,0,0,0,0,0
6.82273,0,0,0,2.63482,1.08599,3.06214,0.000136719,-4.88281e-05,-0.000529289,0,0,0,0,0,0,0,0,0.00664062,-0.00878906,-0.022316,-0,0,0,1.79772,1.10056,3.08072,5.12695e-05,1.70898e-05,-0.000128746,0.00478718,0.00305589,-0.0204857,-0.000355872,0.000820081,9.82111,0.000305326,-0.00084021,0.00141602,-0.00410156,-0.0100136,0,0,0,0,0,0,0,0,0,0,0,0,0.000152244,0.00110921,-0.000434983,0,3.0804,0,0,0,0,0,0,0,0,0,0,0,0,0,0,0,0,0,0,0,0,0,0,0
6.88517,0,0,0,2.63483,1.08597,3.06216,0.000175781,-0.000402832,0.000491142,0,0,0,0,0,0,0,0,0.00078125,-0.00708008,0.0204086,-0,0,0,1.79772,1.10056,3.08072,-2.44141e-05,-5.61523e-05,-0.000157356,0.0036013,0.00297019,-0.0208856,-0.00566078,-0.00184253,9.81505,0.00576239,0.00149471,-0.00151367,-0.00146484,-0.000572205,0,0,0,0,0,0,0,0,0,0,0,0,-0.0012832,0.0012397,-0.000826468,0,3.08036,0,0,0,0,0,0,0,0,0,0,0,0,0,0,0,0,0,0,0,0,0,0,0
6.88517,0,0,0,2.63483,1.08597,3.06216,0.000175781,-0.000402832,0.000491142,0,0,0,0,0,0,0,0,0.00078125,-0.00708008,0.0204086,-0,0,0,1.79772,1.10056,3.08072,-2.44141e-05,-5.61523e-05,-0.000157356,0.00658814,0.000667155,-0.0191985,-0.00561212,-0.00150304,9.81122,0.00569317,0.00115882,-0.00151367,-0.00146484,-0.000572205,0,0,0,0,0,0,0,0,0,0,0,0,0.00145719,-0.000848217,0.000869966,0,3.0804,0,0,0,0,0,0,0,0,0,0,0,0,0,0,0,0,0,0,0,0,0,0,0
6.94776,0,0,0,2.63484,1.08597,3.06211,0.00012207,1.46484e-05,-0.000987053,0,0,0,0,0,0,0,0,-0.00107422,0.00834961,-0.0295639,-0,0,0,1.79772,1.10056,3.08072,2.19727e-05,3.90625e-05,0.000157356,0.00683243,0.000585391,-0.0205123,-0.00470194,0.000882874,9.81261,0.00463953,-0.00116727,0.000927734,0.0019043,0.00629425,0,0,0,0,0,0,0,0,0,0,0,0,0.00145719,-0.000717722,-0.000434983,0,3.08038,0,0,0,0,0,0,0,0,0,0,0,0,0,0,0,0,0,0,0,0,0,0,0
7.01022,0,0,0,2.63482,1.08598,3.06215,-0.000395508,0.000124512,0.000619888,0,0,0,0,0,0,0,0,-0.0103516,0.00219727,0.0321388,-0,0,0,1.79771,1.10054,3.08073,-0.000112305,-0.000283203,0.000190735,0.00511605,0.00363708,-0.0223473,-0.00365806,0.00205223,9.81537,0.00352647,-0.00227092,-0.00268555,-0.00644531,0.000667572,0,0,0,0,0,0,0,0,0,0,0,0,-0.00050023,0.00254465,-0.00226191,0,3.08027,0,0,0,0,0,0,0,0,0,0,0,0,0,0,0,0,0,0,0,0,0,0,0
7.07276,0,0,0,2.63482,1.08598,3.06218,7.8125e-05,0.000124512,0.000638962,0,0,0,0,0,0,0,0,0.00947266,0.00219727,0.00038147,-0,0,0,1.79772,1.10055,3.08072,6.83594e-05,0.000136719,-0.000281334,0.00353027,0.00121057,-0.0201375,4.39439e-05,-0.000286215,9.81478,-2.64503e-05,0.000288359,0.00361328,0.00839844,-0.00944138,0,0,0,0,0,0,0,0,0,0,0,0,-0.00232716,0.000326237,-4.34983e-05,0,3.08027,0,0,0,0,0,0,0,0,0,0,0,0,0,0,0,0,0,0,0,0,0,0,0
7.13519,0,0,0,2.63485,1.08595,3.06206,0.000507812,-0.000480957,-0.0023365,0,0,0,0,0,0,0,0,0.00859375,-0.0121094,-0.0595093,-0,0,0,1.79772,1.10055,3.08073,2.44141e-05,-6.34766e-05,0.000314713,0.00625077,0.00204807,-0.0196242,-0.00259035,-0.000486845,9.81431,0.00261517,0.000328397,-0.000878906,-0.00400391,0.0119209,0,0,0,0,0,0,0,0,0,0,0,0,0.000152244,0.0013702,0.000478481,0,3.08029,0,0,0,0,0,0,0,0,0,0,0,0,0,0,0,0,0,0,0,0,0,0,0
7.13519,0,0,0,2.63485,1.08595,3.06206,0.000507812,-0.000480957,-0.0023365,0,0,0,0,0,0,0,0,0.00859375,-0.0121094,-0.0595093,-0,0,0,1.79772,1.10055,3.08073,2.44141e-05,-6.34766e-05,0.000314713,0.00739948,0.000928813,-0.0208065,-0.00620683,0.00307105,9.81669,0.00600856,-0.00344287,-0.000878906,-0.00400391,0.0119209,0,0,0,0,0,0,0,0,0,0,0,0,0.00106571,0.000456732,-0.000695973,0,3.08026,0,0,0,0,0,0,0,0,0,0,0,0,0,0,0,0,0,0,0,0,0,0,0
7.19775,0,0,0,2.63483,1.08598,3.06216,-0.000390625,0.000546875,0.00197411,0,0,0,0,0,0,0,0,-0.0179687,0.0205566,0.0862122,-0,0,0,1.79772,1.10055,3.08073,2.92969e-05,9.76562e-05,-8.58307e-05,0.00606624,0.00294411,-0.0201623,-0.00101983,0.00520993,9.81993,0.000701051,-0.00526231,9.76563e-05,0.00322266,-0.00801086,0,0,0,0,0,0,0,0,0,0,0,0,-0.00050023,0.00267515,-4.34983e-05,0,3.08025,0,0,0,0,0,0,0,0,0,0,0,0,0,0,0,0,0,0,0,0,0,0,0
7.26046,0,0,0,2.63482,1.086,3.0621,-0.000146484,0.000319824,-0.00114441,0,0,0,0,0,0,0,0,0.00488281,-0.00454102,-0.0623703,-0,0,0,1.79773,1.10057,3.0807,9.0332e-05,0.000239258,-0.000529289,0.00603677,0.00104571,-0.0209528,0.00556328,0.00442412,9.82145,-0.00582218,-0.00407739,0.0012207,0.00283203,-0.00886917,0,0,0,0,0,0,0,0,0,0,0,0,-0.00076122,0.000978712,-0.000826468,0,3.08021,0,0,0,0,0,0,0,0,0,0,0,0,0,0,0,0,0,0,0,0,0,0,0
7.32282,0,0,0,2.63483,1.08598,3.06214,0.000175781,-0.000427246,0.000782013,0,0,0,0,0,0,0,0,0.00644531,-0.0149414,0.0385284,-0,0,0,1.79772,1.10055,3.08071,-3.66211e-05,-0.000258789,0.000119209,0.00587754,0.000324365,-0.0204381,0.0036211,0.00142658,9.81704,-0.0037012,-0.00120361,-0.00253906,-0.00996094,0.01297,0,0,0,0,0,0,0,0,0,0,0,0,-0.0011527,0.000456732,-0.000304488,0,3.0802,0,0,0,0,0,0,0,0,0,0,0,0,0,0,0,0,0,0,0,0,0,0,0
7.38525,0,0,0,2.63483,1.08599,3.06216,9.76562e-06,0.000195312,0.000314713,0,0,0,0,0,0,0,0,-0.00332031,0.0124512,-0.00934601,-0,0,0,1.79772,1.10056,3.08073,-4.88281e-05,0.000209961,0.000424385,0.00923741,0.000909175,-0.0200538,-0.000840433,0.000684544,9.81379,0.00079724,-0.000734395,-0.000244141,0.009375,0.00610352,0,0,0,0,0,0,0,0,0,0,0,0,0.00197917,0.0012397,8.69966e-05,0,3.0802,0,0,0,0,0,0,0,0,0,0,0,0,0,0,0,0,0,0,0,0,0,0,0
7.38525,0,0,0,2.63483,1.08599,3.06216,9.76562e-06,0.000195312,0.000314713,0,0,0,0,0,0,0,0,-0.00332031,0.0124512,-0.00934601,-0,0,0,1.79772,1.10056,3.08073,-4.88281e-05,0.000209961,0.000424385,0.00880841,0.00188486,-0.020323,0.000545019,-0.000204129,9.8156,-0.000531594,0.000236901,-0.000244141,0.009375,0.00610352,0,0,0,0,0,0,0,0,0,0,0,0,0.0013267,0.00241416,-0.000173993,0,3.08019,0,0,0,0,0,0,0,0,0,0,0,0,0,0,0,0,0,0,0,0,0,0,0
7.4478,0,0,0,2.63483,1.08597,3.06203,0.000126953,-0.000341797,-0.00257492,0,0,0,0,0,0,0,0,0.00234375,-0.0107422,-0.0577927,-0,0,0,1.79772,1.10056,3.08073,-2.68555e-05,-5.61523e-05,-4.76837e-05,0.00550783,0.00129687,-0.0202005,0.000959755,-0.0020059,9.81598,-0.000835967,0.00206056,0.000439453,-0.00532227,-0.00944138,0,0,0,0,0,0,0,0,0,0,0,0,-0.00219666,0.00202267,-4.34983e-05,0,3.08019,0,0,0,0,0,0,0,0,0,0,0,0,0,0,0,0,0,0,0,0,0,0,0
7.51018,0,0,0,2.63482,1.08598,3.06213,-0.000224609,0.00017334,0.00207424,0,0,0,0,0,0,0,0,-0.00703125,0.0103027,0.0929832,-0,0,0,1.79772,1.10056,3.08071,7.56836e-05,-4.88281e-06,-0.000314713,0.0104257,-0.000204719,-0.0202087,-0.00138241,0.00235548,9.81725,0.00123653,-0.00243523,0.00205078,0.00102539,-0.00534058,0,0,0,0,0,0,0,0,0,0,0,0,0.00250115,0.000717722,-4.34983e-05,0,3.08019,0,0,0,0,0,0,0,0,0,0,0,0,0,0,0,0,0,0,0,0,0,0,0
7.57278,0,0,0,2.63483,1.08596,3.06201,9.76562e-05,-0.000368652,-0.00238895,0,0,0,0,0,0,0,0,0.00644531,-0.0108398,-0.0892639,-0,0,0,1.79772,1.10056,3.0807,2.68555e-05,-6.10352e-05,-0.00026226,0.00790186,-0.00183254,-0.0200856,-0.00110282,0.00511981,9.81631,0.00078921,-0.00517744,-0.000976563,-0.00112305,0.00104904,0,0,0,0,0,0,0,0,0,0,0,0,-0.000239241,-0.000717722,8.69966e-05,0,3.08019,0,0,0,0,0,0,0,0,0,0,0,0,0,0,0,0,0,0,0,0,0,0,0
7.63517,0,0,0,2.63484,1.08595,3.06202,0.000336914,-9.76562e-05,0.000171661,0,0,0,0,0,0,0,0,0.00478516,0.00541992,0.0512123,-0,0,0,1.79772,1.10056,3.08071,-8.05664e-05,5.12695e-05,0.000181198,0.00837587,0.000325672,-0.0207447,-0.00227931,0.000688724,9.81223,0.00223318,-0.000826135,-0.00214844,0.00224609,0.00886917,0,0,0,0,0,0,0,0,0,0,0,0,2.17491e-05,0.00163119,-0.000565478,0,3.08016,0,0,0,0,0,0,0,0,0,0,0,0,0,0,0,0,0,0,0,0,0,0,0
7.63517,0,0,0,2.63484,1.08595,3.06202,0.000336914,-9.76562e-05,0.000171661,0,0,0,0,0,0,0,0,0.00478516,0.00541992,0.0512123,-0,0,0,1.79772,1.10056,3.08071,-8.05664e-05,5.12695e-05,0.000181198,0.00754313,-0.000254802,-0.0210125,-0.0058347,0.00038981,9.81257,0.00580018,-0.000744107,-0.00214844,0.00224609,0.00886917,0,0,0,0,0,0,0,0,0,0,0,0,-0.00102221,0.0012397,-0.000826468,0,3.08012,0,0,0,0,0,0,0,0,0,0,0,0,0,0,0,0,0,0,0,0,0,0,0
7.69769,0,0,0,2.63485,1.08596,3.06206,4.88281e-05,0.00010498,0.000767708,0,0,0,0,0,0,0,0,-0.00576172,0.00405273,0.0119209,-0,0,0,1.79772,1.10056,3.08072,-6.10352e-05,-1.2207e-05,0.000195503,0.00853456,0.000210923,-0.0203669,-0.00545748,0.00255304,9.8145,0.00529205,-0.00288032,0.000390625,-0.00126953,0.000286102,0,0,0,0,0,0,0,0,0,0,0,0,-0.000239241,0.00189218,-0.000173993,0,3.08011,0,0,0,0,0,0,0,0,0,0,0,0,0,0,0,0,0,0,0,0,0,0,0
7.76024,0,0,0,2.63483,1.08597,3.0621,-0.000375977,0.000314941,0.000758171,0,0,0,0,0,0,0,0,-0.00849609,0.00419922,-0.000190735,-0,0,0,1.79772,1.10055,3.08072,3.17383e-05,-0.000146484,2.86102e-05,0.00913266,-0.000234003,-0.0214172,-0.00274302,0.00155209,9.81742,0.00264351,-0.00171609,0.00185547,-0.00268555,-0.00333786,0,0,0,0,0,0,0,0,0,0,0,0,0.000152244,0.00163119,-0.00121795,0,3.08005,0,0,0,0,0,0,0,0,0,0,0,0,0,0,0,0,0,0,0,0,0,0,0
7.82274,0,0,0,2.63482,1.08599,3.06217,-0.000166016,0.000380859,0.00135899,0,0,0,0,0,0,0,0,0.00419922,0.00131836,0.0120163,-0,0,0,1.79772,1.10056,3.08071,-4.88281e-05,0.000131836,-0.000290871,0.00725143,-0.00276512,-0.0218154,-0.00245699,0.00311003,9.8206,0.0022632,-0.00325377,-0.00161133,0.00556641,-0.00638962,0,0,0,0,0,0,0,0,0,0,0,0,-0.00193567,-0.000717722,-0.00160944,0,3.07997,0,0,0,0,0,0,0,0,0,0,0,0,0,0,0,0,0,0,0,0,0,0,0
