0,0,0,0,0,0,0,0,0,0,0,0,0,0,0,0,0,0,0,0,0,0,0,0,0,0,0,0,0,0,0,0,0,0,0,0,0,0,0,0,0,0,0,0,0,0,0,0,0,0,0,0,0,0,0,0,0,0,0,0,0,0,0,0,0,0,0,0,0,0,0,0,0,0,0,0,0,0,0,0
0,0,0,0,0,0,0,0,0,0,0,0,0,0,0,0,0,0,0,0,0,0,0,0,0,0,0,0,0,0,-0.0592447,0.0499795,-0.0199657,0.0215122,-0.00721945,9.33796,0.0215122,-0.00721945,0,0,0,0,0,0,0,0,0,0,0,0,0,0,0,0.00987411,-0.00832992,0.00332762,0,0.000166381,0,0,0,0,0,0,0,0,0,0,0,0,0,0,0,0,0,0,0,0,0,0
0,0,0,0,0,0,0,0,0,0,0,0,0,0,0,0,0,0,0,0,0,0,0,0,0,0,0,0,0,0,-0.059216,0.0511743,-0.0198338,0.0864288,-0.0291116,7.9214,0.0864288,-0.0291116,0,0,0,0,0,0,0,0,0,0,0,0,0,0,0,0.0197482,-0.0168556,0.00663349,0,0.000498056,0,0,0,0,0,0,-3.14159,-3.14159,-3.14159,0,0,0,0,0,0,0,0,0,0,0,0,0
0,0,0,0,0,0,0,0,0,0,0,0,0,0,0,0,0,0,0,0,0,0,0,0,0,0,0,0,0,0,-0.0561407,0.0510758,-0.0225727,0.169664,-0.0576568,6.11335,0.169664,-0.0576568,0,0,0,0,0,0,0,0,0,0,0,0,0,0,0,0.0291221,-0.0253595,0.0103961,0,0.00101786,0,0,0,0,0,0,-3.14159,-3.14159,-3.14159,0,0,0,0,0,0,0,0,0,0,0,0,0
0,0,0,0,0,0,0,0,0,0,0,0,0,0,0,0,0,0,0,0,0,0,0,0,0,0,0,0,0,0,-0.0565804,0.0513604,-0.0212649,0.245451,-0.0838308,4.46755,0.245451,-0.0838308,0,0,0,0,0,0,0,0,0,0,0,0,0,0,0,0.038583,-0.0339069,0.0139412,0,0.00171492,0,0,0,0,0,0,-3.14159,-3.14159,-3.14159,0,0,0,0,0,0,0,0,0,0,0,0,0
0,0,0,0,0,0,0,0,0,0,0,0,0,0,0,0,0,0,0,0,0,0,0,0,0,0,0,0,0,0,-0.056368,0.0491643,-0.0193048,0.318184,-0.10822,2.88852,0.318184,-0.10822,0,0,0,0,0,0,0,0,0,0,0,0,0,0,0,0.0480221,-0.0420846,0.0171601,0,0.00257292,0,0,0,0,0,0,-3.14159,-3.14159,-3.14159,0,0,0,0,0,0,0,0,0,0,0,0,0
0,0,0,0,0,0,0,0,0,0,0,0,0,0,0,0,0,0,0,0,0,0,0,0,0,0,0,0,0,0,-0.0568023,0.0499646,-0.0207397,0.392077,-0.133455,1.28098,0.392077,-0.133455,0,0,0,0,0,0,0,0,0,0,0,0,0,0,0,0.0575482,-0.0503928,0.0206182,0,0.00360383,0,0,0,0,0,0,-3.14159,-3.14159,-3.14159,0,0,0,0,0,0,0,0,0,0,0,0,0
0,0,0,0,0,0,0,0,0,0,0,0,0,0,0,0,0,0,0,0,0,0,0,0,0,0,0,0,0,0,-0.0594505,0.0507564,-0.0206076,0.443989,-0.152595,0.134166,0.443989,-0.152595,0,0,0,0,0,0,0,0,0,0,0,0,0,0,0,0.057657,-0.0505015,0.0207269,0,0.00464018,0,0,0,0,0,0,-3.14159,-3.14159,-3.14159,0,0,0,0,0,0,0,0,0,0,0,0,0
0,0,0,0,0,0,0,0,0,0,0,0,0,0,0,0,0,0,0,0,0,0,0,0,0,0,0,0,0,0,-0.0590861,0.0514153,-0.0189098,0.451683,-0.156595,-0.0629991,0.451683,-0.156595,0,0,0,0,0,0,0,0,0,0,0,0,0,0,0,0.0577222,-0.0505233,0.0205747,0,0.00566892,0,0,0,0,0,0,-3.14159,-3.14159,-3.14159,0,0,0,0,0,0,0,0,0,0,0,0,0
0,0,0,0,0,0,0,0,0,0,0,0,0,0,0,0,0,0,0,0,0,0,0,0,0,0,0,0,0,0,-0.0583243,0.0510225,-0.0204735,0.441987,-0.153019,0.1335,0.441987,-0.153019,0,0,0,0,0,0,0,0,0,0,0,0,0,0,0,0.058179,-0.0505015,0.0202267,0,0.00668025,0,0,0,0,0,0,-3.14159,-3.14159,-3.14159,0,0,0,0,0,0,0,0,0,0,0,0,0
0,0,0,0,0,0,0,0,0,0,0,0,0,0,0,0,0,0,0,0,0,0,0,0,0,0,0,0,0,0,-0.0575583,0.0503617,-0.0194282,0.440901,-0.151076,0.167211,0.440901,-0.151076,0,0,0,0,0,0,0,0,0,0,0,0,0,0,0,0.05844,-0.0503275,0.0199222,0,0.00767636,0,0,0,0,0,0,-3.14159,-3.14159,-3.14159,0,0,0,0,0,0,0,0,0,0,0,0,0
0,0,0,0,0,0,0,0,0,0,0,0,0,0,0,0,0,0,0,0,0,0,0,0,0,0,0,0,0,0,-0.0570509,0.0506058,-0.0204715,0.442389,-0.150871,0.133614,0.442389,-0.150871,0,0,0,0,0,0,0,0,0,0,0,0,0,0,0,0.0586575,-0.0505668,0.020118,0,0.00868226,0,0,0,0,0,0,-3.14159,-3.14159,-3.14159,0,0,0,0,0,0,0,0,0,0,0,0,0
0,0,0,0,0,0,0,0,0,0,0,0,0,0,0,0,0,0,0,0,0,0,0,0,0,0,0,0,0,0,-0.0569257,0.0505847,-0.018905,0.442108,-0.150269,0.127888,0.442108,-0.150269,0,0,0,0,0,0,0,0,0,0,0,0,0,0,0,0.0587879,-0.0506755,0.0198135,0,0.00967293,0,0,0,0,0,0,-3.14159,-3.14159,-3.14159,0,0,0,0,0,0,0,0,0,0,0,0,0
0,0,0,0,0,0,0,0,0,0,0,0,0,0,0,0,0,0,0,0,0,0,0,0,0,0,0,0,0,0,-0.0580976,0.0516032,-0.0204708,0.442788,-0.148901,0.133097,0.442788,-0.148901,0,0,0,0,0,0,0,0,0,0,0,0,0,0,0,0.0586792,-0.0508278,0.0197917,0,0.0106625,0,0,0,0,0,0,-3.14159,-3.14159,-3.14159,0,0,0,0,0,0,0,0,0,0,0,0,0
0,0,0,0,0,0,0,0,0,0,0,0,0,0,0,0,0,0,0,0,0,0,0,0,0,0,0,0,0,0,-0.0563953,0.0496141,-0.0195557,0.444064,-0.148449,0.134343,0.444064,-0.148449,0,0,0,0,0,0,0,0,0,0,0,0,0,0,0,0.058353,-0.050545,0.0199005,0,0.0116575,0,0,0,0,0,0,-3.14159,-3.14159,-3.14159,0,0,0,0,0,0,0,0,0,0,0,0,0
0,0,0,0,0,0,0,0,0,0,0,0,0,0,0,0,0,0,0,0,0,0,0,0,0,0,0,0,0,0,-0.0553378,0.0503616,-0.0202068,0.443888,-0.149152,0.135261,0.443888,-0.149152,0,0,0,0,0,0,0,0,0,0,0,0,0,0,0,0.0579832,-0.050458,0.019857,0,0.0126504,0,0,0,0,0,0,-3.14159,-3.14159,-3.14159,0,0,0,0,0,0,0,0,0,0,0,0,0
0,0,0,0,0,0,0,0,0,0,0,0,0,0,0,0,0,0,0,0,0,0,0,0,0,0,0,0,0,0,-0.057537,0.0503203,-0.0202056,0.443582,-0.150486,0.136158,0.443582,-0.150486,0,0,0,0,0,0,0,0,0,0,0,0,0,0,0,0.0581137,-0.0504798,0.0199875,0,0.0136498,0,0,0,0,0,0,-3.14159,-3.14159,-3.14159,0,0,0,0,0,0,0,0,0,0,0,0,0
0,0,0,0,0,0,0,0,0,0,0,0,0,0,0,0,0,0,0,0,0,0,0,0,0,0,0,0,0,0,-0.0556879,0.0502723,-0.0195525,0.444401,-0.151944,0.135855,0.444401,-0.151944,0,0,0,0,0,0,0,0,0,0,0,0,0,0,0,0.0580267,-0.050458,0.0198352,0,0.0146415,0,0,0,0,0,0,-3.14159,-3.14159,-3.14159,0,0,0,0,0,0,0,0,0,0,0,0,0
0,0,0,0,0,0,0,0,0,0,0,0,0,0,0,0,0,0,0,0,0,0,0,0,0,0,0,0,0,0,-0.0568343,0.0498275,-0.0194223,0.444863,-0.152884,0.136578,0.444863,-0.152884,0,0,0,0,0,0,0,0,0,0,0,0,0,0,0,0.0581572,-0.050371,0.0199222,0,0.0156376,0,0,0,0,0,0,-3.14159,-3.14159,-3.14159,0,0,0,0,0,0,0,0,0,0,0,0,0
0,0,0,0,0,0,0,0,0,0,0,0,0,0,0,0,0,0,0,0,0,0,0,0,0,0,0,0,0,0,-0.0553634,0.0515953,-0.0181165,0.444401,-0.152926,0.139231,0.444401,-0.152926,0,0,0,0,0,0,0,0,0,0,0,0,0,0,0,0.0578527,-0.0504145,0.0195307,0,0.0166142,0,0,0,0,0,0,-3.14159,-3.14159,-3.14159,0,0,0,0,0,0,0,0,0,0,0,0,0
0,0,0,0,0,0,0,0,0,0,0,0,0,0,0,0,0,0,0,0,0,0,0,0,0,0,0,0,0,0,-0.0546696,0.0510072,-0.0191616,0.444409,-0.151946,0.141036,0.444409,-0.151946,0,0,0,0,0,0,0,0,0,0,0,0,0,0,0,0.0577222,-0.0506973,0.0194655,0,0.0175874,0,0,0,0,0,0,-3.14159,-3.14159,-3.14159,0,0,0,0,0,0,0,0,0,0,0,0,0
0,0,0,0,0,0,0,0,0,0,0,0,0,0,0,0,0,0,0,0,0,0,0,0,0,0,0,0,0,0,-0.0560602,0.0491068,-0.0207286,0.445307,-0.150449,0.140464,0.445307,-0.150449,0,0,0,0,0,0,0,0,0,0,0,0,0,0,0,0.058005,-0.050545,0.0195525,0,0.0185651,0,0,0,0,0,0,-3.14159,-3.14159,-3.14159,0,0,0,0,0,0,0,0,0,0,0,0,0
0,0,0,0,0,0,0,0,0,0,0,0,0,0,0,0,0,0,0,0,0,0,0,0,0,0,0,0,0,0,-0.0553583,0.0487665,-0.0194251,0.445978,-0.149769,0.140125,0.445978,-0.149769,0,0,0,0,0,0,0,0,0,0,0,0,0,0,0,0.0578092,-0.0503493,0.019422,0,0.0195362,0,0,0,0,0,0,-3.14159,-3.14159,-3.14159,0,0,0,0,0,0,0,0,0,0,0,0,0
0,0,0,0,0,0,0,0,0,0,0,0,0,0,0,0,0,0,0,0,0,0,0,0,0,0,0,0,0,0,-0.0545212,0.0498589,-0.0198171,0.446642,-0.149851,0.141041,0.446642,-0.149851,0,0,0,0,0,0,0,0,0,0,0,0,0,0,0,0.0577875,-0.0503493,0.0194655,0,0.0205094,0,0,0,0,0,0,-3.14159,-3.14159,-3.14159,0,0,0,0,0,0,0,0,0,0,0,0,0
0,0,0,0,0,0,0,0,0,0,0,0,0,0,0,0,0,0,0,0,0,0,0,0,0,0,0,0,0,0,-0.0528961,0.048338,-0.0194257,0.448105,-0.149967,0.141012,0.448105,-0.149967,0,0,0,0,0,0,0,0,0,0,0,0,0,0,0,0.057309,-0.0501753,0.0194655,0,0.0214827,0,0,0,0,0,0,-3.14159,-3.14159,-3.14159,0,0,0,0,0,0,0,0,0,0,0,0,0
0,0,0,0,0,0,0,0,0,0,0,0,0,0,0,0,0,0,0,0,0,0,0,0,0,0,0,0,0,0,-0.0554409,0.049682,-0.0198179,0.449131,-0.150655,0.138838,0.449131,-0.150655,0,0,0,0,0,0,0,0,0,0,0,0,0,0,0,0.0575047,-0.049936,0.0197482,0,0.0224701,0,0,0,0,0,0,-3.14159,-3.14159,-3.14159,0,0,0,0,0,0,0,0,0,0,0,0,0
0,0,0,0,0,0,0,0,0,0,0,0,0,0,0,0,0,0,0,0,0,0,0,0,0,0,0,0,0,0,-0.0551081,0.0498455,-0.0206023,0.449465,-0.152155,0.135452,0.449465,-0.152155,0,0,0,0,0,0,0,0,0,0,0,0,0,0,0,0.0577657,-0.0498273,0.0199875,0,0.0234695,0,0,0,0,0,0,-3.14159,-3.14159,-3.14159,0,0,0,0,0,0,0,0,0,0,0,0,0
0,0,0,0,0,0,0,0,0,0,0,0,0,0,0,0,0,0,0,0,0,0,0,0,0,0,0,0,0,0,-0.0535942,0.0501353,-0.0202116,0.44964,-0.153469,0.132727,0.44964,-0.153469,0,0,0,0,0,0,0,0,0,0,0,0,0,0,0,0.0575482,-0.0500883,0.0199005,0,0.0244645,0,0,0,0,0,0,-3.14159,-3.14159,-3.14159,0,0,0,0,0,0,0,0,0,0,0,0,0
0,0,0,0,0,0,0,0,0,0,0,0,0,0,0,0,0,0,0,0,0,0,0,0,0,0,0,0,0,0,-0.054426,0.0481996,-0.0196918,0.448676,-0.153153,0.131467,0.448676,-0.153153,0,0,0,0,0,0,0,0,0,0,0,0,0,0,0,0.0575917,-0.0500883,0.019944,0,0.0254617,0,0,0,0,0,0,-3.14159,-3.14159,-3.14159,0,0,0,0,0,0,0,0,0,0,0,0,0
0,0,0,0,0,0,0,0,0,0,0,0,0,0,0,0,0,0,0,0,0,0,0,0,0,0,0,0,0,0,-0.0523799,0.0501738,-0.0186485,0.446162,-0.151846,0.131116,0.446162,-0.151846,0,0,0,0,0,0,0,0,0,0,0,0,0,0,0,0.0574395,-0.0502405,0.0197482,0,0.0264491,0,0,0,0,0,0,-3.14159,-3.14159,-3.14159,0,0,0,0,0,0,0,0,0,0,0,0,0
0,0,0,0,0,0,0,0,0,0,0,0,0,0,0,0,0,0,0,0,0,0,0,0,0,0,0,0,0,0,-0.0525464,0.0503155,-0.0200854,0.443784,-0.15079,0.130835,0.443784,-0.15079,0,0,0,0,0,0,0,0,0,0,0,0,0,0,0,0.0575917,-0.0506755,0.019857,0,0.027442,0,0,0,0,0,0,-3.14159,-3.14159,-3.14159,0,0,0,0,0,0,0,0,0,0,0,0,0
0,0,0,0,0,0,0,0,0,0,0,0,0,0,0,0,0,0,0,0,0,0,0,0,0,0,0,0,0,0,-0.0528379,0.0507143,-0.0179992,0.443426,-0.149728,0.130779,0.443426,-0.149728,0,0,0,0,0,0,0,0,0,0,0,0,0,0,0,0.0573743,-0.0509583,0.0195525,0,0.0284196,0,0,0,0,0,0,-3.14159,-3.14159,-3.14159,0,0,0,0,0,0,0,0,0,0,0,0,0
0,0,0,0,0,0,0,0,0,0,0,0,0,0,0,0,0,0,0,0,0,0,0,0,0,0,0,0,0,0,-0.0536521,0.0490179,-0.021263,0.444244,-0.148857,0.132551,0.444244,-0.148857,0,0,0,0,0,0,0,0,0,0,0,0,0,0,0,0.0573525,-0.0509365,0.0196612,0,0.0294027,0,0,0,0,0,0,-3.14159,-3.14159,-3.14159,0,0,0,0,0,0,0,0,0,0,0,0,0
0,0,0,0,0,0,0,0,0,0,0,0,0,0,0,0,0,0,0,0,0,0,0,0,0,0,0,0,0,0,-0.0492426,0.0488839,-0.0208735,0.444451,-0.149039,0.134811,0.444451,-0.149039,0,0,0,0,0,0,0,0,0,0,0,0,0,0,0,0.0568523,-0.0508495,0.01977,0,0.0303912,0,0,0,0,0,0,-3.14159,-3.14159,-3.14159,0,0,0,0,0,0,0,0,0,0,0,0,0
0,0,0,0,0,0,0,0,0,0,0,0,0,0,0,0,0,0,0,0,0,0,0,0,0,0,0,0,0,0,-0.0508301,0.0491379,-0.0204838,0.444516,-0.150036,0.13442,0.444516,-0.150036,0,0,0,0,0,0,0,0,0,0,0,0,0,0,0,0.0564825,-0.0511322,0.0199005,0,0.0313862,0,0,0,0,0,0,-3.14159,-3.14159,-3.14159,0,0,0,0,0,0,0,0,0,0,0,0,0
0,0,0,0,0,0,0,0,0,0,0,0,0,0,0,0,0,0,0,0,0,0,0,0,0,0,0,0,0,0,-0.0535859,0.0506913,-0.0206164,0.44562,-0.150765,0.132132,0.44562,-0.150765,0,0,0,0,0,0,0,0,0,0,0,0,0,0,0,0.0569175,-0.0513497,0.0202267,0,0.0323975,0,0,0,0,0,0,-3.14159,-3.14159,-3.14159,0,0,0,0,0,0,0,0,0,0,0,0,0
0,0,0,0,0,0,0,0,0,0,0,0,0,0,0,0,0,0,0,0,0,0,0,0,0,0,0,0,0,0,-0.0519005,0.0493672,-0.0186623,0.446924,-0.151266,0.130738,0.446924,-0.151266,0,0,0,0,0,0,0,0,0,0,0,0,0,0,0,0.057048,-0.051328,0.0199875,0,0.0333969,0,0,0,0,0,0,-3.14159,-3.14159,-3.14159,0,0,0,0,0,0,0,0,0,0,0,0,0
0,0,0,0,0,0,0,0,0,0,0,0,0,0,0,0,0,0,0,0,0,0,0,0,0,0,0,0,0,0,-0.0523008,0.0489517,-0.0211433,0.44691,-0.15193,0.131218,0.44691,-0.15193,0,0,0,0,0,0,0,0,0,0,0,0,0,0,0,0.0572003,-0.0511757,0.0205094,0,0.0344224,0,0,0,0,0,0,-3.14159,-3.14159,-3.14159,0,0,0,0,0,0,0,0,0,0,0,0,0
0,0,0,0,0,0,0,0,0,0,0,0,0,0,0,0,0,0,0,0,0,0,0,0,0,0,0,0,0,0,-0.0507387,0.0482716,-0.0199712,0.445809,-0.152195,0.132013,0.445809,-0.152195,0,0,0,0,0,0,0,0,0,0,0,0,0,0,0,0.056961,-0.0511975,0.020292,0,0.035437,0,0,0,0,0,0,-3.14159,-3.14159,-3.14159,0,0,0,0,0,0,0,0,0,0,0,0,0
0,0,0,0,0,0,0,0,0,0,0,0,0,0,0,0,0,0,0,0,0,0,0,0,0,0,0,0,0,0,-0.0494307,0.047719,-0.0207577,0.444613,-0.151876,0.131842,0.444613,-0.151876,0,0,0,0,0,0,0,0,0,0,0,0,0,0,0,0.0572438,-0.051154,0.0202702,0,0.0364505,0,0,0,0,0,0,-3.14159,-3.14159,-3.14159,0,0,0,0,0,0,0,0,0,0,0,0,0
0,0,0,0,0,0,0,0,0,0,0,0,0,0,0,0,0,0,0,0,0,0,0,0,0,0,0,0,0,0,-0.0517736,0.0493787,-0.0208913,0.443808,-0.151743,0.131852,0.443808,-0.151743,0,0,0,0,0,0,0,0,0,0,0,0,0,0,0,0.057657,-0.0513497,0.0203355,0,0.0374673,0,0,0,0,0,0,-3.14159,-3.14159,-3.14159,0,0,0,0,0,0,0,0,0,0,0,0,0
0,0,0,0,0,0,0,0,0,0,0,0,0,0,0,0,0,0,0,0,0,0,0,0,0,0,0,0,0,0,-0.0486312,0.0475101,-0.0205037,0.443546,-0.152119,0.133343,0.443546,-0.152119,0,0,0,0,0,0,0,0,0,0,0,0,0,0,0,0.0570915,-0.05098,0.0203137,0,0.0384829,0,0,0,0,0,0,-3.14159,-3.14159,-3.14159,0,0,0,0,0,0,0,0,0,0,0,0,0
0,0,0,0,0,0,0,0,0,0,0,0,0,0,0,0,0,0,0,0,0,0,0,0,0,0,0,0,0,0,-0.0501832,0.0472047,-0.0198547,0.443392,-0.152814,0.135095,0.443392,-0.152814,0,0,0,0,0,0,0,0,0,0,0,0,0,0,0,0.0570698,-0.0507843,0.0205094,0,0.0395084,0,0,0,0,0,0,-3.14159,-3.14159,-3.14159,0,0,0,0,0,0,0,0,0,0,0,0,0
0,0,0,0,0,0,0,0,0,0,0,0,0,0,0,0,0,0,0,0,0,0,0,0,0,0,0,0,0,0,-0.0501664,0.0485923,-0.0197265,0.442969,-0.152984,0.135336,0.442969,-0.152984,0,0,0,0,0,0,0,0,0,0,0,0,0,0,0,0.0569828,-0.050893,0.0202702,0,0.0405219,0,0,0,0,0,0,-3.14159,-3.14159,-3.14159,0,0,0,0,0,0,0,0,0,0,0,0,0
0,0,0,0,0,0,0,0,0,0,0,0,0,0,0,0,0,0,0,0,0,0,0,0,0,0,0,0,0,0,-0.0485782,0.0456683,-0.0198602,0.442879,-0.152075,0.13448,0.442879,-0.152075,0,0,0,0,0,0,0,0,0,0,0,0,0,0,0,0.0568958,-0.050632,0.0202485,0,0.0415343,0,0,0,0,0,0,-3.14159,-3.14159,-3.14159,0,0,0,0,0,0,0,0,0,0,0,0,0
0,0,0,0,0,0,0,0,0,0,0,0,0,0,0,0,0,0,0,0,0,0,0,0,0,0,0,0,0,0,-0.0488128,0.048089,-0.0214296,0.443448,-0.150673,0.134176,0.443448,-0.150673,0,0,0,0,0,0,0,0,0,0,0,0,0,0,0,0.0570698,-0.0508713,0.0203572,0,0.0425522,0,0,0,0,0,0,-3.14159,-3.14159,-3.14159,0,0,0,0,0,0,0,0,0,0,0,0,0
0,0,0,0,0,0,0,0,0,0,0,0,0,0,0,0,0,0,0,0,0,0,0,0,0,0,0,0,0,0,-0.0473492,0.0467201,-0.0198665,0.443727,-0.149308,0.134936,0.443727,-0.149308,0,0,0,0,0,0,0,0,0,0,0,0,0,0,0,0.056613,-0.0506103,0.0201832,0,0.0435614,0,0,0,0,0,0,-3.14159,-3.14159,-3.14159,0,0,0,0,0,0,0,0,0,0,0,0,0
0,0,0,0,0,0,0,0,0,0,0,0,0,0,0,0,0,0,0,0,0,0,0,0,0,0,0,0,0,0,-0.049403,0.0473063,-0.0206528,0.443658,-0.148555,0.135456,0.443658,-0.148555,0,0,0,0,0,0,0,0,0,0,0,0,0,0,0,0.0570263,-0.0507625,0.020205,0,0.0445716,0,0,0,0,0,0,-3.14159,-3.14159,-3.14159,0,0,0,0,0,0,0,0,0,0,0,0,0
0,0,0,0,0,0,0,0,0,0,0,0,0,0,0,0,0,0,0,0,0,0,0,0,0,0,0,0,0,0,-0.0500196,0.0468449,-0.0196125,0.44364,-0.148234,0.135092,0.44364,-0.148234,0,0,0,0,0,0,0,0,0,0,0,0,0,0,0,0.0572873,-0.050893,0.0201615,0,0.0455797,0,0,0,0,0,0,-3.14159,-3.14159,-3.14159,0,0,0,0,0,0,0,0,0,0,0,0,0
0,0,0,0,0,0,0,0,0,0,0,0,0,0,0,0,0,0,0,0,0,0,0,0,0,0,0,0,0,0,-0.0512853,0.045729,-0.0211809,0.443301,-0.147749,0.134243,0.443301,-0.147749,0,0,0,0,0,0,0,0,0,0,0,0,0,0,0,0.0577657,-0.0506103,0.0204007,0,0.0465997,0,0,0,0,0,0,-3.14159,-3.14159,-3.14159,0,0,0,0,0,0,0,0,0,0,0,0,0
0,0,0,0,0,0,0,0,0,0,0,0,0,0,0,0,0,0,0,0,0,0,0,0,0,0,0,0,0,0,-0.0465425,0.0435637,-0.0210534,0.443187,-0.147717,0.13337,0.443187,-0.147717,0,0,0,0,0,0,0,0,0,0,0,0,0,0,0,0.0577222,-0.050458,0.0205964,0,0.0476295,0,0,0,0,0,0,-3.14159,-3.14159,-3.14159,0,0,0,0,0,0,0,0,0,0,0,0,0
0,0,0,0,0,0,0,0,0,0,0,0,0,0,0,0,0,0,0,0,0,0,0,0,0,0,0,0,0,0,-0.0481934,0.0458293,-0.020013,0.443216,-0.148794,0.133545,0.443216,-0.148794,0,0,0,0,0,0,0,0,0,0,0,0,0,0,0,0.057918,-0.050284,0.0203572,0,0.0486474,0,0,0,0,0,0,-3.14159,-3.14159,-3.14159,0,0,0,0,0,0,0,0,0,0,0,0,0
0,0,0,0,0,0,0,0,0,0,0,0,0,0,0,0,0,0,0,0,0,0,0,0,0,0,0,0,0,0,-0.0477515,0.0445719,-0.0204077,0.443382,-0.149822,0.134835,0.443382,-0.149822,0,0,0,0,0,0,0,0,0,0,0,0,0,0,0,0.0582877,-0.0501318,0.0204442,0,0.0496696,0,0,0,0,0,0,-3.14159,-3.14159,-3.14159,0,0,0,0,0,0,0,0,0,0,0,0,0
0,0,0,0,0,0,0,0,0,0,0,0,0,0,0,0,0,0,0,0,0,0,0,0,0,0,0,0,0,0,-0.047177,0.0451366,-0.0196283,0.443815,-0.149842,0.135009,0.443815,-0.149842,0,0,0,0,0,0,0,0,0,0,0,0,0,0,0,0.0582225,-0.0499795,0.0202702,0,0.0506831,0,0,0,0,0,0,-3.14159,-3.14159,-3.14159,0,0,0,0,0,0,0,0,0,0,0,0,0
0,0,0,0,0,0,0,0,0,0,0,0,0,0,0,0,0,0,0,0,0,0,0,0,0,0,0,0,0,0,-0.0458164,0.045828,-0.0197623,0.44402,-0.150075,0.13394,0.44402,-0.150075,0,0,0,0,0,0,0,0,0,0,0,0,0,0,0,0.057831,-0.050023,0.020292,0,0.0516977,0,0,0,0,0,0,-3.14159,-3.14159,-3.14159,0,0,0,0,0,0,0,0,0,0,0,0,0
0,0,0,0,0,0,0,0,0,0,0,0,0,0,0,0,0,0,0,0,0,0,0,0,0,0,0,0,0,0,-0.0453651,0.045604,-0.0209413,0.444501,-0.151591,0.134583,0.444501,-0.151591,0,0,0,0,0,0,0,0,0,0,0,0,0,0,0,0.0571568,-0.0502188,0.0202485,0,0.0527101,0,0,0,0,0,0,-3.14159,-3.14159,-3.14159,0,0,0,0,0,0,0,0,0,0,0,0,0
0,0,0,0,0,0,0,0,0,0,0,0,0,0,0,0,0,0,0,0,0,0,0,0,0,0,0,0,0,0,-0.0467384,0.042638,-0.0200302,0.444758,-0.152808,0.136578,0.444758,-0.152808,0,0,0,0,0,0,0,0,0,0,0,0,0,0,0,0.0575047,-0.050284,0.0200745,0,0.0537139,0,0,0,0,0,0,-3.14159,-3.14159,-3.14159,0,0,0,0,0,0,0,0,0,0,0,0,0
0,0,0,0,0,0,0,0,0,0,0,0,0,0,0,0,0,0,0,0,0,0,0,0,0,0,0,0,0,0,-0.0456284,0.0446269,-0.0210772,0.444471,-0.152753,0.136731,0.444471,-0.152753,0,0,0,0,0,0,0,0,0,0,0,0,0,0,0,0.057396,-0.0503058,0.0202485,0,0.0547263,0,0,0,0,0,0,-3.14159,-3.14159,-3.14159,0,0,0,0,0,0,0,0,0,0,0,0,0
0,0,0,0,0,0,0,0,0,0,0,0,0,0,0,0,0,0,0,0,0,0,0,0,0,0,0,0,0,0,-0.0456897,0.0434786,-0.0202977,0.444193,-0.15307,0.135044,0.444193,-0.15307,0,0,0,0,0,0,0,0,0,0,0,0,0,0,0,0.0573743,-0.0503493,0.0202267,0,0.0557376,0,0,0,0,0,0,-3.14159,-3.14159,-3.14159,0,0,0,0,0,0,0,0,0,0,0,0,0
0,0,0,0,0,0,0,0,0,0,0,0,0,0,0,0,0,0,0,0,0,0,0,0,0,0,0,0,0,0,-0.0456198,0.0454576,-0.0214766,0.444009,-0.153489,0.13455,0.444009,-0.153489,0,0,0,0,0,0,0,0,0,0,0,0,0,0,0,0.0574395,-0.050632,0.0205312,0,0.0567642,0,0,0,0,0,0,-3.14159,-3.14159,-3.14159,0,0,0,0,0,0,0,0,0,0,0,0,0
0,0,0,0,0,0,0,0,0,0,0,0,0,0,0,0,0,0,0,0,0,0,0,0,0,0,0,0,0,0,-0.0431965,0.0422155,-0.0210901,0.444407,-0.152528,0.135716,0.444407,-0.152528,0,0,0,0,0,0,0,0,0,0,0,0,0,0,0,0.0573308,-0.0502623,0.0207487,0,0.0578016,0,0,0,0,0,0,-3.14159,-3.14159,-3.14159,0,0,0,0,0,0,0,0,0,0,0,0,0
0,0,0,0,0,0,0,0,0,0,0,0,0,0,0,0,0,0,0,0,0,0,0,0,0,0,0,0,0,0,-0.0436424,0.0423633,-0.0212254,0.44514,-0.151141,0.136386,0.44514,-0.151141,0,0,0,0,0,0,0,0,0,0,0,0,0,0,0,0.0573743,-0.0499578,0.0207922,0,0.0588412,0,0,0,0,0,0,-3.14159,-3.14159,-3.14159,0,0,0,0,0,0,0,0,0,0,0,0,0
0,0,0,0,0,0,0,0,0,0,0,0,0,0,0,0,0,0,0,0,0,0,0,0,0,0,0,0,0,0,-0.0444778,0.0431615,-0.0201854,0.445715,-0.150838,0.135718,0.445715,-0.150838,0,0,0,0,0,0,0,0,0,0,0,0,0,0,0,0.0573308,-0.050284,0.0208139,0,0.0598819,0,0,0,0,0,0,-3.14159,-3.14159,-3.14159,0,0,0,0,0,0,0,0,0,0,0,0,0
0,0,0,0,0,0,0,0,0,0,0,0,0,0,0,0,0,0,0,0,0,0,0,0,0,0,0,0,0,0,-0.0440054,0.0421292,-0.0195385,0.446758,-0.15055,0.13458,0.446758,-0.15055,0,0,0,0,0,0,0,0,0,0,0,0,0,0,0,0.057396,-0.05011,0.0205529,0,0.0609096,0,0,0,0,0,0,-3.14159,-3.14159,-3.14159,0,0,0,0,0,0,0,0,0,0,0,0,0
0,0,0,0,0,0,0,0,0,0,0,0,0,0,0,0,0,0,0,0,0,0,0,0,0,0,0,0,0,0,-0.0428786,0.0423972,-0.020066,0.447946,-0.149755,0.134139,0.447946,-0.149755,0,0,0,0,0,0,0,0,0,0,0,0,0,0,0,0.0572655,-0.0501753,0.0205094,0,0.0619351,0,0,0,0,0,0,-3.14159,-3.14159,-3.14159,0,0,0,0,0,0,0,0,0,0,0,0,0
0,0,0,0,0,0,0,0,0,0,0,0,0,0,0,0,0,0,0,0,0,0,0,0,0,0,0,0,0,0,-0.0420108,0.0421411,-0.019809,0.447913,-0.150389,0.134715,0.447913,-0.150389,0,0,0,0,0,0,0,0,0,0,0,0,0,0,0,0.0570045,-0.0498708,0.0202267,0,0.0629464,0,0,0,0,0,0,-3.14159,-3.14159,-3.14159,0,0,0,0,0,0,0,0,0,0,0,0,0
0,0,0,0,0,0,0,0,0,0,0,0,0,0,0,0,0,0,0,0,0,0,0,0,0,0,0,0,0,0,-0.0404866,0.0421461,-0.0196836,0.447066,-0.151957,0.135609,0.447066,-0.151957,0,0,0,0,0,0,0,0,0,0,0,0,0,0,0,0.0568958,-0.05011,0.0199875,0,0.0639458,0,0,0,0,0,0,-3.14159,-3.14159,-3.14159,0,0,0,0,0,0,0,0,0,0,0,0,0
0,0,0,0,0,0,0,0,0,0,0,0,0,0,0,0,0,0,0,0,0,0,0,0,0,0,0,0,0,0,-0.0435286,0.0434541,-0.0203402,0.44675,-0.152199,0.134955,0.44675,-0.152199,0,0,0,0,0,0,0,0,0,0,0,0,0,0,0,0.057222,-0.050545,0.0198352,0,0.0649375,0,0,0,0,0,0,-3.14159,-3.14159,-3.14159,0,0,0,0,0,0,0,0,0,0,0,0,0
0,0,0,0,0,0,0,0,0,0,0,0,0,0,0,0,0,0,0,0,0,0,0,0,0,0,0,0,0,0,-0.0408253,0.0422781,-0.0191709,0.446866,-0.151375,0.133778,0.446866,-0.151375,0,0,0,0,0,0,0,0,0,0,0,0,0,0,0,0.056961,-0.0506538,0.0196612,0,0.0659206,0,0,0,0,0,0,-3.14159,-3.14159,-3.14159,0,0,0,0,0,0,0,0,0,0,0,0,0
0,0,0,0,0,0,0,0,0,0,0,0,0,0,0,0,0,0,0,0,0,0,0,0,0,0,0,0,0,0,-0.040861,0.0400535,-0.0211344,0.446453,-0.151567,0.134738,0.446453,-0.151567,0,0,0,0,0,0,0,0,0,0,0,0,0,0,0,0.056787,-0.0505668,0.0199222,0,0.0669167,0,0,0,0,0,0,-3.14159,-3.14159,-3.14159,0,0,0,0,0,0,0,0,0,0,0,0,0
0,0,0,0,0,0,0,0,0,0,0,0,0,0,0,0,0,0,0,0,0,0,0,0,0,0,0,0,0,0,-0.0411548,0.0416137,-0.0216615,0.445702,-0.15203,0.135963,0.445702,-0.15203,0,0,0,0,0,0,0,0,0,0,0,0,0,0,0,0.0568523,-0.0506973,0.0201832,0,0.0679259,0,0,0,0,0,0,-3.14159,-3.14159,-3.14159,0,0,0,0,0,0,0,0,0,0,0,0,0
0,0,0,0,0,0,0,0,0,0,0,0,0,0,0,0,0,0,0,0,0,0,0,0,0,0,0,0,0,0,-0.0410553,0.0405617,-0.0197082,0.445832,-0.150448,0.13536,0.445832,-0.150448,0,0,0,0,0,0,0,0,0,0,0,0,0,0,0,0.057048,-0.0506973,0.0201615,0,0.0689339,0,0,0,0,0,0,-3.14159,-3.14159,-3.14159,0,0,0,0,0,0,0,0,0,0,0,0,0
0,0,0,0,0,0,0,0,0,0,0,0,0,0,0,0,0,0,0,0,0,0,0,0,0,0,0,0,0,0,-0.0400405,0.0427674,-0.0207577,0.446019,-0.148089,0.134097,0.446019,-0.148089,0,0,0,0,0,0,0,0,0,0,0,0,0,0,0,0.0573308,-0.051067,0.0203355,0,0.0699507,0,0,0,0,0,0,-3.14159,-3.14159,-3.14159,0,0,0,0,0,0,0,0,0,0,0,0,0
0,0,0,0,0,0,0,0,0,0,0,0,0,0,0,0,0,0,0,0,0,0,0,0,0,0,0,0,0,0,-0.0396779,0.0424907,-0.0207621,0.444652,-0.14722,0.133675,0.444652,-0.14722,0,0,0,0,0,0,0,0,0,0,0,0,0,0,0,0.057048,-0.0511757,0.0204007,0,0.0709707,0,0,0,0,0,0,-3.14159,-3.14159,-3.14159,0,0,0,0,0,0,0,0,0,0,0,0,0
0,0,0,0,0,0,0,0,0,0,0,0,0,0,0,0,0,0,0,0,0,0,0,0,0,0,0,0,0,0,-0.0419206,0.0397333,-0.0206363,0.443042,-0.147976,0.133979,0.443042,-0.147976,0,0,0,0,0,0,0,0,0,0,0,0,0,0,0,0.0575917,-0.0510235,0.0206399,0,0.0720027,0,0,0,0,0,0,-3.14159,-3.14159,-3.14159,0,0,0,0,0,0,0,0,0,0,0,0,0
0,0,0,0,0,0,0,0,0,0,0,0,0,0,0,0,0,0,0,0,0,0,0,0,0,0,0,0,0,0,-0.0408996,0.0402378,-0.0206409,0.443013,-0.148388,0.134022,0.443013,-0.148388,0,0,0,0,0,0,0,0,0,0,0,0,0,0,0,0.0579615,-0.051328,0.0205529,0,0.0730304,0,0,0,0,0,0,-3.14159,-3.14159,-3.14159,0,0,0,0,0,0,0,0,0,0,0,0,0
0,0,0,0,0,0,0,0,0,0,0,0,0,0,0,0,0,0,0,0,0,0,0,0,0,0,0,0,0,0,-0.0390955,0.0396967,-0.0194722,0.443757,-0.147703,0.13359,0.443757,-0.147703,0,0,0,0,0,0,0,0,0,0,0,0,0,0,0,0.0579832,-0.0512845,0.0201832,0,0.0740395,0,0,0,0,0,0,-3.14159,-3.14159,-3.14159,0,0,0,0,0,0,0,0,0,0,0,0,0
0,0,0,0,0,0,0,0,0,0,0,0,0,0,0,0,0,0,0,0,0,0,0,0,0,0,0,0,0,0,-0.0382053,0.039542,-0.0201298,0.443733,-0.148304,0.133407,0.443733,-0.148304,0,0,0,0,0,0,0,0,0,0,0,0,0,0,0,0.0578745,-0.0513932,0.0202485,0,0.075052,0,0,0,0,0,0,-3.14159,-3.14159,-3.14159,0,0,0,0,0,0,0,0,0,0,0,0,0
0,0,0,0,0,0,0,0,0,0,0,0,0,0,0,0,0,0,0,0,0,0,0,0,0,0,0,0,0,0,-0.0380936,0.0388657,-0.0203954,0.443518,-0.149971,0.13392,0.443518,-0.149971,0,0,0,0,0,0,0,0,0,0,0,0,0,0,0,0.057918,-0.0510235,0.0201832,0,0.0760611,0,0,0,0,0,0,-3.14159,-3.14159,-3.14159,0,0,0,0,0,0,0,0,0,0,0,0,0
0,0,0,0,0,0,0,0,0,0,0,0,0,0,0,0,0,0,0,0,0,0,0,0,0,0,0,0,0,0,-0.0373278,0.0385795,-0.0214455,0.444165,-0.150511,0.134857,0.444165,-0.150511,0,0,0,0,0,0,0,0,0,0,0,0,0,0,0,0.0578962,-0.0506538,0.020292,0,0.0770757,0,0,0,0,0,0,-3.14159,-3.14159,-3.14159,0,0,0,0,0,0,0,0,0,0,0,0,0
0,0,0,0,0,0,0,0,0,0,0,0,0,0,0,0,0,0,0,0,0,0,0,0,0,0,0,0,0,0,-0.0379956,0.0378995,-0.0211897,0.444757,-0.150108,0.136085,0.444757,-0.150108,0,0,0,0,0,0,0,0,0,0,0,0,0,0,0,0.0576135,-0.050632,0.020379,0,0.0780947,0,0,0,0,0,0,-3.14159,-3.14159,-3.14159,0,0,0,0,0,0,0,0,0,0,0,0,0
0,0,0,0,0,0,0,0,0,0,0,0,0,0,0,0,0,0,0,0,0,0,0,0,0,0,0,0,0,0,-0.0350084,0.0369564,-0.0213261,0.444149,-0.14984,0.136479,0.444149,-0.14984,0,0,0,0,0,0,0,0,0,0,0,0,0,0,0,0.0570045,-0.050371,0.0204877,0,0.0791191,0,0,0,0,0,0,-3.14159,-3.14159,-3.14159,0,0,0,0,0,0,0,0,0,0,0,0,0
0,0,0,0,0,0,0,0,0,0,0,0,0,0,0,0,0,0,0,0,0,0,0,0,0,0,0,0,0,0,-0.0365871,0.037187,-0.0191135,0.443024,-0.150523,0.135801,0.443024,-0.150523,0,0,0,0,0,0,0,0,0,0,0,0,0,0,0,0.056961,-0.0502405,0.0204225,0,0.0801402,0,0,0,0,0,0,-3.14159,-3.14159,-3.14159,0,0,0,0,0,0,0,0,0,0,0,0,0
0,0,0,0,0,0,0,0,0,0,0,0,0,0,0,0,0,0,0,0,0,0,0,0,0,0,0,0,0,0,-0.0382953,0.0370237,-0.0204238,0.442778,-0.150598,0.135412,0.442778,-0.150598,0,0,0,0,0,0,0,0,0,0,0,0,0,0,0,0.0573525,-0.05011,0.0204659,0,0.0811635,0,0,0,0,0,0,-3.14159,-3.14159,-3.14159,0,0,0,0,0,0,0,0,0,0,0,0,0
0,0,0,0,0,0,0,0,0,0,0,0,0,0,0,0,0,0,0,0,0,0,0,0,0,0,0,0,0,0,-0.0359558,0.0372515,-0.018863,0.443702,-0.149195,0.135148,0.443702,-0.149195,0,0,0,0,0,0,0,0,0,0,0,0,0,0,0,0.0573743,-0.0501318,0.020205,0,0.0821737,0,0,0,0,0,0,-3.14159,-3.14159,-3.14159,0,0,0,0,0,0,0,0,0,0,0,0,0
0,0,0,0,0,0,0,0,0,0,0,0,0,0,0,0,0,0,0,0,0,0,0,0,0,0,0,0,0,0,-0.0354446,0.0365629,-0.0205654,0.444913,-0.148305,0.134104,0.444913,-0.148305,0,0,0,0,0,0,0,0,0,0,0,0,0,0,0,0.0574395,-0.0500883,0.0200527,0,0.0831764,0,0,0,0,0,0,-3.14159,-3.14159,-3.14159,0,0,0,0,0,0,0,0,0,0,0,0,0
0,0,0,0,0,0,0,0,0,0,0,0,0,0,0,0,0,0,0,0,0,0,0,0,1.83853,1.24991,3.12899,36.7706,24.9983,62.5798,-0.0342799,0.0357418,-0.0188748,0.445602,-0.148254,0.131899,-0.443699,0.153857,735.413,499.966,1251.6,0,0,0,0,0,0,0,0,0,0,0,0,0.0572003,-0.050023,0.0196612,0,0.0841594,0,0,0,0,0,0,-3.14159,-3.14159,-3.14159,0,0,0,0,0,0,0,0,0,0,0,0,0
0,0,0,0,0,0,0,0,0,0,0,0,0,0,0,0,0,0,0,0,0,-0,0,0,1.83852,1.24993,3.12898,-0.00027832,0.000256348,-0.000157356,-0.0351991,0.0357049,-0.0195326,0.445979,-0.14864,0.130032,-0.444069,0.154251,-735.418,-499.961,-1251.6,0,0,0,0,0,0,0,0,0,0,0,0,0.0576135,-0.05011,0.0193567,0,0.0851273,0,0,0,0,0,0,-3.14159,-3.14159,-3.14159,0,0,0,0,0,0,0,0,0,0,0,0,0
0,0,0,0,0,0,0,0,0,0,0,0,0,0,0,0,0,0,0,0,0,-0,0,0,1.83851,1.24992,3.12895,-0.000136719,-0.000148926,-0.000658035,-0.034682,0.0365815,-0.0205813,0.446241,-0.149,0.13079,-0.444322,0.154629,0.00283203,-0.00810547,-0.0100136,0,0,0,0,0,0,0,0,0,0,0,0,0.0576787,-0.0503058,0.019596,0,0.0861071,0,0,0,0,0,0,-3.14159,-3.14159,-3.14159,0,0,0,0,0,0,0,0,0,0,0,0,0
0,0,0,0,0,0,0,0,0,0,0,0,0,0,0,0,0,0,0,0,0,-0,0,0,1.83851,1.24992,3.12899,-9.76563e-05,7.8125e-05,0.000767708,-0.033381,0.0343246,-0.0198034,0.446205,-0.149138,0.132367,-0.44429,0.15475,0.00078125,0.00454102,0.0285149,0,0,0,0,0,0,0,0,0,0,0,0,0.0572438,-0.0501535,0.0194872,0,0.0870814,0,0,0,0,0,0,-3.14159,-3.14159,-3.14159,0,0,0,0,0,0,0,0,0,0,0,0,0
0,0,0,0,0,0,0,0,0,0,0,0,0,0,0,0,0,0,0,0,0,-0,0,0,1.83851,1.24992,3.12899,-9.76563e-05,7.8125e-05,0.000767708,-0.033646,0.0342837,-0.0217665,0.445547,-0.149281,0.132559,-0.44363,0.154884,0.00078125,0.00454102,0.0285149,0,0,0,0,0,0,0,0,0,0,0,0,0.0572438,-0.0499578,0.0199657,0,0.0880797,0,0,0,0,0,0,-3.14159,-3.14159,-3.14159,0,0,0,0,0,0,0,0,0,0,0,0,0
1.26585,0,0,0,2.68417,1.22941,2.86244,53.6834,24.5881,57.2487,0,0,0,0,0,0,0,0,1073.67,491.763,1144.97,-0,0,0,1.83851,1.24992,3.12899,0.000102539,-0.00012207,0.000109673,-0.0331281,0.0351541,-0.02138,0.444705,-0.149403,0.13337,-0.442788,0.154994,0.00400391,-0.00400391,-0.0131607,0,0,0,0,0,0,0,0,0,0,0,0,0.0572438,-0.050023,0.0200962,0,0.0890845,0,0,0,0,0,0,-3.14159,-3.14159,-3.14159,0,0,0,0,0,0,0,0,0,0,0,0,0
1.32832,0,0,0,2.68418,1.22938,2.86239,0.000244141,-0.000476074,-0.000863075,0,0,0,0,0,0,0,0,-1073.66,-491.772,-1144.99,-0,0,0,1.8385,1.24992,3.12898,-0.000178223,0.000126953,-0.000247955,-0.03117,0.0339378,-0.020994,0.444497,-0.149583,0.135149,-0.442575,0.155176,-0.00561523,0.00498047,-0.00715256,0,0,0,0,0,0,0,0,0,0,0,0,0.0571133,-0.050023,0.0204442,0,0.0901067,0,0,0,0,0,0,-3.14159,-3.14159,-3.14159,0,0,0,0,0,0,0,0,0,0,0,0,0
1.39082,0,0,0,2.6842,1.22935,2.86232,0.000332031,-0.000708008,-0.0013876,0,0,0,0,0,0,0,0,0.00175781,-0.00463867,-0.0104904,-0,0,0,1.83851,1.24993,3.12897,0.000153809,1.46484e-05,-0.000171661,-0.0318241,0.0349386,-0.0203473,0.444933,-0.149124,0.136004,-0.443016,0.154726,0.00664063,-0.00224609,0.00152588,0,0,0,0,0,0,0,0,0,0,0,0,0.0569393,-0.050197,0.0205747,0,0.0911355,0,0,0,0,0,0,-3.14159,-3.14159,-3.14159,0,0,0,0,0,0,0,0,0,0,0,0,0
1.45334,0,0,0,2.68422,1.22931,2.86225,0.00046875,-0.000769043,-0.00152588,0,0,0,0,0,0,0,0,0.00273438,-0.0012207,-0.00276566,-0,0,0,1.83851,1.24992,3.12898,-4.15039e-05,-0.00015625,0.000133514,-0.0335215,0.0324151,-0.0187867,0.446343,-0.147895,0.135172,-0.444442,0.153512,-0.00390625,-0.00341797,0.00610352,0,0,0,0,0,0,0,0,0,0,0,0,0.057135,-0.0498056,0.0202702,0,0.092149,0,0,0,0,0,0,-3.14159,-3.14159,-3.14159,0,0,0,0,0,0,0,0,0,0,0,0,0
1.45334,0,0,0,2.68422,1.22931,2.86225,0.00046875,-0.000769043,-0.00152588,0,0,0,0,0,0,0,0,0.00273438,-0.0012207,-0.00276566,-0,0,0,1.83851,1.24992,3.12898,-4.15039e-05,-0.00015625,0.000133514,-0.0324797,0.0335423,-0.0202281,0.448255,-0.14657,0.133623,-0.446371,0.152212,-0.00390625,-0.00341797,0.00610352,0,0,0,0,0,0,0,0,0,0,0,0,0.0573743,-0.0499795,0.0203355,0,0.0931657,0,0,0,0,0,0,-3.14159,-3.14159,-3.14159,0,0,0,0,0,0,0,0,0,0,0,0,0
1.5159,0,0,0,2.68421,1.22931,2.86203,-0.000214844,9.76562e-05,-0.00432014,0,0,0,0,0,0,0,0,-0.0136719,0.017334,-0.0558853,-0,0,0,1.83851,1.24993,3.12899,-5.61523e-05,0.000258789,0.000181198,-0.0326126,0.0341457,-0.0208871,0.449329,-0.146606,0.132742,-0.447446,0.152257,-0.000292969,0.00830078,0.000953674,0,0,0,0,0,0,0,0,0,0,0,0,0.0575917,-0.0502623,0.0201832,0,0.0941749,0,0,0,0,0,0,-3.14159,-3.14159,-3.14159,0,0,0,0,0,0,0,0,0,0,0,0,0
1.57832,0,0,0,2.68421,1.22931,2.86222,-2.92969e-05,9.76563e-06,0.00365734,0,0,0,0,0,0,0,0,0.00371094,-0.00175781,0.15955,-0,0,0,1.83851,1.24991,3.12898,6.83594e-05,-0.000449219,-0.00017643,-0.0322196,0.0326624,-0.0193281,0.44941,-0.147769,0.131898,-0.447511,0.153424,0.00249023,-0.0141602,-0.00715256,0,0,0,0,0,0,0,0,0,0,0,0,0.057831,-0.0501535,0.0198352,0,0.0951667,0,0,0,0,0,0,-3.14159,-3.14159,-3.14159,0,0,0,0,0,0,0,0,0,0,0,0,0
1.64077,0,0,0,2.68423,1.2293,2.86212,0.000371094,-0.000197754,-0.00186443,0,0,0,0,0,0,0,0,0.00800781,-0.00415039,-0.110435,-0,0,0,1.83851,1.24993,3.12899,-1.2207e-05,0.000410156,8.58307e-05,-0.0307819,0.035225,-0.0210299,0.448992,-0.147996,0.131318,-0.44709,0.153645,-0.00161133,0.0171875,0.00524521,0,0,0,0,0,0,0,0,0,0,0,0,0.0581572,-0.0506755,0.0198352,0,0.0961584,0,0,0,0,0,0,-3.14159,-3.14159,-3.14159,0,0,0,0,0,0,0,0,0,0,0,0,0
1.70331,0,0,0,2.68423,1.22934,2.86237,-8.78906e-05,0.00067627,0.00493526,0,0,0,0,0,0,0,0,-0.00917969,0.0174805,0.135994,-0,0,0,1.83851,1.24992,3.129,6.10352e-05,-0.000168457,0.000200272,-0.0298645,0.030871,-0.0199907,0.448393,-0.147972,0.131551,-0.446494,0.153609,0.00146484,-0.0115723,0.00228882,0,0,0,0,0,0,0,0,0,0,0,0,0.0582225,-0.0503058,0.01977,0,0.0971469,0,0,0,0,0,0,-3.14159,-3.14159,-3.14159,0,0,0,0,0,0,0,0,0,0,0,0,0
1.70331,0,0,0,2.68423,1.22934,2.86237,-8.78906e-05,0.00067627,0.00493526,0,0,0,0,0,0,0,0,-0.00917969,0.0174805,0.135994,-0,0,0,1.83851,1.24992,3.129,6.10352e-05,-0.000168457,0.000200272,-0.0305143,0.0329099,-0.019343,0.447588,-0.148459,0.131387,-0.445683,0.154086,0.00146484,-0.0115723,0.00228882,0,0,0,0,0,0,0,0,0,0,0,0,0.0581137,-0.0506973,0.019857,0,0.0981398,0,0,0,0,0,0,-3.14159,-3.14159,-3.14159,0,0,0,0,0,0,0,0,0,0,0,0,0
1.76582,0,0,0,2.6842,1.22937,2.86241,-0.000595703,0.000683594,0.000901222,0,0,0,0,0,0,0,0,-0.0101563,0.000146484,-0.0806808,-0,0,0,1.83851,1.24992,3.129,2.68555e-05,-4.15039e-05,3.33786e-05,-0.0273799,0.0306406,-0.0203923,0.445937,-0.149253,0.131289,-0.444022,0.154857,-0.000683594,0.00253906,-0.00333786,0,0,0,0,0,0,0,0,0,0,0,0,0.057657,-0.0505233,0.0198787,0,0.0991337,0,0,0,0,0,0,-3.14159,-3.14159,-3.14159,0,0,0,0,0,0,0,0,0,0,0,0,0
1.82828,0,0,0,2.6842,1.22942,2.86255,7.8125e-05,0.00105469,0.00264168,0,0,0,0,0,0,0,0,0.0134766,0.00742188,0.0348091,-0,0,0,1.83851,1.24992,3.12896,1.46484e-05,-5.12695e-05,-0.000691414,-0.028551,0.0311118,-0.019353,0.444468,-0.150309,0.132603,-0.442534,0.155911,-0.000244141,-0.000195313,-0.0144958,0,0,0,0,0,0,0,0,0,0,0,0,0.0573743,-0.0503275,0.0196177,0,0.100115,0,0,0,0,0,0,-3.14159,-3.14159,-3.14159,0,0,0,0,0,0,0,0,0,0,0,0,0
1.89079,0,0,0,2.68423,1.22931,2.86207,0.000585937,-0.0022876,-0.0095129,0,0,0,0,0,0,0,0,0.0101562,-0.0668457,-0.243092,-0,0,0,1.83851,1.24992,3.12899,-8.30078e-05,1.70898e-05,0.000581741,-0.0284186,0.032235,-0.0194892,0.444225,-0.150348,0.134666,-0.442295,0.155934,-0.00195312,0.00136719,0.0254631,0,0,0,0,0,0,0,0,0,0,0,0,0.057135,-0.0505668,0.0196395,0,0.101097,0,0,0,0,0,0,-3.14159,-3.14159,-3.14159,0,0,0,0,0,0,0,0,0,0,0,0,0
1.95331,0,0,0,2.68423,1.22931,2.86208,7.8125e-05,-1.70898e-05,0.000138283,0,0,0,0,0,0,0,0,-0.0101562,0.0454102,0.193024,-0,0,0,1.83851,1.24993,3.12897,0.000114746,0.000244141,-0.000400543,-0.0290681,0.031793,-0.0214516,0.444331,-0.149641,0.135843,-0.442407,0.155237,0.00395508,0.00454102,-0.0196457,0,0,0,0,0,0,0,0,0,0,0,0,0.0572438,-0.0503058,0.0197047,0,0.102082,0,0,0,0,0,0,-3.14159,-3.14159,-3.14159,0,0,0,0,0,0,0,0,0,0,0,0,0
1.95331,0,0,0,2.68423,1.22931,2.86208,7.8125e-05,-1.70898e-05,0.000138283,0,0,0,0,0,0,0,0,-0.0101562,0.0454102,0.193024,-0,0,0,1.83851,1.24993,3.12897,0.000114746,0.000244141,-0.000400543,-0.0277581,0.0312189,-0.0202824,0.44411,-0.148903,0.135986,-0.442195,0.154497,0.00395508,0.00454102,-0.0196457,0,0,0,0,0,0,0,0,0,0,0,0,0.0572873,-0.0506755,0.0197482,0,0.103069,0,0,0,0,0,0,-3.14159,-3.14159,-3.14159,0,0,0,0,0,0,0,0,0,0,0,0,0
2.01584,0,0,0,2.68423,1.22931,2.86223,-0.000146484,-5.37109e-05,0.00296116,0,0,0,0,0,0,0,0,-0.00449219,-0.000732422,0.0564575,-0,0,0,1.8385,1.24992,3.129,-0.000205078,-0.000234375,0.00058651,-0.0270999,0.0310353,-0.0192439,0.443565,-0.148615,0.136778,-0.441659,0.154189,-0.00639648,-0.00957031,0.0197411,0,0,0,0,0,0,0,0,0,0,0,0,0.0571133,-0.0506755,0.0197265,0,0.104056,0,0,0,0,0,0,-3.14159,-3.14159,-3.14159,0,0,0,0,0,0,0,0,0,0,0,0,0
2.07832,0,0,0,2.68422,1.22931,2.86213,-5.37109e-05,0.000109863,-0.00198364,0,0,0,0,0,0,0,0,0.00185547,0.00327148,-0.098896,-0,0,0,1.83852,1.24993,3.12898,0.000209961,0.000178223,-0.000376701,-0.0265723,0.0299382,-0.0205545,0.443808,-0.149444,0.137981,-0.441888,0.155028,0.00830078,0.00825195,-0.0192642,0,0,0,0,0,0,0,0,0,0,0,0,0.0573743,-0.0508713,0.0197482,0,0.105043,0,0,0,0,0,0,-3.14159,-3.14159,-3.14159,0,0,0,0,0,0,0,0,0,0,0,0,0
2.1408,0,0,0,2.68424,1.22931,2.86208,0.000317383,-8.78906e-05,-0.000905991,0,0,0,0,0,0,0,0,0.00742188,-0.00395508,0.021553,-0,0,0,1.83852,1.24991,3.12898,0.000124512,-0.000292969,-0.000119209,-0.0246116,0.0304084,-0.020168,0.44507,-0.149639,0.138313,-0.443147,0.155242,-0.00170898,-0.00942383,0.00514984,0,0,0,0,0,0,0,0,0,0,0,0,0.0571133,-0.051067,0.0198787,0,0.106037,0,0,0,0,0,0,-3.14159,-3.14159,-3.14159,0,0,0,0,0,0,0,0,0,0,0,0,0
2.20327,0,0,0,2.68424,1.2293,2.86217,-4.88281e-05,-0.000148926,0.00185013,0,0,0,0,0,0,0,0,-0.00732422,-0.0012207,0.0551224,-0,0,0,1.83851,1.24991,3.12899,-0.000212402,3.66211e-05,0.000219345,-0.025653,0.0294433,-0.0196516,0.446227,-0.149351,0.137609,-0.444309,0.154964,-0.00673828,0.0065918,0.00677109,0,0,0,0,0,0,0,0,0,0,0,0,0.057048,-0.0509148,0.0199005,0,0.107032,0,0,0,0,0,0,-3.14159,-3.14159,-3.14159,0,0,0,0,0,0,0,0,0,0,0,0,0
2.20327,0,0,0,2.68424,1.2293,2.86217,-4.88281e-05,-0.000148926,0.00185013,0,0,0,0,0,0,0,0,-0.00732422,-0.0012207,0.0551224,-0,0,0,1.83851,1.24991,3.12899,-0.000212402,3.66211e-05,0.000219345,-0.0286522,0.0310855,-0.0188746,0.446478,-0.150486,0.136529,-0.444546,0.156103,-0.00673828,0.0065918,0.00677109,0,0,0,0,0,0,0,0,0,0,0,0,0.0573743,-0.0511105,0.0194655,0,0.108005,0,0,0,0,0,0,-3.14159,-3.14159,-3.14159,0,0,0,0,0,0,0,0,0,0,0,0,0
2.26579,0,0,0,2.68421,1.22934,2.8621,-0.000478516,0.000708008,-0.0014019,0,0,0,0,0,0,0,0,-0.00859375,0.0171387,-0.0650406,-0,0,0,1.83851,1.24992,3.12899,8.30078e-05,0.000141602,0.000143051,-0.0256459,0.0292054,-0.0197931,0.445958,-0.152027,0.137001,-0.444007,0.157633,0.0059082,0.00209961,-0.00152588,0,0,0,0,0,0,0,0,0,0,0,0,0.0574178,-0.0510888,0.0193785,0,0.108974,0,0,0,0,0,0,-3.14159,-3.14159,-3.14159,0,0,0,0,0,0,0,0,0,0,0,0,0
2.32826,0,0,0,2.68421,1.22937,2.86244,-0.000126953,0.000776367,0.00675201,0,0,0,0,0,0,0,0,0.00703125,0.00136719,0.163078,-0,0,0,1.83851,1.24993,3.12898,-0.000114746,0.000249023,-0.000348091,-0.0226371,0.0279789,-0.0205809,0.445623,-0.152387,0.138472,-0.443665,0.157997,-0.00395508,0.00214844,-0.00982285,0,0,0,0,0,0,0,0,0,0,0,0,0.0570698,-0.050893,0.019596,0,0.109954,0,0,0,0,0,0,-3.14159,-3.14159,-3.14159,0,0,0,0,0,0,0,0,0,0,0,0,0
2.39076,0,0,0,2.68421,1.22936,2.86243,0.000107422,-0.000334473,-0.000252724,0,0,0,0,0,0,0,0,0.0046875,-0.0222168,-0.140095,-0,0,0,1.83851,1.24993,3.12898,1.70898e-05,-0.000100098,0.000100136,-0.0248511,0.0274015,-0.0203263,0.445361,-0.151158,0.139473,-0.44342,0.156763,0.00263672,-0.00698242,0.00896454,0,0,0,0,0,0,0,0,0,0,0,0,0.0571785,-0.0507843,0.0195525,0,0.110932,0,0,0,0,0,0,-3.14159,-3.14159,-3.14159,0,0,0,0,0,0,0,0,0,0,0,0,0
2.45327,0,0,0,2.68422,1.22937,2.86234,0.000117188,0.000153809,-0.0018549,0,0,0,0,0,0,0,0,0.000195313,0.00976563,-0.0320435,-0,0,0,1.83851,1.24992,3.12897,-1.46484e-05,-0.000131836,-0.000324249,-0.0232801,0.025389,-0.019028,0.444425,-0.149313,0.140536,-0.442504,0.154913,-0.000634766,-0.000634766,-0.0084877,0,0,0,0,0,0,0,0,0,0,0,0,0.0573525,-0.0502623,0.0193567,0,0.111899,0,0,0,0,0,0,-3.14159,-3.14159,-3.14159,0,0,0,0,0,0,0,0,0,0,0,0,0
2.45327,0,0,0,2.68422,1.22937,2.86234,0.000117188,0.000153809,-0.0018549,0,0,0,0,0,0,0,0,0.000195313,0.00976563,-0.0320435,-0,0,0,1.83851,1.24992,3.12897,-1.46484e-05,-0.000131836,-0.000324249,-0.0253641,0.027161,-0.0212525,0.443008,-0.148121,0.141825,-0.441103,0.153703,-0.000634766,-0.000634766,-0.0084877,0,0,0,0,0,0,0,0,0,0,0,0,0.0577005,-0.050197,0.0196177,0,0.11288,0,0,0,0,0,0,-3.14159,-3.14159,-3.14159,0,0,0,0,0,0,0,0,0,0,0,0,0
2.51572,0,0,0,2.68419,1.22944,2.86249,-0.000605469,0.00144043,0.00306129,0,0,0,0,0,0,0,0,-0.0144531,0.0257324,0.0983238,-0,0,0,1.83851,1.24993,3.12899,-3.90625e-05,0.00013916,0.000457764,-0.0252305,0.0273669,-0.0212579,0.442117,-0.14721,0.142871,-0.440226,0.152771,-0.000488281,0.00541992,0.0156403,0,0,0,0,0,0,0,0,0,0,0,0,0.0575265,-0.0498925,0.0200092,0,0.113881,0,0,0,0,0,0,-3.14159,-3.14159,-3.14159,0,0,0,0,0,0,0,0,0,0,0,0,0
2.57826,0,0,0,2.68422,1.2294,2.8624,0.000629883,-0.000791016,-0.00179768,0,0,0,0,0,0,0,0,0.024707,-0.0446289,-0.0971794,-0,0,0,1.83851,1.24993,3.12899,6.83594e-05,-1.46484e-05,-4.76837e-06,-0.0243114,0.0271837,-0.0208712,0.44274,-0.146743,0.143029,-0.440855,0.152311,0.00214844,-0.00307617,-0.00925064,0,0,0,0,0,0,0,0,0,0,0,0,0.0577005,-0.0498708,0.0201832,0,0.11489,0,0,0,0,0,0,-3.14159,-3.14159,-3.14159,0,0,0,0,0,0,0,0,0,0,0,0,0
2.64074,0,0,0,2.68423,1.22941,2.8624,0.000136719,0.000209961,-9.53674e-06,0,0,0,0,0,0,0,0,-0.00986328,0.0200195,0.0357628,-0,0,0,1.83851,1.24993,3.12897,2.19727e-05,4.15039e-05,-0.000343323,-0.0230027,0.0268702,-0.0224426,0.44412,-0.147191,0.143201,-0.442227,0.152785,-0.000927734,0.00112305,-0.00677109,0,0,0,0,0,0,0,0,0,0,0,0,0.0581572,-0.0500013,0.0204877,0,0.115914,0,0,0,0,0,0,-3.14159,-3.14159,-3.14159,0,0,0,0,0,0,0,0,0,0,0,0,0
2.70322,0,0,0,2.68422,1.22942,2.86244,-0.000102539,0.000266113,0.000829697,0,0,0,0,0,0,0,0,-0.00478516,0.00112305,0.0167847,-0,0,0,1.83851,1.24992,3.12898,-7.32422e-05,-0.00020752,0.000219345,-0.0213041,0.0242083,-0.0204911,0.445095,-0.14771,0.143933,-0.443197,0.153311,-0.0019043,-0.00498047,0.0112534,0,0,0,0,0,0,0,0,0,0,0,0,0.0579615,-0.0497838,0.0205094,0,0.11694,0,0,0,0,0,0,-3.14159,-3.14159,-3.14159,0,0,0,0,0,0,0,0,0,0,0,0,0
2.70322,0,0,0,2.68422,1.22942,2.86244,-0.000102539,0.000266113,0.000829697,0,0,0,0,0,0,0,0,-0.00478516,0.00112305,0.0167847,-0,0,0,1.83851,1.24992,3.12898,-7.32422e-05,-0.00020752,0.000219345,-0.0223486,0.0268944,-0.0207582,0.445764,-0.14848,0.143933,-0.443856,0.15409,-0.0019043,-0.00498047,0.0112534,0,0,0,0,0,0,0,0,0,0,0,0,0.0582007,-0.0503493,0.0207922,0,0.117979,0,0,0,0,0,0,-3.14159,-3.14159,-3.14159,0,0,0,0,0,0,0,0,0,0,0,0,0
2.76569,0,0,0,2.68421,1.22943,2.86248,-0.000263672,0.000244141,0.00079155,0,0,0,0,0,0,0,0,-0.00322266,-0.000439453,-0.000762939,-0,0,0,1.83851,1.24993,3.12896,2.68555e-05,0.000187988,-0.000457764,-0.0185635,0.0268404,-0.0193291,0.446211,-0.149473,0.144012,-0.444287,0.155098,0.00200195,0.00791016,-0.0135422,0,0,0,0,0,0,0,0,0,0,0,0,0.0574613,-0.0506103,0.0204659,0,0.119003,0,0,0,0,0,0,-3.14159,-3.14159,-3.14159,0,0,0,0,0,0,0,0,0,0,0,0,0
2.82822,0,0,0,2.68421,1.22945,2.86241,-4.88281e-05,0.000324707,-0.00134468,0,0,0,0,0,0,0,0,0.00429687,0.00161133,-0.0427246,-0,0,0,1.83851,1.24993,3.12898,2.68555e-05,2.92969e-05,0.000519753,-0.0206507,0.0270479,-0.0205096,0.446827,-0.149721,0.144714,-0.444904,0.155342,0.00200195,-0.00317383,0.0195503,0,0,0,0,0,0,0,0,0,0,0,0,0.0570915,-0.0508713,0.0203355,0,0.120019,0,0,0,0,0,0,-3.14159,-3.14159,-3.14159,0,0,0,0,0,0,0,0,0,0,0,0,0
2.89069,0,0,0,2.68422,1.22941,2.8624,0.000205078,-0.000830078,-0.000238419,0,0,0,0,0,0,0,0,0.00507813,-0.0230957,0.0221252,-0,0,0,1.83851,1.24992,3.12899,2.44141e-06,-0.000256348,5.24521e-05,-0.0210402,0.0255595,-0.0209074,0.447276,-0.149697,0.145109,-0.445354,0.155322,-0.000488281,-0.00571289,-0.00934601,0,0,0,0,0,0,0,0,0,0,0,0,0.0569393,-0.0509148,0.0203355,0,0.121036,0,0,0,0,0,0,-3.14159,-3.14159,-3.14159,0,0,0,0,0,0,0,0,0,0,0,0,0
2.95324,0,0,0,2.68424,1.22931,2.86203,0.000498047,-0.00200684,-0.00742435,0,0,0,0,0,0,0,0,0.00585937,-0.0235352,-0.143719,-0,0,0,1.8385,1.24992,3.12899,-0.000153809,0.000117187,4.76837e-06,-0.0211703,0.0243325,-0.0202615,0.446761,-0.150355,0.145457,-0.444831,0.155975,-0.003125,0.0074707,-0.000953674,0,0,0,0,0,0,0,0,0,0,0,0,0.0570263,-0.050806,0.0199657,0,0.122034,0,0,0,0,0,0,-3.14159,-3.14159,-3.14159,0,0,0,0,0,0,0,0,0,0,0,0,0
2.95324,0,0,0,2.68424,1.22931,2.86203,0.000498047,-0.00200684,-0.00742435,0,0,0,0,0,0,0,0,0.00585937,-0.0235352,-0.143719,-0,0,0,1.8385,1.24992,3.12899,-0.000153809,0.000117187,4.76837e-06,-0.0189543,0.0233691,-0.0202658,0.445457,-0.1515,0.146178,-0.443512,0.157102,-0.003125,0.0074707,-0.000953674,0,0,0,0,0,0,0,0,0,0,0,0,0.0570263,-0.05098,0.0199222,0,0.123031,0,0,0,0,0,0,-3.14159,-3.14159,-3.14159,0,0,0,0,0,0,0,0,0,0,0,0,0
3.01565,0,0,0,2.68421,1.22939,2.86217,-0.000537109,0.00163818,0.00282764,0,0,0,0,0,0,0,0,-0.0207031,0.0729004,0.20504,-0,0,0,1.83851,1.24993,3.12897,0.00015625,0.000246582,-0.00038147,-0.0189555,0.0239713,-0.0219676,0.444084,-0.151766,0.146966,-0.442132,0.15736,0.00620117,0.00258789,-0.00772476,0,0,0,0,0,0,0,0,0,0,0,0,0.0568523,-0.050806,0.020118,0,0.124036,0,0,0,0,0,0,-3.14159,-3.14159,-3.14159,0,0,0,0,0,0,0,0,0,0,0,0,0
3.07817,0,0,0,2.68421,1.22936,2.86233,-9.76563e-05,-0.000532227,0.00327587,0,0,0,0,0,0,0,0,0.00878906,-0.0434082,0.00896454,-0,0,0,1.83851,1.24992,3.12897,-7.32422e-06,-0.000258789,2.38419e-05,-0.0184354,0.0233961,-0.0211911,0.443869,-0.150927,0.146579,-0.441929,0.156518,-0.00327148,-0.0101074,0.00810623,0,0,0,0,0,0,0,0,0,0,0,0,0.057222,-0.050545,0.0204225,0,0.125058,0,0,0,0,0,0,-3.14159,-3.14159,-3.14159,0,0,0,0,0,0,0,0,0,0,0,0,0
3.14068,0,0,0,2.68424,1.22932,2.86215,0.000566406,-0.000871582,-0.00359535,0,0,0,0,0,0,0,0,0.0132813,-0.00678711,-0.137424,-0,0,0,1.83852,1.24993,3.12897,0.000158691,0.000131836,4.76837e-05,-0.016873,0.0220381,-0.0213274,0.444192,-0.150472,0.145889,-0.442258,0.156066,0.00332031,0.0078125,0.000476837,0,0,0,0,0,0,0,0,0,0,0,0,0.0569828,-0.050023,0.0205529,0,0.126085,0,0,0,0,0,0,-3.14159,-3.14159,-3.14159,0,0,0,0,0,0,0,0,0,0,0,0,0
3.20319,0,0,0,2.68424,1.2293,2.86211,5.85938e-05,-0.000424805,-0.000967979,0,0,0,0,0,0,0,0,-0.0101562,0.00893555,0.0525475,-0,0,0,1.83851,1.24992,3.12898,-0.00015625,-7.32422e-05,0.000190735,-0.0193556,0.0222489,-0.0200281,0.444083,-0.150616,0.145809,-0.442148,0.156204,-0.00629883,-0.00410156,0.00286102,0,0,0,0,0,0,0,0,0,0,0,0,0.0570915,-0.0497838,0.0204007,0,0.127105,0,0,0,0,0,0,-3.14159,-3.14159,-3.14159,0,0,0,0,0,0,0,0,0,0,0,0,0
3.20319,0,0,0,2.68424,1.2293,2.86211,5.85938e-05,-0.000424805,-0.000967979,0,0,0,0,0,0,0,0,-0.0101562,0.00893555,0.0525475,-0,0,0,1.83851,1.24992,3.12898,-0.00015625,-7.32422e-05,0.000190735,-0.0196225,0.0240267,-0.0200332,0.444437,-0.149905,0.144846,-0.442511,0.155498,-0.00629883,-0.00410156,0.00286102,0,0,0,0,0,0,0,0,0,0,0,0,0.057222,-0.0500448,0.0203572,0,0.128123,0,0,0,0,0,0,-3.14159,-3.14159,-3.14159,0,0,0,0,0,0,0,0,0,0,0,0,0
3.26573,0,0,0,2.68422,1.22932,2.86208,-0.000336914,0.00045166,-0.000591278,0,0,0,0,0,0,0,0,-0.00791016,0.0175293,0.00753403,-0,0,0,1.83851,1.24993,3.129,3.90625e-05,0.000112305,0.000314713,-0.0166275,0.0229338,-0.0197777,0.445391,-0.148916,0.142755,-0.44348,0.154514,0.00390625,0.00371094,0.00247955,0,0,0,0,0,0,0,0,0,0,0,0,0.057222,-0.050284,0.0202702,0,0.129137,0,0,0,0,0,0,-3.14159,-3.14159,-3.14159,0,0,0,0,0,0,0,0,0,0,0,0,0
3.32821,0,0,0,2.68424,1.22929,2.86202,0.000341797,-0.000708008,-0.00106335,0,0,0,0,0,0,0,0,0.0135742,-0.0231934,-0.00944138,-0,0,0,1.83851,1.24992,3.12897,-9.76563e-06,-0.000297852,-0.000476837,-0.0168954,0.022102,-0.0193914,0.445915,-0.149272,0.141167,-0.443996,0.154887,-0.000976563,-0.00820312,-0.015831,0,0,0,0,0,0,0,0,0,0,0,0,0.0572655,-0.050284,0.0198352,0,0.130128,0,0,0,0,0,0,-3.14159,-3.14159,-3.14159,0,0,0,0,0,0,0,0,0,0,0,0,0
3.39068,0,0,0,2.68422,1.22932,2.86216,-0.000351562,0.000668945,0.00274658,0,0,0,0,0,0,0,0,-0.0138672,0.0275391,0.0761986,-0,0,0,1.83851,1.24992,3.12898,-0.000114746,9.52148e-05,0.000195503,-0.0182068,0.0208794,-0.0223984,0.445751,-0.150494,0.141467,-0.443818,0.156102,-0.00209961,0.00786133,0.0134468,0,0,0,0,0,0,0,0,0,0,0,0,0.0576135,-0.0501753,0.020031,0,0.13113,0,0,0,0,0,0,-3.14159,-3.14159,-3.14159,0,0,0,0,0,0,0,0,0,0,0,0,0
3.45316,0,0,0,2.68425,1.22929,2.86206,0.00050293,-0.000505371,-0.00209332,0,0,0,0,0,0,0,0,0.0170898,-0.0234863,-0.0967979,-0,0,0,1.83851,1.24993,3.129,0.00015625,0.000266113,0.00026226,-0.0158648,0.0216164,-0.0210983,0.446012,-0.15128,0.142353,-0.444071,0.156886,0.00541992,0.00341797,0.00133514,0,0,0,0,0,0,0,0,0,0,0,0,0.057831,-0.0504145,0.0199875,0,0.132129,0,0,0,0,0,0,-3.14159,-3.14159,-3.14159,0,0,0,0,0,0,0,0,0,0,0,0,0
3.45316,0,0,0,2.68425,1.22929,2.86206,0.00050293,-0.000505371,-0.00209332,0,0,0,0,0,0,0,0,0.0170898,-0.0234863,-0.0967979,-0,0,0,1.83851,1.24993,3.129,0.00015625,0.000266113,0.00026226,-0.0167882,0.0211783,-0.0196686,0.446887,-0.151071,0.143032,-0.444949,0.156687,0.00541992,0.00341797,0.00133514,0,0,0,0,0,0,0,0,0,0,0,0,0.0577875,-0.050545,0.0199222,0,0.133125,0,0,0,0,0,0,-3.14159,-3.14159,-3.14159,0,0,0,0,0,0,0,0,0,0,0,0,0
3.5157,0,0,0,2.68422,1.22934,2.86215,-0.000488281,0.00092041,0.00189781,0,0,0,0,0,0,0,0,-0.0198242,0.0285156,0.0798225,-0,0,0,1.83851,1.24992,3.129,-6.10352e-05,-0.000217285,8.58307e-05,-0.0153638,0.0208709,-0.0195447,0.447077,-0.150497,0.144429,-0.445146,0.156115,-0.0043457,-0.00966797,-0.00352859,0,0,0,0,0,0,0,0,0,0,0,0,0.0574613,-0.0503275,0.0198352,0,0.134117,0,0,0,0,0,0,-3.14159,-3.14159,-3.14159,0,0,0,0,0,0,0,0,0,0,0,0,0
3.57813,0,0,0,2.68421,1.22936,2.86216,-0.000268555,0.000361328,0.000243187,0,0,0,0,0,0,0,0,0.00439453,-0.0111816,-0.0330925,-0,0,0,1.83851,1.24993,3.12901,2.92969e-05,0.000141602,0.000138283,-0.0157675,0.0203024,-0.0209864,0.446809,-0.149802,0.146096,-0.444889,0.155413,0.00180664,0.00717773,0.00104904,0,0,0,0,0,0,0,0,0,0,0,0,0.0577005,-0.050197,0.020031,0,0.135119,0,0,0,0,0,0,-3.14159,-3.14159,-3.14159,0,0,0,0,0,0,0,0,0,0,0,0,0
3.64065,0,0,0,2.68423,1.22929,2.86204,0.000473633,-0.00127441,-0.00239372,0,0,0,0,0,0,0,0,0.0148438,-0.0327148,-0.0527382,-0,0,0,1.83851,1.24991,3.12899,9.76562e-06,-0.000351563,-0.000419617,-0.0136916,0.020778,-0.0211231,0.447303,-0.14955,0.146528,-0.445382,0.155177,-0.000390625,-0.00986328,-0.011158,0,0,0,0,0,0,0,0,0,0,0,0,0.0575482,-0.050284,0.0203137,0,0.136134,0,0,0,0,0,0,-3.14159,-3.14159,-3.14159,0,0,0,0,0,0,0,0,0,0,0,0,0
3.70322,0,0,0,2.68424,1.22928,2.862,4.88281e-05,-0.000310059,-0.000782013,0,0,0,0,0,0,0,0,-0.00849609,0.0192871,0.0322342,-0,0,0,1.83851,1.24992,3.12897,-0.000124512,0.000180664,-0.000324249,-0.013966,0.01982,-0.0213901,0.448021,-0.149962,0.146125,-0.446093,0.155604,-0.00268555,0.0106445,0.00190735,0,0,0,0,0,0,0,0,0,0,0,0,0.057222,-0.0504145,0.0201397,0,0.137141,0,0,0,0,0,0,-3.14159,-3.14159,-3.14159,0,0,0,0,0,0,0,0,0,0,0,0,0
3.70322,0,0,0,2.68424,1.22928,2.862,4.88281e-05,-0.000310059,-0.000782013,0,0,0,0,0,0,0,0,-0.00849609,0.0192871,0.0322342,-0,0,0,1.83851,1.24992,3.12897,-0.000124512,0.000180664,-0.000324249,-0.0143728,0.0200398,-0.0225691,0.44782,-0.149274,0.146227,-0.4459,0.154914,-0.00268555,0.0106445,0.00190735,0,0,0,0,0,0,0,0,0,0,0,0,0.0573525,-0.050458,0.020379,0,0.13816,0,0,0,0,0,0,-3.14159,-3.14159,-3.14159,0,0,0,0,0,0,0,0,0,0,0,0,0
3.76562,0,0,0,2.68422,1.2293,2.86204,-0.000273437,0.000441895,0.000734329,0,0,0,0,0,0,0,0,-0.00644531,0.0150391,0.0303268,-0,0,0,1.83851,1.24992,3.12899,1.2207e-05,-9.76562e-06,0.000452995,-0.0141271,0.0188227,-0.0200947,0.447813,-0.148064,0.145624,-0.445912,0.153694,0.00273437,-0.00380859,0.0155449,0,0,0,0,0,0,0,0,0,0,0,0,0.0572873,-0.050371,0.0204442,0,0.139183,0,0,0,0,0,0,-3.14159,-3.14159,-3.14159,0,0,0,0,0,0,0,0,0,0,0,0,0
3.82819,0,0,0,2.68423,1.22929,2.86212,5.37109e-05,-0.00027832,0.00153542,0,0,0,0,0,0,0,0,0.00654297,-0.0144043,0.0160217,-0,0,0,1.8385,1.24992,3.12899,-0.000100098,-3.41797e-05,-0.000114441,-0.0120564,0.0207367,-0.021928,0.448608,-0.148182,0.143414,-0.446704,0.153824,-0.00224609,-0.000488281,-0.0113487,0,0,0,0,0,0,0,0,0,0,0,0,0.0571133,-0.0506538,0.0208357,0,0.140224,0,0,0,0,0,0,-3.14159,-3.14159,-3.14159,0,0,0,0,0,0,0,0,0,0,0,0,0
3.8906,0,0,0,2.68423,1.2293,2.86205,0.000151367,0.00027832,-0.00133991,0,0,0,0,0,0,0,0,0.00195313,0.0111328,-0.0575066,-0,0,0,1.83851,1.24992,3.12898,0.000109863,9.52148e-05,-0.000133514,-0.0119465,0.0182156,-0.0228473,0.44858,-0.148945,0.14153,-0.446666,0.15459,0.00419922,0.00258789,-0.00038147,0,0,0,0,0,0,0,0,0,0,0,0,0.0568523,-0.0506103,0.0211402,0,0.141281,0,0,0,0,0,0,-3.14159,-3.14159,-3.14159,0,0,0,0,0,0,0,0,0,0,0,0,0
3.95313,0,0,0,2.68424,1.22928,2.86203,0.000209961,-0.000490723,-0.000376701,0,0,0,0,0,0,0,0,0.00117187,-0.0153809,0.0192642,-0,0,0,1.83851,1.24992,3.12898,4.88281e-06,-8.54492e-05,8.10623e-05,-0.0127473,0.0186985,-0.0206338,0.447713,-0.148924,0.141792,-0.445799,0.154557,-0.00209961,-0.00361328,0.00429153,0,0,0,0,0,0,0,0,0,0,0,0,0.0570698,-0.0505668,0.0210532,0,0.142334,0,0,0,0,0,0,-3.14159,-3.14159,-3.14159,0,0,0,0,0,0,0,0,0,0,0,0,0
3.95313,0,0,0,2.68424,1.22928,2.86203,0.000209961,-0.000490723,-0.000376701,0,0,0,0,0,0,0,0,0.00117187,-0.0153809,0.0192642,-0,0,0,1.83851,1.24992,3.12898,4.88281e-06,-8.54492e-05,8.10623e-05,-0.0113309,0.017486,-0.0202469,0.446957,-0.14856,0.142495,-0.445049,0.154183,-0.00209961,-0.00361328,0.00429153,0,0,0,0,0,0,0,0,0,0,0,0,0.0570045,-0.0504798,0.0208574,0,0.143377,0,0,0,0,0,0,-3.14159,-3.14159,-3.14159,0,0,0,0,0,0,0,0,0,0,0,0,0
4.0157,0,0,0,2.68421,1.22938,2.86248,-0.000708008,0.00211426,0.00895977,0,0,0,0,0,0,0,0,-0.0183594,0.0520996,0.186729,-0,0,0,1.83851,1.24992,3.12899,-4.88281e-06,9.27734e-05,9.05991e-05,-0.00978635,0.0177102,-0.0212958,0.446931,-0.149645,0.142012,-0.445009,0.155265,-0.000195313,0.00356445,0.000190735,0,0,0,0,0,0,0,0,0,0,0,0,0.056613,-0.0503928,0.0206399,0,0.144409,0,0,0,0,0,0,-3.14159,-3.14159,-3.14159,0,0,0,0,0,0,0,0,0,0,0,0,0
4.07817,0,0,0,2.68421,1.22938,2.86242,-2.92969e-05,1.95312e-05,-0.00117779,0,0,0,0,0,0,0,0,0.0135742,-0.0418945,-0.202751,-0,0,0,1.83851,1.24992,3.12898,3.41797e-05,-6.10352e-05,-0.00017643,-0.0112447,0.0191106,-0.0210397,0.446914,-0.151139,0.141482,-0.444973,0.156764,0.00078125,-0.00307617,-0.00534058,0,0,0,0,0,0,0,0,0,0,0,0,0.0565043,-0.0507408,0.0207922,0,0.145449,0,0,0,0,0,0,-3.14159,-3.14159,-3.14159,0,0,0,0,0,0,0,0,0,0,0,0,0
4.14055,0,0,0,2.68421,1.22941,2.86244,-2.92969e-05,0.000600586,0.000400543,0,0,0,0,0,0,0,0,0.0135742,0.0116211,0.0315666,-0,0,0,1.83851,1.24993,3.12899,2.68555e-05,0.000209961,0.00026226,-0.0117937,0.0169858,-0.0209149,0.446451,-0.15145,0.14177,-0.444508,0.157063,-0.000146484,0.00541992,0.0087738,0,0,0,0,0,0,0,0,0,0,0,0,0.0568305,-0.0504145,0.0206182,0,0.146479,0,0,0,0,0,0,-3.14159,-3.14159,-3.14159,0,0,0,0,0,0,0,0,0,0,0,0,0
4.20314,0,0,0,2.68423,1.22935,2.86227,0.000478516,-0.00118896,-0.00339985,0,0,0,0,0,0,0,0,0.0101562,-0.035791,-0.0760078,-0,0,0,1.83852,1.24993,3.12898,0.00010498,-2.44141e-05,-0.000247955,-0.0122124,0.0168205,-0.0211809,0.446308,-0.151486,0.142182,-0.444362,0.157102,0.0015625,-0.0046875,-0.0102043,0,0,0,0,0,0,0,0,0,0,0,0,0.0572438,-0.0504798,0.0203355,0,0.147496,0,0,0,0,0,0,-3.14159,-3.14159,-3.14159,0,0,0,0,0,0,0,0,0,0,0,0,0
4.20314,0,0,0,2.68423,1.22935,2.86227,0.000478516,-0.00118896,-0.00339985,0,0,0,0,0,0,0,0,0.0101562,-0.035791,-0.0760078,-0,0,0,1.83852,1.24993,3.12898,0.00010498,-2.44141e-05,-0.000247955,-0.0109347,0.0167857,-0.0197506,0.446446,-0.151754,0.142045,-0.444497,0.157372,0.0015625,-0.0046875,-0.0102043,0,0,0,0,0,0,0,0,0,0,0,0,0.057309,-0.050458,0.0201832,0,0.148505,0,0,0,0,0,0,-3.14159,-3.14159,-3.14159,0,0,0,0,0,0,0,0,0,0,0,0,0
4.26558,0,0,0,2.68421,1.22933,2.86209,-0.000439453,-0.000578613,-0.00370026,0,0,0,0,0,0,0,0,-0.0183594,0.012207,-0.00600815,-0,0,0,1.83851,1.24992,3.12899,-5.37109e-05,-0.000151367,0.000238419,-0.0110933,0.0170143,-0.0217127,0.447347,-0.151602,0.141594,-0.445402,0.157226,-0.00317383,-0.00253906,0.00972748,0,0,0,0,0,0,0,0,0,0,0,0,0.0576352,-0.0506755,0.0204225,0,0.149526,0,0,0,0,0,0,-3.14159,-3.14159,-3.14159,0,0,0,0,0,0,0,0,0,0,0,0,0
4.32815,0,0,0,2.68422,1.22935,2.86237,0.000170898,0.000541992,0.00569344,0,0,0,0,0,0,0,0,0.012207,0.0224121,0.187874,-0,0,0,1.83852,1.24993,3.12898,6.34766e-05,8.30078e-05,-0.000267029,-0.00720965,0.0176351,-0.0202825,0.448317,-0.150445,0.140653,-0.446384,0.156087,0.00234375,0.0046875,-0.0101089,0,0,0,0,0,0,0,0,0,0,0,0,0.05757,-0.0509583,0.0202485,0,0.150539,0,0,0,0,0,0,-3.14159,-3.14159,-3.14159,0,0,0,0,0,0,0,0,0,0,0,0,0
4.39067,0,0,0,2.68425,1.22928,2.86202,0.000639648,-0.00152588,-0.00710487,0,0,0,0,0,0,0,0,0.009375,-0.0413574,-0.255966,-0,0,0,1.83852,1.24992,3.12901,4.88281e-06,-0.000117187,0.000505447,-0.00880813,0.017081,-0.0209405,0.4479,-0.149653,0.139708,-0.44598,0.155279,-0.00117187,-0.00400391,0.0154495,0,0,0,0,0,0,0,0,0,0,0,0,0.0575265,-0.0509148,0.0202267,0,0.15155,0,0,0,0,0,0,-3.14159,-3.14159,-3.14159,0,0,0,0,0,0,0,0,0,0,0,0,0
4.45307,0,0,0,2.68425,1.22928,2.86202,-3.90625e-05,0.000161133,0.000181198,0,0,0,0,0,0,0,0,-0.0135742,0.0337402,0.145721,-0,0,0,1.83852,1.24993,3.12899,-4.88281e-06,0.000129395,-0.000338554,-0.00936379,0.0150916,-0.0197716,0.446593,-0.150173,0.140015,-0.444665,0.15579,-0.000195313,0.00493164,-0.01688,0,0,0,0,0,0,0,0,0,0,0,0,0.057483,-0.050893,0.020031,0,0.152552,0,0,0,0,0,0,-3.14159,-3.14159,-3.14159,0,0,0,0,0,0,0,0,0,0,0,0,0
4.45307,0,0,0,2.68425,1.22928,2.86202,-3.90625e-05,0.000161133,0.000181198,0,0,0,0,0,0,0,0,-0.0135742,0.0337402,0.145721,-0,0,0,1.83852,1.24993,3.12899,-4.88281e-06,0.000129395,-0.000338554,-0.0088766,0.0164997,-0.0227769,0.44611,-0.150718,0.141727,-0.444175,0.156329,-0.000195313,0.00493164,-0.01688,0,0,0,0,0,0,0,0,0,0,0,0,0.0572873,-0.0511322,0.020292,0,0.153566,0,0,0,0,0,0,-3.14159,-3.14159,-3.14159,0,0,0,0,0,0,0,0,0,0,0,0,0
4.51565,0,0,0,2.68422,1.22933,2.86211,-0.000415039,0.00101807,0.00178814,0,0,0,0,0,0,0,0,-0.00751953,0.0171387,0.0321388,-0,0,0,1.83852,1.24993,3.129,4.63867e-05,8.30078e-05,0.00020504,-0.00643417,0.0129492,-0.0192582,0.446275,-0.150512,0.142609,-0.444344,0.15612,0.00102539,-0.000927734,0.0108719,0,0,0,0,0,0,0,0,0,0,0,0,0.0568958,-0.0507843,0.020205,0,0.154577,0,0,0,0,0,0,-3.14159,-3.14159,-3.14159,0,0,0,0,0,0,0,0,0,0,0,0,0
4.57805,0,0,0,2.6842,1.22941,2.86238,-0.000439453,0.00156738,0.00538826,0,0,0,0,0,0,0,0,-0.000488281,0.0109863,0.0720024,-0,0,0,1.83852,1.24994,3.12898,1.46484e-05,0.000131836,-0.000290871,-0.00725465,0.0144889,-0.0203071,0.445101,-0.150038,0.141468,-0.443174,0.155638,-0.000634766,0.000976563,-0.00991821,0,0,0,0,0,0,0,0,0,0,0,0,0.056613,-0.0506538,0.0199657,0,0.155575,0,0,0,0,0,0,-3.14159,-3.14159,-3.14159,0,0,0,0,0,0,0,0,0,0,0,0,0
4.6406,0,0,0,2.68422,1.22938,2.86232,0.000322266,-0.000644531,-0.00134945,0,0,0,0,0,0,0,0,0.0152344,-0.0442383,-0.134754,-0,0,0,1.83852,1.24994,3.12898,-3.66211e-05,-1.95312e-05,-0.000166893,-0.00820592,0.0151153,-0.0200509,0.443582,-0.150687,0.140147,-0.441646,0.156272,-0.00102539,-0.00302734,0.00247955,0,0,0,0,0,0,0,0,0,0,0,0,0.057135,-0.0505233,0.0199222,0,0.156571,0,0,0,0,0,0,-3.14159,-3.14159,-3.14159,0,0,0,0,0,0,0,0,0,0,0,0,0
4.7031,0,0,0,2.68423,1.22939,2.86229,0.000219727,0.000168457,-0.000567436,0,0,0,0,0,0,0,0,-0.00205078,0.0162598,0.0156403,-0,0,0,1.83852,1.24994,3.12897,7.8125e-05,4.15039e-05,-9.05991e-05,-0.00798532,0.0153519,-0.0216213,0.443521,-0.152376,0.139232,-0.441562,0.157962,0.00229492,0.0012207,0.00152588,0,0,0,0,0,0,0,0,0,0,0,0,0.0573525,-0.0505233,0.020031,0,0.157573,0,0,0,0,0,0,-3.14159,-3.14159,-3.14159,0,0,0,0,0,0,0,0,0,0,0,0,0
4.7031,0,0,0,2.68423,1.22939,2.86229,0.000219727,0.000168457,-0.000567436,0,0,0,0,0,0,0,0,-0.00205078,0.0162598,0.0156403,-0,0,0,1.83852,1.24994,3.12897,7.8125e-05,4.15039e-05,-9.05991e-05,-0.0059407,0.013113,-0.0208423,0.443986,-0.152996,0.137559,-0.44202,0.158587,0.00229492,0.0012207,0.00152588,0,0,0,0,0,0,0,0,0,0,0,0,0.057135,-0.0504798,0.020205,0,0.158583,0,0,0,0,0,0,-3.14159,-3.14159,-3.14159,0,0,0,0,0,0,0,0,0,0,0,0,0
4.76555,0,0,0,2.68419,1.22943,2.8625,-0.000722656,0.000852051,0.00430107,0,0,0,0,0,0,0,0,-0.0188477,0.0136719,0.0973701,-0,0,0,1.83852,1.24994,3.129,-7.32422e-06,-3.66211e-05,0.000486374,-0.0038981,0.0134838,-0.020455,0.443383,-0.152677,0.135261,-0.441424,0.15825,-0.00170898,-0.0015625,0.0115395,0,0,0,0,0,0,0,0,0,0,0,0,0.0566565,-0.0502623,0.0198135,0,0.159574,0,0,0,0,0,0,-3.14159,-3.14159,-3.14159,0,0,0,0,0,0,0,0,0,0,0,0,0
4.82808,0,0,0,2.6842,1.22944,2.86257,0.000107422,0.000163574,0.00125885,0,0,0,0,0,0,0,0,0.0166016,-0.0137695,-0.0608444,-0,0,0,1.83852,1.24992,3.129,4.88281e-06,-0.000273437,6.19888e-05,-0.00576967,0.0128107,-0.0213725,0.442631,-0.152921,0.1347,-0.44067,0.158483,0.000244141,-0.00473633,-0.0084877,0,0,0,0,0,0,0,0,0,0,0,0,0.0568958,-0.0505233,0.0201615,0,0.160582,0,0,0,0,0,0,-3.14159,-3.14159,-3.14159,0,0,0,0,0,0,0,0,0,0,0,0,0
4.89058,0,0,0,2.68421,1.22944,2.86238,0.00015625,-2.92969e-05,-0.0037384,0,0,0,0,0,0,0,0,0.000976563,-0.00385742,-0.0999451,-0,0,0,1.83851,1.24994,3.12898,-0.000161133,0.000324707,-0.000357628,-0.00464171,0.0139662,-0.0204641,0.443436,-0.153794,0.136118,-0.441461,0.159374,-0.00332031,0.0119629,-0.00839233,0,0,0,0,0,0,0,0,0,0,0,0,0.0568088,-0.050719,0.0201832,0,0.161591,0,0,0,0,0,0,-3.14159,-3.14159,-3.14159,0,0,0,0,0,0,0,0,0,0,0,0,0
4.95309,0,0,0,2.68424,1.2293,2.86203,0.000605469,-0.00272705,-0.0068903,0,0,0,0,0,0,0,0,0.00898437,-0.0539551,-0.0630379,-0,0,0,1.83852,1.24994,3.12897,0.000107422,-9.52148e-05,-0.000305176,-0.00612784,0.0118626,-0.0219036,0.443915,-0.153635,0.137295,-0.44194,0.159228,0.00537109,-0.00839844,0.00104904,0,0,0,0,0,0,0,0,0,0,0,0,0.0568088,-0.050458,0.0204877,0,0.162615,0,0,0,0,0,0,-3.14159,-3.14159,-3.14159,0,0,0,0,0,0,0,0,0,0,0,0,0
4.95309,0,0,0,2.68424,1.2293,2.86203,0.000605469,-0.00272705,-0.0068903,0,0,0,0,0,0,0,0,0.00898437,-0.0539551,-0.0630379,-0,0,0,1.83852,1.24994,3.12897,0.000107422,-9.52148e-05,-0.000305176,-0.00500494,0.0128901,-0.0208637,0.443047,-0.151615,0.138134,-0.441097,0.157197,0.00537109,-0.00839844,0.00104904,0,0,0,0,0,0,0,0,0,0,0,0,0.0566565,-0.0503275,0.0203572,0,0.163633,0,0,0,0,0,0,-3.14159,-3.14159,-3.14159,0,0,0,0,0,0,0,0,0,0,0,0,0
5.01556,0,0,0,2.68423,1.22933,2.86213,-7.32422e-05,0.000600586,0.0019598,0,0,0,0,0,0,0,0,-0.0135742,0.0665527,0.177002,-0,0,0,1.83852,1.24994,3.12898,7.32422e-06,0.000180664,0.000338554,-0.0049271,0.0118295,-0.0198239,-0.000822001,-0.00307271,9.81137,0.000860682,0.0030621,-0.00200195,0.00551758,0.0128746,0,0,0,0,0,0,0,0,0,0,0,0,-0.000891715,-0.000217491,0.00117445,0,3.12904,0,0,0,0,0,0,-3.14159,-3.14159,-3.14159,0,0,0,0,0,0,0,0,0,0,0,0,0
5.07809,0,0,0,2.68422,1.22938,2.86239,-0.000307617,0.00092041,0.00507355,0,0,0,0,0,0,0,0,-0.0046875,0.00639648,0.0622749,-0,0,0,1.83852,1.24994,3.129,3.90625e-05,-0.000126953,0.000276566,-0.00446097,0.0109023,-0.0203497,-1.3785e-05,0.00187023,9.81042,-9.77384e-06,-0.00187025,0.000634766,-0.00615234,-0.00123978,0,0,0,0,0,0,0,0,0,0,0,0,-0.00076122,-0.000869966,0.000652474,0,3.12907,0,0,0,0,0,0,-3.14159,-3.14159,-3.14159,0,0,0,0,0,0,0,0,0,0,0,0,0
5.14054,0,0,0,2.68423,1.22935,2.86234,0.000136719,-0.000661621,-0.000858307,0,0,0,0,0,0,0,0,0.00888672,-0.0316406,-0.118637,-0,0,0,1.83852,1.24993,3.12899,9.76563e-06,-0.000158691,-0.000119209,-0.00282016,0.0111524,-0.0228336,-7.18598e-05,0.00300556,9.81166,3.39776e-05,-0.00300622,-0.000585937,-0.000634766,-0.0079155,0,0,0,0,0,0,0,0,0,0,0,0,0.000543729,-0.000347986,-0.00182693,0,3.12898,0,0,0,0,0,0,-3.14159,-3.14159,-3.14159,0,0,0,0,0,0,0,0,0,0,0,0,0
5.20293,0,0,0,2.68425,1.22929,2.86203,0.000537109,-0.00119629,-0.00616074,0,0,0,0,0,0,0,0,0.00800781,-0.0106934,-0.106049,-0,0,0,1.83852,1.24994,3.129,2.92969e-05,0.000268555,0.000257492,-0.00444604,0.0102283,-0.0199667,-0.00249035,0.001456,9.81095,0.00247183,-0.00148723,0.000390625,0.00854492,0.00753403,0,0,0,0,0,0,0,0,0,0,0,0,-0.00141369,-0.00100046,0.00104396,0,3.12903,0,0,0,0,0,0,-3.14159,-3.14159,-3.14159,0,0,0,0,0,0,0,0,0,0,0,0,0
5.20293,0,0,0,2.68425,1.22929,2.86203,0.000537109,-0.00119629,-0.00616074,0,0,0,0,0,0,0,0,0.00800781,-0.0106934,-0.106049,-0,0,0,1.83852,1.24994,3.129,2.92969e-05,0.000268555,0.000257492,-0.00254859,0.0100891,-0.0197104,-0.000902049,0.00213806,9.81143,0.00087506,-0.00214925,0.000390625,0.00854492,0.00753403,0,0,0,0,0,0,0,0,0,0,0,0,0.000152244,-0.000869966,0.00130495,0,3.1291,0,0,0,0,0,0,-3.14159,-3.14159,-3.14159,0,0,0,0,0,0,0,0,0,0,0,0,0
5.26554,0,0,0,2.68421,1.22937,2.86219,-0.000854492,0.00176025,0.00320435,0,0,0,0,0,0,0,0,-0.027832,0.0591309,0.187302,-0,0,0,1.83852,1.24992,3.12899,2.92969e-05,-0.000402832,-0.00023365,-0.000915958,0.0111251,-0.0207583,0.00424792,0.0013517,9.80945,-0.00426462,-0.00129806,0.000390625,-0.0134277,-0.00982285,0,0,0,0,0,0,0,0,0,0,0,0,0.00145719,0.000434983,0.00026099,0,3.12911,0,0,0,0,0,0,-3.14159,-3.14159,-3.14159,0,0,0,0,0,0,0,0,0,0,0,0,0
5.32806,0,0,0,2.68422,1.22936,2.86225,0.000292969,-0.000310059,0.00114441,0,0,0,0,0,0,0,0,0.0229492,-0.0414062,-0.0411987,-0,0,0,1.83852,1.24995,3.129,-3.66211e-05,0.000444336,0.000190735,-0.00293602,0.0102061,-0.0224585,0.00415078,-0.00192201,9.80446,-0.00412625,0.00197412,-0.00131836,0.0169434,0.0084877,0,0,0,0,0,0,0,0,0,0,0,0,-0.000891715,-0.000217491,-0.00143544,0,3.12904,0,0,0,0,0,0,-3.14159,-3.14159,-3.14159,0,0,0,0,0,0,0,0,0,0,0,0,0
5.39057,0,0,0,2.68423,1.22934,2.86213,0.000151367,-0.000375977,-0.00235558,0,0,0,0,0,0,0,0,-0.00283203,-0.00131836,-0.0699997,-0,0,0,1.83853,1.24994,3.12899,0.000119629,-9.27734e-05,-0.000295639,-0.00339373,0.0102001,-0.0202445,-0.00076635,-0.00459303,9.80638,0.00082419,0.004583,0.003125,-0.0107422,-0.00972748,0,0,0,0,0,0,0,0,0,0,0,0,-0.00167468,4.34983e-05,0.000782969,0,3.12908,0,0,0,0,0,0,-3.14159,-3.14159,-3.14159,0,0,0,0,0,0,0,0,0,0,0,0,0
5.45304,0,0,0,2.68423,1.22933,2.86212,-8.78906e-05,-0.000200195,-0.000319481,0,0,0,0,0,0,0,0,-0.00478516,0.00351563,0.0407219,-0,0,0,1.83852,1.24994,3.129,-0.00010498,-4.15039e-05,0.000352859,-0.00385451,0.00875962,-0.0207711,-0.00285414,-0.00245301,9.81127,0.00288479,0.00241689,-0.00449219,0.00102539,0.01297,0,0,0,0,0,0,0,0,0,0,0,0,-0.00245765,-0.00113096,0.00026099,0,3.12909,0,0,0,0,0,0,-3.14159,-3.14159,-3.14159,0,0,0,0,0,0,0,0,0,0,0,0,0
5.45304,0,0,0,2.68423,1.22933,2.86212,-8.78906e-05,-0.000200195,-0.000319481,0,0,0,0,0,0,0,0,-0.00478516,0.00351563,0.0407219,-0,0,0,1.83852,1.24994,3.129,-0.00010498,-4.15039e-05,0.000352859,-0.00196825,0.00901779,-0.0201232,-0.00411495,0.000811204,9.81269,0.00410441,-0.000862941,-0.00449219,0.00102539,0.01297,0,0,0,0,0,0,0,0,0,0,0,0,-0.000891715,-0.000608976,0.000913464,0,3.12914,0,0,0,0,0,0,-3.14159,-3.14159,-3.14159,0,0,0,0,0,0,0,0,0,0,0,0,0
5.51556,0,0,0,2.68422,1.22937,2.86224,-0.000195313,0.000751953,0.00247002,0,0,0,0,0,0,0,0,-0.00214844,0.019043,0.0557899,-0,0,0,1.83852,1.24994,3.129,2.19727e-05,4.63867e-05,-2.86102e-05,-0.00282494,0.00823521,-0.0196048,-0.00603656,-0.00271265,9.81115,0.00607024,0.00263643,0.00253906,0.00175781,-0.00762939,0,0,0,0,0,0,0,0,0,0,0,0,-0.00206617,-0.00113096,0.00143544,0,3.12921,0,0,0,0,0,0,-3.14159,-3.14159,-3.14159,0,0,0,0,0,0,0,0,0,0,0,0,0
5.57821,0,0,0,2.68422,1.22935,2.86218,0.000131836,-0.000422363,-0.00123501,0,0,0,0,0,0,0,0,0.00654297,-0.0234863,-0.0741005,-0,0,0,1.83852,1.24993,3.12901,-0.000102539,-0.000217285,0.000224113,-0.00107452,0.00888712,-0.0209143,-0.00704784,-0.00169436,9.80915,0.0070686,0.00160557,-0.00249023,-0.00527344,0.00505447,0,0,0,0,0,0,0,0,0,0,0,0,-0.000630725,-0.000217491,0.000130495,0,3.12922,0,0,0,0,0,0,-3.14159,-3.14159,-3.14159,0,0,0,0,0,0,0,0,0,0,0,0,0
5.64062,0,0,0,2.68423,1.22934,2.86211,0.000175781,-0.000192871,-0.00138283,0,0,0,0,0,0,0,0,0.000878906,0.00458984,-0.00295639,-0,0,0,1.83852,1.24994,3.129,2.92969e-05,0.000185547,-0.000333786,0.00028297,0.00928235,-0.0220921,-0.00549055,0.00452212,9.80994,0.00543315,-0.00459092,0.00263672,0.00805664,-0.011158,0,0,0,0,0,0,0,0,0,0,0,0,0.000413234,0.000434983,-0.00104396,0,3.12916,0,0,0,0,0,0,-3.14159,-3.14159,-3.14159,0,0,0,0,0,0,0,0,0,0,0,0,0
5.70304,0,0,0,2.68425,1.22927,2.86198,0.00043457,-0.0013623,-0.00259876,0,0,0,0,0,0,0,0,0.00517578,-0.0233887,-0.0243187,-0,0,0,1.83852,1.24993,3.12897,0.000109863,-0.000180664,-0.000519753,-0.00253658,0.00928889,-0.0207906,-0.00356333,0.00469815,9.80994,0.00350375,-0.00474275,0.00161133,-0.00732422,-0.00371933,0,0,0,0,0,0,0,0,0,0,0,0,-0.00271864,0.000695973,0.00026099,0,3.12918,0,0,0,0,0,0,-3.14159,-3.14159,-3.14159,0,0,0,0,0,0,0,0,0,0,0,0,0
5.70304,0,0,0,2.68425,1.22927,2.86198,0.00043457,-0.0013623,-0.00259876,0,0,0,0,0,0,0,0,0.00517578,-0.0233887,-0.0243187,-0,0,0,1.83852,1.24993,3.12897,0.000109863,-0.000180664,-0.000519753,0.00142841,0.00681709,-0.0202719,-0.0057596,0.000299519,9.8084,0.00575536,-0.00037219,0.00161133,-0.00732422,-0.00371933,0,0,0,0,0,0,0,0,0,0,0,0,0.000935213,-0.00152244,0.000782969,0,3.12922,0,0,0,0,0,0,-3.14159,-3.14159,-3.14159,0,0,0,0,0,0,0,0,0,0,0,0,0
5.76558,0,0,0,2.68423,1.22932,2.86204,-0.00046875,0.00100342,0.00118256,0,0,0,0,0,0,0,0,-0.0180664,0.0473145,0.0756264,-0,0,0,1.83851,1.24994,3.12901,-0.00019043,0.000266113,0.000839233,-0.00113575,0.00799817,-0.0201454,-0.00696711,-0.00218588,9.80629,0.00699406,0.00209806,-0.00600586,0.00893555,0.0271797,0,0,0,0,0,0,0,0,0,0,0,0,-0.00193567,-8.69966e-05,0.000913464,0,3.12926,0,0,0,0,0,0,-3.14159,-3.14159,-3.14159,0,0,0,0,0,0,0,0,0,0,0,0,0
5.82799,0,0,0,2.68421,1.22942,2.86249,-0.000419922,0.00208008,0.00909805,0,0,0,0,0,0,0,0,0.000976562,0.0215332,0.15831,-0,0,0,1.83852,1.24994,3.129,0.000151367,1.95312e-05,-0.000214577,0.00112594,0.00826754,-0.0219759,-0.0029075,-0.00108045,9.80568,0.00292087,0.00104376,0.00683594,-0.00493164,-0.0210762,0,0,0,0,0,0,0,0,0,0,0,0,2.17491e-05,0.000434983,-0.000913464,0,3.12922,0,0,0,0,0,0,-3.14159,-3.14159,-3.14159,0,0,0,0,0,0,0,0,0,0,0,0,0
5.89051,0,0,0,2.68422,1.22938,2.86238,0.000209961,-0.000864258,-0.00232697,0,0,0,0,0,0,0,0,0.0125977,-0.0588867,-0.2285,-0,0,0,1.83851,1.24994,3.129,-0.000151367,-0.000102539,-0.000138283,0.00169179,0.00788715,-0.0206745,0.000456361,-0.00135551,9.8078,-0.00043925,0.00136115,-0.00605469,-0.00244141,0.00152588,0,0,0,0,0,0,0,0,0,0,0,0,0.000282739,0.000304488,0.000391485,0,3.12924,0,0,0,0,0,0,-3.14159,-3.14159,-3.14159,0,0,0,0,0,0,0,0,0,0,0,0,0
5.95291,0,0,0,2.68423,1.22936,2.86225,0.000146484,-0.000466309,-0.0025034,0,0,0,0,0,0,0,0,-0.00126953,0.00795898,-0.00352859,-0,0,0,1.83852,1.24995,3.12898,7.32422e-05,0.000119629,-0.000319481,0.00212487,0.00698548,-0.0211998,0.000110584,-0.00329888,9.81071,-6.89658e-05,0.00330002,0.00449219,0.00444336,-0.00362396,0,0,0,0,0,0,0,0,0,0,0,0,0.000413234,-0.000347986,-0.000130495,0,3.12923,0,0,0,0,0,0,-3.14159,-3.14159,-3.14159,0,0,0,0,0,0,0,0,0,0,0,0,0
5.95291,0,0,0,2.68423,1.22936,2.86225,0.000146484,-0.000466309,-0.0025034,0,0,0,0,0,0,0,0,-0.00126953,0.00795898,-0.00352859,-0,0,0,1.83852,1.24995,3.12898,7.32422e-05,0.000119629,-0.000319481,0.000728495,0.00725857,-0.0201597,-0.000992677,-0.00342706,9.81087,0.00103582,0.00341427,0.00449219,0.00444336,-0.00362396,0,0,0,0,0,0,0,0,0,0,0,0,-0.0012832,0.000173993,0.000913464,0,3.12928,0,0,0,0,0,0,-3.14159,-3.14159,-3.14159,0,0,0,0,0,0,0,0,0,0,0,0,0
6.01549,0,0,0,2.68421,1.22939,2.86235,-0.000366211,0.000778809,0.00188828,0,0,0,0,0,0,0,0,-0.0102539,0.0249023,0.0878334,-0,0,0,1.83852,1.24994,3.12899,0.000109863,-0.00012207,0.000295639,0.00389752,0.00753389,-0.0202941,-0.00391466,-0.00151529,9.80651,0.00393344,0.00146585,0.000732422,-0.00483398,0.0123024,0,0,0,0,0,0,0,0,0,0,0,0,0.00158769,0.000695973,0.000782969,0,3.12932,0,0,0,0,0,0,-3.14159,-3.14159,-3.14159,0,0,0,0,0,0,0,0,0,0,0,0,0
6.078,0,0,0,2.68423,1.22934,2.86216,0.000336914,-0.00119141,-0.00382423,0,0,0,0,0,0,0,0,0.0140625,-0.0394043,-0.11425,-0,0,0,1.83852,1.24993,3.12899,-6.83594e-05,-0.000175781,-4.76837e-06,0.00197312,0.00676735,-0.0218638,-0.00442686,-0.000967185,9.80982,0.00443869,0.000911336,-0.00356445,-0.00107422,-0.00600815,0,0,0,0,0,0,0,0,0,0,0,0,-0.000630725,0.000173993,-0.000782969,0,3.12928,0,0,0,0,0,0,-3.14159,-3.14159,-3.14159,0,0,0,0,0,0,0,0,0,0,0,0,0
6.14046,0,0,0,2.68421,1.2294,2.86242,-0.000297852,0.00125244,0.00519753,0,0,0,0,0,0,0,0,-0.0126953,0.048877,0.180435,-0,0,0,1.83852,1.24994,3.129,-2.44141e-05,0.000197754,0.000114441,0.00513633,0.00613398,-0.0193873,-0.000768842,-0.00217205,9.81565,0.000796133,0.0021622,0.000878906,0.0074707,0.00238419,0,0,0,0,0,0,0,0,0,0,0,0,0.00224016,-0.000217491,0.00169643,0,3.12936,0,0,0,0,0,0,-3.14159,-3.14159,-3.14159,0,0,0,0,0,0,0,0,0,0,0,0,0
6.20308,0,0,0,2.68423,1.22936,2.86212,0.000410156,-0.000734863,-0.00600338,0,0,0,0,0,0,0,0,0.0141602,-0.0397461,-0.224018,-0,0,0,1.83852,1.24993,3.129,-4.63867e-05,-0.00017334,9.05991e-05,0.00412158,0.0061527,-0.0210869,-0.00155782,0.000364479,9.80649,0.00155311,-0.00038406,-0.000439453,-0.00742188,-0.000476837,0,0,0,0,0,0,0,0,0,0,0,0,0.000935213,4.34983e-05,-3.46945e-18,0,3.12936,0,0,0,0,0,0,-3.14159,-3.14159,-3.14159,0,0,0,0,0,0,0,0,0,0,0,0,0
6.20308,0,0,0,2.68423,1.22936,2.86212,0.000410156,-0.000734863,-0.00600338,0,0,0,0,0,0,0,0,0.0141602,-0.0397461,-0.224018,-0,0,0,1.83852,1.24993,3.129,-4.63867e-05,-0.00017334,9.05991e-05,0.00323522,0.00513102,-0.0205683,-0.00534212,0.00390325,9.7976,0.00529256,-0.00397019,-0.000439453,-0.00742188,-0.000476837,0,0,0,0,0,0,0,0,0,0,0,0,-0.000239241,-0.000739471,0.00052198,0,3.12939,0,0,0,0,0,0,-3.14159,-3.14159,-3.14159,0,0,0,0,0,0,0,0,0,0,0,0,0
6.26554,0,0,0,2.68422,1.2294,2.86243,-0.000283203,0.00076416,0.00623703,0,0,0,0,0,0,0,0,-0.0138672,0.0299805,0.244808,-0,0,0,1.83852,1.24993,3.12898,-2.68555e-05,3.66211e-05,-0.000386238,0.00195285,0.00541818,-0.0209621,-0.00678509,0.00294194,9.80338,0.00674746,-0.00302725,0.000390625,0.00419922,-0.00953674,0,0,0,0,0,0,0,0,0,0,0,0,-0.00180518,-0.000217491,0.000130495,0,3.12939,0,0,0,0,0,0,-3.14159,-3.14159,-3.14159,0,0,0,0,0,0,0,0,0,0,0,0,0
6.32798,0,0,0,2.6842,1.22945,2.86253,-0.0003125,0.00107666,0.00200272,0,0,0,0,0,0,0,0,-0.000585938,0.00625,-0.0846863,-0,0,0,1.83852,1.24994,3.129,8.30078e-05,0.00013916,0.000214577,0.00484656,0.007794,-0.020313,-0.00578507,0.000581071,9.81034,0.00577729,-0.000653899,0.00219727,0.00205078,0.0120163,0,0,0,0,0,0,0,0,0,0,0,0,0.000804719,0.00239241,0.000782969,0,3.12943,0,0,0,0,0,0,-3.14159,-3.14159,-3.14159,0,0,0,0,0,0,0,0,0,0,0,0,0
6.39056,0,0,0,2.68422,1.22945,2.86243,0.000283203,-7.08008e-05,-0.00199318,0,0,0,0,0,0,0,0,0.0119141,-0.0229492,-0.0799179,-0,0,0,1.83852,1.24994,3.12898,4.63867e-05,-1.95312e-05,-0.000228882,0.00330015,0.00664559,-0.0214907,-0.00115321,0.000219893,9.81443,0.00115035,-0.000234415,-0.000732422,-0.00317383,-0.00886917,0,0,0,0,0,0,0,0,0,0,0,0,-0.00102221,0.00147894,-0.000391485,0,3.12941,0,0,0,0,0,0,-3.14159,-3.14159,-3.14159,0,0,0,0,0,0,0,0,0,0,0,0,0
6.453,0,0,0,2.68423,1.2294,2.86237,0.000327148,-0.00102051,-0.00109673,0,0,0,0,0,0,0,0,0.000878906,-0.0189941,0.0179291,-0,0,0,1.83852,1.24994,3.12898,-5.85937e-05,9.76563e-05,-9.53674e-06,0.00540754,0.00471711,-0.0205797,0.00323487,0.00290478,9.8185,-0.00327123,-0.00286376,-0.00209961,0.00234375,0.0043869,0,0,0,0,0,0,0,0,0,0,0,0,0.000804719,-0.000217491,0.00052198,0,3.12944,0,0,0,0,0,0,-3.14159,-3.14159,-3.14159,0,0,0,0,0,0,0,0,0,0,0,0,0
6.453,0,0,0,2.68423,1.2294,2.86237,0.000327148,-0.00102051,-0.00109673,0,0,0,0,0,0,0,0,0.000878906,-0.0189941,0.0179291,-0,0,0,1.83852,1.24994,3.12898,-5.85937e-05,9.76563e-05,-9.53674e-06,0.00451248,0.002923,-0.0214945,-0.000716518,0.0050712,9.81376,0.000652519,-0.00507983,-0.00209961,0.00234375,0.0043869,0,0,0,0,0,0,0,0,0,0,0,0,-0.000369736,-0.00178343,-0.000391485,0,3.12942,0,0,0,0,0,0,-3.14159,-3.14159,-3.14159,0,0,0,0,0,0,0,0,0,0,0,0,0
6.5155,0,0,0,2.6842,1.22946,2.86236,-0.000649414,0.00122803,-0.000295639,0,0,0,0,0,0,0,0,-0.0195312,0.0449707,0.0160217,-0,0,0,1.83852,1.24994,3.12898,-6.5918e-05,-4.63867e-05,-0.000100136,0.00348254,0.0050448,-0.0205836,-0.0069059,0.00233072,9.8071,0.00687595,-0.00241765,-0.000146484,-0.00288086,-0.00181198,0,0,0,0,0,0,0,0,0,0,0,0,-0.00167468,0.000565478,0.00052198,0,3.12945,0,0,0,0,0,0,-3.14159,-3.14159,-3.14159,0,0,0,0,0,0,0,0,0,0,0,0,0
6.578,0,0,0,2.68421,1.22943,2.86245,0.000195312,-0.000654297,0.00190735,0,0,0,0,0,0,0,0,0.0168945,-0.0376465,0.0440598,-0,0,0,1.83852,1.24994,3.12899,2.44141e-05,-2.44141e-05,0.000329018,0.005188,0.00416585,-0.0199337,-0.00342201,-0.0015484,9.80616,0.00344125,0.00150517,0.00180664,0.000439453,0.00858307,0,0,0,0,0,0,0,0,0,0,0,0,-0.000239241,-8.69966e-05,0.00117445,0,3.1295,0,0,0,0,0,0,-3.14159,-3.14159,-3.14159,0,0,0,0,0,0,0,0,0,0,0,0,0
6.64043,0,0,0,2.68423,1.22938,2.86234,0.000351563,-0.000883789,-0.00218868,0,0,0,0,0,0,0,0,0.003125,-0.00458984,-0.0819206,-0,0,0,1.83852,1.24993,3.12898,8.30078e-05,-0.000256348,-0.000238419,0.00532563,0.0045914,-0.0199363,0.0032518,-0.00160432,9.80134,-0.00323131,0.0016452,0.00117187,-0.00463867,-0.0113487,0,0,0,0,0,0,0,0,0,0,0,0,-0.000369736,0.000565478,0.00117445,0,3.12956,0,0,0,0,0,0,-3.14159,-3.14159,-3.14159,0,0,0,0,0,0,0,0,0,0,0,0,0
6.70303,0,0,0,2.68422,1.22941,2.86234,-0.000146484,0.00057373,-9.53674e-06,0,0,0,0,0,0,0,0,-0.00996094,0.0291504,0.0435829,-0,0,0,1.83852,1.24994,3.12898,-4.39453e-05,0.000180664,-0.000119209,0.00650602,0.00280036,-0.0208519,0.00318017,0.000990314,9.79484,-0.00319241,-0.000950116,-0.00253906,0.00874023,0.00238419,0,0,0,0,0,0,0,0,0,0,0,0,0.000543729,-0.00100046,0.00026099,0,3.12958,0,0,0,0,0,0,-3.14159,-3.14159,-3.14159,0,0,0,0,0,0,0,0,0,0,0,0,0
6.70303,0,0,0,2.68422,1.22941,2.86234,-0.000146484,0.00057373,-9.53674e-06,0,0,0,0,0,0,0,0,-0.00996094,0.0291504,0.0435829,-0,0,0,1.83852,1.24994,3.12898,-4.39453e-05,0.000180664,-0.000119209,0.00311836,0.00440567,-0.0205939,-0.00164767,0.00240288,9.79444,0.00161723,-0.00242347,-0.00253906,0.00874023,0.00238419,0,0,0,0,0,0,0,0,0,0,0,0,-0.00311013,0.000826468,0.00052198,0,3.1296,0,0,0,0,0,0,-3.14159,-3.14159,-3.14159,0,0,0,0,0,0,0,0,0,0,0,0,0
6.76547,0,0,0,2.6842,1.22944,2.86236,-0.000341797,0.000493164,0.00026226,0,0,0,0,0,0,0,0,-0.00390625,-0.00161133,0.00543594,-0,0,0,1.83852,1.24994,3.129,7.32422e-05,9.76562e-06,0.000476837,0.00572946,0.00457733,-0.0217713,-0.00391521,0.00248382,9.80222,0.00388362,-0.00253292,0.00234375,-0.00341797,0.0119209,0,0,0,0,0,0,0,0,0,0,0,0,-0.00076122,0.00121795,-0.000652474,0,3.12957,0,0,0,0,0,0,-3.14159,-3.14159,-3.14159,0,0,0,0,0,0,0,0,0,0,0,0,0
6.82796,0,0,0,2.6842,1.22943,2.86242,-2.92969e-05,-0.00012207,0.00125885,0,0,0,0,0,0,0,0,0.00625,-0.0123047,0.0199318,-0,0,0,1.83852,1.24994,3.129,-0.00010498,5.85937e-05,-9.53674e-05,0.00664176,0.00292394,-0.0207297,-0.00256077,0.00101387,9.81,0.00254779,-0.00104604,-0.00356445,0.000976563,-0.0114441,0,0,0,0,0,0,0,0,0,0,0,0,-0.000108746,-0.000217491,0.000391485,0,3.12959,0,0,0,0,0,0,-3.14159,-3.14159,-3.14159,0,0,0,0,0,0,0,0,0,0,0,0,0
6.89044,0,0,0,2.68422,1.2294,2.86237,0.000419922,-0.00067627,-0.00102997,0,0,0,0,0,0,0,0,0.00898438,-0.011084,-0.0457764,-0,0,0,1.83853,1.24994,3.12899,0.000178223,-0.000114746,-5.24521e-05,0.00846438,0.00505494,-0.0203404,-0.00199635,0.000123122,9.80569,0.00199464,-0.000148264,0.00566406,-0.0034668,0.000858307,0,0,0,0,0,0,0,0,0,0,0,0,0.00145719,0.00213142,0.000782969,0,3.12963,0,0,0,0,0,0,-3.14159,-3.14159,-3.14159,0,0,0,0,0,0,0,0,0,0,0,0,0
6.95295,0,0,0,2.68422,1.22937,2.86237,-4.39453e-05,-0.000522461,-0.00102997,0,0,0,0,0,0,0,0,-0.00927734,0.00307617,-0.0457764,-0,0,0,1.83852,1.24994,3.12899,-0.00017334,0.000197754,-0.000166893,0.00767605,0.00366476,-0.0219089,-0.00047502,0.0017783,9.79629,0.000452563,-0.00178414,-0.00703125,0.00625,-0.00228882,0,0,0,0,0,0,0,0,0,0,0,0,0.000413234,0.000956963,-0.000782969,0,3.12959,0,0,0,0,0,0,-3.14159,-3.14159,-3.14159,0,0,0,0,0,0,0,0,0,0,0,0,0
6.95295,0,0,0,2.68422,1.22937,2.86237,-4.39453e-05,-0.000522461,-0.00102997,0,0,0,0,0,0,0,0,-0.00927734,0.00307617,-0.0457764,-0,0,0,1.83852,1.24994,3.12899,-0.00017334,0.000197754,-0.000166893,0.00584123,0.00266828,-0.0206066,0.00135722,0.000878897,9.79615,-0.0013682,-0.000861716,-0.00703125,0.00625,-0.00228882,0,0,0,0,0,0,0,0,0,0,0,0,-0.00167468,0.000173993,0.00052198,0,3.12962,0,0,0,0,0,0,-3.14159,-3.14159,-3.14159,0,0,0,0,0,0,0,0,0,0,0,0,0
7.01541,0,0,0,2.68421,1.2294,2.86236,-0.000239258,0.000603027,-0.000267029,0,0,0,0,0,0,0,0,-0.00390625,0.0225098,0.0152588,-0,0,0,1.83852,1.24994,3.12898,1.2207e-05,-9.76563e-05,-0.000166893,0.00830957,0.00284657,-0.0204787,4.3979e-05,0.000419542,9.80302,-4.92682e-05,-0.000418954,0.00371094,-0.0059082,-0.00228882,0,0,0,0,0,0,0,0,0,0,0,0,0.000543729,0.000565478,0.000652474,0,3.12965,0,0,0,0,0,0,-3.14159,-3.14159,-3.14159,0,0,0,0,0,0,0,0,0,0,0,0,0
7.07795,0,0,0,2.68421,1.22942,2.86234,-9.76563e-06,0.00032959,-0.000329018,0,0,0,0,0,0,0,0,0.00458984,-0.00546875,-0.00123978,-0,0,0,1.83852,1.24993,3.12899,9.76563e-06,-0.000153809,0.000324249,0.00738291,0.00381047,-0.0208722,-0.000971869,0.00162608,9.80585,0.000951305,-0.0016382,-4.88281e-05,-0.00112305,0.00982285,0,0,0,0,0,0,0,0,0,0,0,0,-0.000630725,0.00173993,0.00026099,0,3.12966,0,0,0,0,0,0,-3.14159,-3.14159,-3.14159,0,0,0,0,0,0,0,0,0,0,0,0,0
7.1405,0,0,0,2.68422,1.22938,2.86222,0.000263672,-0.00083252,-0.00244617,0,0,0,0,0,0,0,0,0.00546875,-0.0232422,-0.0423431,-0,0,0,1.83852,1.24994,3.12899,-1.70898e-05,8.78906e-05,-5.72205e-05,0.00554067,0.00334088,-0.0204829,-0.00214952,-0.000574931,9.80678,0.0021566,0.000547797,-0.000537109,0.00483398,-0.00762939,0,0,0,0,0,0,0,0,0,0,0,0,-0.00271864,0.00147894,0.000652474,0,3.12969,0,0,0,0,0,0,-3.14159,-3.14159,-3.14159,0,0,0,0,0,0,0,0,0,0,0,0,0
7.20292,0,0,0,2.68426,1.22929,2.86202,0.000693359,-0.00177979,-0.00386238,0,0,0,0,0,0,0,0,0.00859375,-0.0189453,-0.0283241,-0,0,0,1.83852,1.24993,3.12899,2.44141e-06,-8.78906e-05,5.72205e-05,0.00930725,-0.000259964,-0.0195718,-0.00671025,-0.00113268,9.8084,0.00672399,0.00104805,0.000390625,-0.00351563,0.00228882,0,0,0,0,0,0,0,0,0,0,0,0,0.000804719,-0.00191393,0.00156594,0,3.12977,0,0,0,0,0,0,-3.14159,-3.14159,-3.14159,0,0,0,0,0,0,0,0,0,0,0,0,0
7.20292,0,0,0,2.68426,1.22929,2.86202,0.000693359,-0.00177979,-0.00386238,0,0,0,0,0,0,0,0,0.00859375,-0.0189453,-0.0283241,-0,0,0,1.83852,1.24993,3.12899,2.44141e-06,-8.78906e-05,5.72205e-05,0.008502,0.00123055,-0.0216619,-0.00966488,-0.00128116,9.80964,0.00968026,0.00115929,0.000390625,-0.00351563,0.00228882,0,0,0,0,0,0,0,0,0,0,0,0,-0.000239241,-0.000217491,-0.00052198,0,3.12975,0,0,0,0,0,0,-3.14159,-3.14159,-3.14159,0,0,0,0,0,0,0,0,0,0,0,0,0
7.26541,0,0,0,2.68421,1.22938,2.86219,-0.000878906,0.00193848,0.00341892,0,0,0,0,0,0,0,0,-0.0314453,0.0743652,0.145626,-0,0,0,1.83852,1.24995,3.12899,-4.15039e-05,0.00027832,-4.76837e-05,0.00886877,0.00167825,-0.0215342,-0.00502422,-0.00223769,9.8134,0.00505202,0.0021742,-0.000878906,0.00732422,-0.00209808,0,0,0,0,0,0,0,0,0,0,0,0,-0.000108746,0.000434983,-0.000391485,0,3.12973,0,0,0,0,0,0,-3.14159,-3.14159,-3.14159,0,0,0,0,0,0,0,0,0,0,0,0,0
7.32794,0,0,0,2.68421,1.22937,2.86228,1.95312e-05,-0.000236816,0.0017786,0,0,0,0,0,0,0,0,0.0179687,-0.0435059,-0.0328064,-0,0,0,1.83852,1.24994,3.12898,0.000134277,-0.000151367,-0.000295639,0.00936499,0.000823375,-0.0219274,-0.0013606,6.76064e-05,9.81511,0.00135964,-8.4767e-05,0.00351562,-0.00859375,-0.00495911,0,0,0,0,0,0,0,0,0,0,0,0,0.000152244,-0.000217491,-0.000782969,0,3.12969,0,0,0,0,0,0,-3.14159,-3.14159,-3.14159,0,0,0,0,0,0,0,0,0,0,0,0,0
7.39048,0,0,0,2.68422,1.22939,2.8624,6.34766e-05,0.000422363,0.0024271,0,0,0,0,0,0,0,0,0.000878906,0.0131836,0.01297,-0,0,0,1.83852,1.24995,3.12897,-9.0332e-05,0.000151367,-0.000162125,0.00842472,0.00153665,-0.0208853,-0.00478738,0.00198543,9.80868,0.00476194,-0.00204571,-0.00449219,0.00605469,0.00267029,0,0,0,0,0,0,0,0,0,0,0,0,-0.00102221,0.000695973,0.00026099,0,3.1297,0,0,0,0,0,0,-3.14159,-3.14159,-3.14159,0,0,0,0,0,0,0,0,0,0,0,0,0
7.45295,0,0,0,2.68422,1.2294,2.86244,5.37109e-05,8.05664e-05,0.000705719,0,0,0,0,0,0,0,0,-0.000195313,-0.00683594,-0.0344276,-0,0,0,1.83853,1.24994,3.12899,0.000144043,-9.52148e-05,0.000448227,0.0121772,0.000817183,-0.0206259,-0.0069943,0.0040451,9.8033,0.00694277,-0.00413293,0.0046875,-0.00493164,0.012207,0,0,0,0,0,0,0,0,0,0,0,0,0.00250115,0.000173993,0.00052198,0,3.12973,0,0,0,0,0,0,-3.14159,-3.14159,-3.14159,0,0,0,0,0,0,0,0,0,0,0,0,0
7.45295,0,0,0,2.68422,1.2294,2.86244,5.37109e-05,8.05664e-05,0.000705719,0,0,0,0,0,0,0,0,-0.000195313,-0.00683594,-0.0344276,-0,0,0,1.83853,1.24994,3.12899,0.000144043,-9.52148e-05,0.000448227,0.00848721,0.00140481,-0.0218015,-0.00395116,0.00389143,9.80668,0.00390181,-0.00394091,0.0046875,-0.00493164,0.012207,0,0,0,0,0,0,0,0,0,0,0,0,-0.00141369,0.000956963,-0.000652474,0,3.12969,0,0,0,0,0,0,-3.14159,-3.14159,-3.14159,0,0,0,0,0,0,0,0,0,0,0,0,0
7.51542,0,0,0,2.68421,1.22936,2.86224,-9.76562e-05,-0.000703125,-0.00408649,0,0,0,0,0,0,0,0,-0.00302734,-0.0156738,-0.0958443,-0,0,0,1.83852,1.24993,3.12899,-0.00012207,-0.000229492,8.10623e-05,0.00975595,-0.000617241,-0.0186717,0.001864,0.00108285,9.81112,-0.00187749,-0.00105928,-0.00532227,-0.00268555,-0.00734329,0,0,0,0,0,0,0,0,0,0,0,0,-0.000369736,-0.000869966,0.0024794,0,3.12982,0,0,0,0,0,0,-3.14159,-3.14159,-3.14159,0,0,0,0,0,0,0,0,0,0,0,0,0
7.57791,0,0,0,2.68424,1.22932,2.86202,0.000493164,-0.000834961,-0.00434399,0,0,0,0,0,0,0,0,0.0118164,-0.00263672,-0.00514984,-0,0,0,1.83852,1.24993,3.12901,4.88281e-06,7.8125e-05,0.00023365,0.0105022,-0.0012025,-0.0194563,0.00134188,0.000758471,9.81071,-0.00135132,-0.000741522,0.00253906,0.00615234,0.00305176,0,0,0,0,0,0,0,0,0,0,0,0,0.000152244,-0.00126145,0.00169643,0,3.1299,0,0,0,0,0,0,-3.14159,-3.14159,-3.14159,0,0,0,0,0,0,0,0,0,0,0,0,0
7.64042,0,0,0,2.68422,1.22938,2.86229,-0.000327148,0.00124268,0.00536442,0,0,0,0,0,0,0,0,-0.0164062,0.0415527,0.194168,-0,0,0,1.83852,1.24994,3.12897,0.000102539,0.000112305,-0.00067234,0.0111149,0.00134641,-0.0212849,-0.00351402,0.00159109,9.80907,0.00349366,-0.00163531,0.00195313,0.000683594,-0.0181198,0,0,0,0,0,0,0,0,0,0,0,0,0.000543729,0.00147894,-0.000130495,0,3.1299,0,0,0,0,0,0,-3.14159,-3.14159,-3.14159,0,0,0,0,0,0,0,0,0,0,0,0,0
7.70292,0,0,0,2.68422,1.22941,2.86239,-4.39453e-05,0.000471191,0.00212193,0,0,0,0,0,0,0,0,0.00566406,-0.0154297,-0.0648499,-0,0,0,1.83852,1.24993,3.12899,-0.000109863,-0.000112305,0.000276566,0.00872252,0.00115764,-0.0214171,-0.00395055,-0.000457711,9.81177,0.003956,0.000407873,-0.00424805,-0.00449219,0.0189781,0,0,0,0,0,0,0,0,0,0,0,0,-0.00206617,0.00147894,-0.00026099,0,3.12988,0,0,0,0,0,0,-3.14159,-3.14159,-3.14159,0,0,0,0,0,0,0,0,0,0,0,0,0
7.70292,0,0,0,2.68422,1.22941,2.86239,-4.39453e-05,0.000471191,0.00212193,0,0,0,0,0,0,0,0,0.00566406,-0.0154297,-0.0648499,-0,0,0,1.83852,1.24993,3.12899,-0.000109863,-0.000112305,0.000276566,0.0103716,-0.000206623,-0.021419,-0.00522186,-0.0046341,9.8124,0.00527987,0.00456791,-0.00424805,-0.00449219,0.0189781,0,0,0,0,0,0,0,0,0,0,0,0,-0.000630725,0.000304488,-0.00026099,0,3.12987,0,0,0,0,0,0,-3.14159,-3.14159,-3.14159,0,0,0,0,0,0,0,0,0,0,0,0,0
7.76539,0,0,0,2.68421,1.22941,2.86221,-0.000117187,0.000129395,-0.00367165,0,0,0,0,0,0,0,0,-0.00146484,-0.00683594,-0.115871,-0,0,0,1.83852,1.24994,3.12899,2.44141e-06,7.08008e-05,5.72205e-05,0.0112357,0.000258068,-0.0211596,-0.00602382,-0.00498407,9.80861,0.00608616,0.00490775,0.00224609,0.00366211,-0.0043869,0,0,0,0,0,0,0,0,0,0,0,0,2.17491e-05,0.000956963,-3.46945e-18,0,3.12987,0,0,0,0,0,0,-3.14159,-3.14159,-3.14159,0,0,0,0,0,0,0,0,0,0,0,0,0
7.82791,0,0,0,2.6842,1.22944,2.86232,-0.000200195,0.000471191,0.00219345,0,0,0,0,0,0,0,0,-0.00166016,0.00683594,0.117302,-0,0,0,1.83852,1.24994,3.12898,-5.37109e-05,3.66211e-05,-0.000224113,0.0104002,-0.000319871,-0.0209004,-0.000544561,-0.00146157,9.80622,0.000562955,0.00145459,-0.00112305,-0.000683594,-0.00562668,0,0,0,0,0,0,0,0,0,0,0,0,-0.00102221,0.000565478,0.00026099,0,3.12988,0,0,0,0,0,0,-3.14159,-3.14159,-3.14159,0,0,0,0,0,0,0,0,0,0,0,0,0
7.89037,0,0,0,2.68422,1.22936,2.86218,0.000415039,-0.00145264,-0.00283718,0,0,0,0,0,0,0,0,0.0123047,-0.0384766,-0.100613,-0,0,0,1.83852,1.24993,3.12901,6.34766e-05,-0.000163574,0.000576973,0.00878107,-0.000243401,-0.021033,0.00204823,0.00140441,9.80635,-0.00206574,-0.00137852,0.00234375,-0.00400391,0.0160217,0,0,0,0,0,0,0,0,0,0,0,0,-0.00284914,0.000826468,0.000130495,0,3.12989,0,0,0,0,0,0,-3.14159,-3.14159,-3.14159,0,0,0,0,0,0,0,0,0,0,0,0,0
7.9529,0,0,0,2.68423,1.2294,2.86241,0.000131836,0.000649414,0.0047493,0,0,0,0,0,0,0,0,-0.00566406,0.042041,0.15173,-0,0,0,1.83852,1.24994,3.129,6.83594e-05,0.000109863,-6.19888e-05,0.0113363,-0.00159907,-0.0210345,-0.0016978,-0.000602925,9.80886,0.00170526,0.000581504,9.76563e-05,0.00546875,-0.0127792,0,0,0,0,0,0,0,0,0,0,0,0,-0.00050023,-0.000347986,0.000130495,0,3.1299,0,0,0,0,0,0,-3.14159,-3.14159,-3.14159,0,0,0,0,0,0,0,0,0,0,0,0,0
7.9529,0,0,0,2.68423,1.2294,2.86241,0.000131836,0.000649414,0.0047493,0,0,0,0,0,0,0,0,-0.00566406,0.042041,0.15173,-0,0,0,1.83852,1.24994,3.129,6.83594e-05,0.000109863,-6.19888e-05,0.0101021,-0.00269217,-0.0212963,-0.00109043,-0.00512819,9.81129,0.0011549,0.00511406,9.76563e-05,0.00546875,-0.0127792,0,0,0,0,0,0,0,0,0,0,0,0,-0.00193567,-0.00126145,-0.000130495,0,3.12989,0,0,0,0,0,0,-3.14159,-3.14159,-3.14159,0,0,0,0,0,0,0,0,0,0,0,0,0
8.01538,0,0,0,2.68419,1.22947,2.86254,-0.000898438,0.00140381,0.00245094,0,0,0,0,0,0,0,0,-0.0206055,0.0150879,-0.0459671,-0,0,0,1.83852,1.24993,3.129,-0.00012207,-0.000227051,-2.38419e-05,0.0129126,-0.00274049,-0.022472,0.00113063,-0.00338081,9.81156,-0.00108798,0.00339478,-0.00380859,-0.00673828,0.000762939,0,0,0,0,0,0,0,0,0,0,0,0,0.000674224,-0.00113096,-0.00130495,0,3.12982,0,0,0,0,0,0,-3.14159,-3.14159,-3.14159,0,0,0,0,0,0,0,0,0,0,0,0,0
8.07788,0,0,0,2.68421,1.22943,2.86238,0.000498047,-0.000749512,-0.00309944,0,0,0,0,0,0,0,0,0.0279297,-0.0430664,-0.111008,-0,0,0,1.83852,1.24993,3.12901,2.19727e-05,9.52148e-05,9.05991e-05,0.0112855,-0.00122058,-0.0216909,0.000324937,2.61668e-05,9.8108,-0.000325241,-2.20752e-05,0.00288086,0.00644531,0.00228882,0,0,0,0,0,0,0,0,0,0,0,0,-0.0011527,0.000565478,-0.00052198,0,3.1298,0,0,0,0,0,0,-3.14159,-3.14159,-3.14159,0,0,0,0,0,0,0,0,0,0,0,0,0
8.14039,0,0,0,2.6842,1.22948,2.86252,-0.000244141,0.00097168,0.00267506,0,0,0,0,0,0,0,0,-0.0148438,0.0344238,0.11549,-0,0,0,1.83852,1.24993,3.12901,2.92969e-05,-5.85937e-05,-3.33786e-05,0.0101756,-0.00204588,-0.0223439,0.00134683,-0.000799749,9.8097,-0.00133666,0.000816638,0.000146484,-0.00307617,-0.00247955,0,0,0,0,0,0,0,0,0,0,0,0,-0.00245765,-8.69966e-05,-0.00117445,0,3.12974,0,0,0,0,0,0,-3.14159,-3.14159,-3.14159,0,0,0,0,0,0,0,0,0,0,0,0,0
8.20287,0,0,0,2.68422,1.22944,2.86241,0.000390625,-0.000678711,-0.00212669,0,0,0,0,0,0,0,0,0.0126953,-0.0330078,-0.096035,-0,0,0,1.83852,1.24993,3.129,-8.54492e-05,2.44141e-05,-0.000123978,0.0115431,-0.00117372,-0.020387,0.00341415,-0.00103355,9.80825,-0.00340087,0.00107647,-0.00229492,0.00166016,-0.00181198,0,0,0,0,0,0,0,0,0,0,0,0,-0.0012832,0.000956963,0.000782969,0,3.12978,0,0,0,0,0,0,-3.14159,-3.14159,-3.14159,0,0,0,0,0,0,0,0,0,0,0,0,0
8.20287,0,0,0,2.68422,1.22944,2.86241,0.000390625,-0.000678711,-0.00212669,0,0,0,0,0,0,0,0,0.0126953,-0.0330078,-0.096035,-0,0,0,1.83852,1.24993,3.129,-8.54492e-05,2.44141e-05,-0.000123978,0.0109516,-0.00173606,-0.0205186,0.00376494,-0.000365734,9.80721,-0.00376003,0.000413118,-0.00229492,0.00166016,-0.00181198,0,0,0,0,0,0,0,0,0,0,0,0,-0.00206617,0.000565478,0.000652474,0,3.12981,0,0,0,0,0,0,-3.14159,-3.14159,-3.14159,0,0,0,0,0,0,0,0,0,0,0,0,0
8.26537,0,0,0,2.68421,1.22941,2.86222,-0.000107422,-0.000622559,-0.00369549,0,0,0,0,0,0,0,0,-0.00996094,0.00112305,-0.0313759,-0,0,0,1.83852,1.24994,3.12899,3.17383e-05,0.000239258,-0.000143051,0.0111406,-0.000860573,-0.0206499,0.00165653,0.00107735,9.80728,-0.00166997,-0.00105639,0.00234375,0.00429687,-0.00038147,0,0,0,0,0,0,0,0,0,0,0,0,-0.00206617,0.00160944,0.00052198,0,3.12984,0,0,0,0,0,0,-3.14159,-3.14159,-3.14159,0,0,0,0,0,0,0,0,0,0,0,0,0
8.32791,0,0,0,2.68421,1.22936,2.86217,2.92969e-05,-0.00105469,-0.00101089,0,0,0,0,0,0,0,0,0.00273437,-0.00864258,0.0536919,-0,0,0,1.83852,1.24993,3.12897,3.17383e-05,-0.000292969,-0.000476837,0.0126331,-0.00180983,-0.0224783,-0.00138497,0.00219037,9.80816,0.00135721,-0.00220768,0.00234375,-0.0106445,-0.00667572,0,0,0,0,0,0,0,0,0,0,0,0,-0.00076122,0.000826468,-0.00130495,0,3.12977,0,0,0,0,0,0,-3.14159,-3.14159,-3.14159,0,0,0,0,0,0,0,0,0,0,0,0,0
8.39035,0,0,0,2.68421,1.22938,2.86221,-7.32422e-05,0.000505371,0.000634193,0,0,0,0,0,0,0,0,-0.00205078,0.0312012,0.0329018,-0,0,0,1.83852,1.24993,3.12898,-2.19727e-05,0.00013916,0.000162125,0.0142508,-0.000929795,-0.0211736,-0.00172471,0.000364435,9.80728,0.00171997,-0.000386165,-0.00107422,0.00864258,0.0127792,0,0,0,0,0,0,0,0,0,0,0,0,0.000674224,0.00187043,-3.46945e-18,0,3.12977,0,0,0,0,0,0,-3.14159,-3.14159,-3.14159,0,0,0,0,0,0,0,0,0,0,0,0,0
8.45286,0,0,0,2.68423,1.22932,2.86206,0.000390625,-0.00123291,-0.00300407,0,0,0,0,0,0,0,0,0.00927734,-0.0347656,-0.0727654,-0,0,0,1.83851,1.24993,3.12897,-4.88281e-05,-0.000114746,-5.24521e-05,0.0136479,-0.00187528,-0.0201299,-0.000326012,-0.00421081,9.80379,0.000379122,0.00420636,-0.000537109,-0.00507813,-0.00429153,0,0,0,0,0,0,0,0,0,0,0,0,-0.000108746,0.00108746,0.00104396,0,3.12982,0,0,0,0,0,0,-3.14159,-3.14159,-3.14159,0,0,0,0,0,0,0,0,0,0,0,0,0
8.45286,0,0,0,2.68423,1.22932,2.86206,0.000390625,-0.00123291,-0.00300407,0,0,0,0,0,0,0,0,0.00927734,-0.0347656,-0.0727654,-0,0,0,1.83851,1.24993,3.12897,-4.88281e-05,-0.000114746,-5.24521e-05,0.0143471,-0.00464873,-0.0219576,-0.000618465,-0.00670347,9.80114,0.000703006,0.00669513,-0.000537109,-0.00507813,-0.00429153,0,0,0,0,0,0,0,0,0,0,0,0,0.000413234,-0.00152244,-0.000782969,0,3.12978,0,0,0,0,0,0,-3.14159,-3.14159,-3.14159,0,0,0,0,0,0,0,0,0,0,0,0,0
8.51538,0,0,0,2.68422,1.2293,2.8621,-0.000141602,-0.000537109,0.000982285,0,0,0,0,0,0,0,0,-0.0106445,0.013916,0.0797272,-0,0,0,1.8385,1.2499,3.12902,-0.000317383,-0.000505371,0.00087738,0.0140004,-0.00324428,-0.0215672,-0.0041905,-0.00328791,9.80472,0.00423151,0.00323496,-0.00537109,-0.0078125,0.0185966,0,0,0,0,0,0,0,0,0,0,0,0,-0.000108746,4.34983e-05,-0.000391485,0,3.12977,0,0,0,0,0,0,-3.14159,-3.14159,-3.14159,0,0,0,0,0,0,0,0,0,0,0,0,0
8.57782,0,0,0,2.68422,1.22936,2.86216,-0.000166016,0.00137939,0.00108719,0,0,0,0,0,0,0,0,-0.000488281,0.0383301,0.00209808,-0,0,0,1.83851,1.24994,3.12899,0.000256348,0.000668945,-0.000624657,0.0106498,-0.00405429,-0.0216986,-0.007297,0.000471813,9.81166,0.00729047,-0.000563763,0.0114746,0.0234863,-0.0300407,0,0,0,0,0,0,0,0,0,0,0,0,-0.00363211,-0.000608976,-0.00052198,0,3.12974,0,0,0,0,0,0,-3.14159,-3.14159,-3.14159,0,0,0,0,0,0,0,0,0,0,0,0,0
8.64034,0,0,0,2.68425,1.22926,2.86193,0.000654297,-0.00216553,-0.0045681,0,0,0,0,0,0,0,0,0.0164062,-0.0708984,-0.113106,-0,0,0,1.83851,1.24992,3.12899,-1.2207e-05,-0.000400391,0.000119209,0.0139509,-0.00225142,-0.0215684,-0.0038782,0.0444301,9.81228,0.00331806,-0.0444754,-0.00537109,-0.0213867,0.0148773,0,0,0,0,0,0,0,0,0,0,0,0,-0.00050023,0.00134845,-0.000391485,0,3.12972,0,0,0,0,0,0,-3.14159,-3.14159,-3.14159,0,0,0,0,0,0,0,0,0,0,0,0,0
8.70284,0,0,0,2.68423,1.22928,2.86197,-0.000307617,0.000498047,0.000710487,0,0,0,0,0,0,0,0,-0.0192383,0.0532715,0.105572,-0,0,0,1.8385,1.24992,3.12899,-0.00012207,0.000146484,1.90735e-05,0.01164,-0.00369398,-0.0214357,0.000512961,0.0886801,9.80775,-0.00163023,-0.0886666,-0.00219727,0.0109375,-0.00200272,0,0,0,0,0,0,0,0,0,0,0,0,-0.00297963,4.34983e-05,-0.00026099,0,3.12971,0,0,0,0,0,0,-3.14159,-3.14159,-3.14159,0,0,0,0,0,0,0,0,0,0,0,0,0
8.70284,0,0,0,2.68423,1.22928,2.86197,-0.000307617,0.000498047,0.000710487,0,0,0,0,0,0,0,0,-0.0192383,0.0532715,0.105572,-0,0,0,1.8385,1.24992,3.12899,-0.00012207,0.000146484,1.90735e-05,0.0138943,-0.00421314,-0.021172,-0.000424355,0.0353661,9.80239,-2.12662e-05,-0.0353687,-0.00219727,0.0109375,-0.00200272,0,0,0,0,0,0,0,0,0,0,0,0,-0.000891715,-0.000347986,-3.46945e-18,0,3.12971,0,0,0,0,0,0,-3.14159,-3.14159,-3.14159,0,0,0,0,0,0,0,0,0,0,0,0,0
8.76534,0,0,0,2.6842,1.2294,2.86237,-0.000717773,0.00230713,0.00809669,0,0,0,0,0,0,0,0,-0.00820313,0.0361816,0.147724,-0,0,0,1.83851,1.24992,3.12898,0.000158691,-0.00013916,-0.00026226,0.0156237,-0.00396906,-0.021433,-0.00328221,-0.0204531,9.79825,0.00353992,0.02041,0.00561523,-0.00571289,-0.00562668,0,0,0,0,0,0,0,0,0,0,0,0,0.000674224,4.34983e-05,-0.00026099,0,3.12969,0,0,0,0,0,0,-3.14159,-3.14159,-3.14159,0,0,0,0,0,0,0,0,0,0,0,0,0
8.82786,0,0,0,2.6842,1.22938,2.86233,4.88281e-05,-0.000268555,-0.000915527,0,0,0,0,0,0,0,0,0.015332,-0.0515137,-0.180244,-0,0,0,1.83852,1.24994,3.129,9.0332e-05,0.000439453,0.00043869,0.011347,-0.002824,-0.0207825,-0.00329677,-0.0114812,9.79935,0.00344106,0.0114388,-0.00136719,0.0115723,0.014019,0,0,0,0,0,0,0,0,0,0,0,0,-0.0037626,0.00134845,0.000391485,0,3.12971,0,0,0,0,0,0,-3.14159,-3.14159,-3.14159,0,0,0,0,0,0,0,0,0,0,0,0,0
8.89029,0,0,0,2.68423,1.22932,2.86204,0.000522461,-0.00121094,-0.00571728,0,0,0,0,0,0,0,0,0.00947266,-0.0188477,-0.096035,-0,0,0,1.83851,1.24993,3.12899,-8.05664e-05,-0.000175781,-0.000228882,0.0148983,-0.00544965,-0.0218254,0.000174875,-0.00120267,9.80567,-0.000159705,0.00120478,-0.00341797,-0.0123047,-0.0133514,0,0,0,0,0,0,0,0,0,0,0,0,-0.000369736,-0.00113096,-0.000652474,0,3.12968,0,0,0,0,0,0,-3.14159,-3.14159,-3.14159,0,0,0,0,0,0,0,0,0,0,0,0,0
8.95283,0,0,0,2.68423,1.22928,2.86189,0.000170898,-0.000944824,-0.00293255,0,0,0,0,0,0,0,0,-0.00703125,0.00532227,0.0556946,-0,0,0,1.83851,1.2499,3.12901,-4.63867e-05,-0.000483398,0.000343323,0.0149238,-0.00663942,-0.02026,0.0012296,-0.00256662,9.81127,-0.0011972,0.00258189,0.000683594,-0.00615234,0.0114441,0,0,0,0,0,0,0,0,0,0,0,0,-0.00050023,-0.00217491,0.000913464,0,3.12973,0,0,0,0,0,0,-3.14159,-3.14159,-3.14159,0,0,0,0,0,0,0,0,0,0,0,0,0
8.95283,0,0,0,2.68423,1.22928,2.86189,0.000170898,-0.000944824,-0.00293255,0,0,0,0,0,0,0,0,-0.00703125,0.00532227,0.0556946,-0,0,0,1.83851,1.2499,3.12901,-4.63867e-05,-0.000483398,0.000343323,0.0158612,-0.00534871,-0.0220877,-0.00304884,-0.00310254,9.81246,0.00308764,0.00306393,0.000683594,-0.00615234,0.0114441,0,0,0,0,0,0,0,0,0,0,0,0,0.000282739,-0.000739471,-0.000913464,0,3.12968,0,0,0,0,0,0,-3.14159,-3.14159,-3.14159,0,0,0,0,0,0,0,0,0,0,0,0,0
9.01533,0,0,0,2.68421,1.22933,2.8621,-0.000458984,0.00115723,0.00423908,0,0,0,0,0,0,0,0,-0.0125977,0.042041,0.143433,-0,0,0,1.8385,1.24992,3.12899,-0.00012207,0.000395508,-0.000333786,0.013923,-0.00666507,-0.0209132,-0.00673722,-0.00111481,9.81343,0.00675074,0.00102983,-0.00151367,0.0175781,-0.0135422,0,0,0,0,0,0,0,0,0,0,0,0,-0.00180518,-0.00191393,0.00026099,0,3.12969,0,0,0,0,0,0,-3.14159,-3.14159,-3.14159,0,0,0,0,0,0,0,0,0,0,0,0,0
9.07781,0,0,0,2.68423,1.22931,2.86205,0.000327148,-0.000380859,-0.00114918,0,0,0,0,0,0,0,0,0.0157227,-0.0307617,-0.107765,-0,0,0,1.83852,1.24992,3.12899,0.000234375,-8.30078e-05,6.19888e-05,0.0152439,-0.0061506,-0.021304,-0.00460019,-0.00154898,9.81358,0.00461934,0.0014909,0.00712891,-0.00957031,0.0079155,0,0,0,0,0,0,0,0,0,0,0,0,-0.000630725,-0.00126145,-0.000130495,0,3.12969,0,0,0,0,0,0,-3.14159,-3.14159,-3.14159,0,0,0,0,0,0,0,0,0,0,0,0,0
