0,0,0,0,0,0,0,0,0,0,0,0,0,0,0,0,0,0,0,0,0,0,0,0,0,0,0,0,0,0,0,0,0,0,0,0,0,0,0,0,0,0,0,0,0,0,0,0,0,0,0,0,0,0,0,0,0,0,0,0,0,0,0,0,0,0,0,0,0,0,0,0,0,0,0,0,0,0,0,0,0,0,0,0
0,0,0,0,0,0,0,0,0,0,0,0,0,0,0,0,0,0,0,0,0,0,0,0,0,0,0,0,0,0,-0.287872,0.305097,0.0391485,0.0237043,-0.00520268,9.38142,0.0237043,-0.00520268,0,0,0,0,0,0,0,0,0,0,0,0,0,0,0,0.0479786,-0.0508495,-0.00652474,0,-0.000326237,0,0,0,0,0,0,0,0,0,0,0,0,0,0,0,0,0,0,0,0,0,0,0,0,0,0
0,0,0,0,0,0,0,0,0,0,0,0,0,0,0,0,0,0,0,0,0,0,0,0,0,0,0,0,0,0,-0.0806371,0.060854,-0.038363,0.0976818,-0.0206646,8.05705,0.0976818,-0.0206646,0,0,0,0,0,0,0,0,0,0,0,0,0,0,0,0.0614196,-0.0609846,-0.000130495,0,-0.000332762,0,0,0,0,0,0,0,0,0,0,0,0,0,0,0,0,0,0,0,0,0,0,0,0,0,0
0,0,0,0,0,0,0,0,0,0,0,0,0,0,0,0,0,0,0,0,0,0,0,0,0,0,0,0,0,0,-0.0460045,0.033633,-0.0221789,0.196675,-0.040115,6.30222,0.196675,-0.040115,0,0,0,0,0,0,0,0,0,0,0,0,0,0,0,0.069097,-0.0665741,0.00356686,0,-0.000154419,0,0,0,0,0,0,0,0,0,0,0,0,0,0,0,0,0,0,0,0,0,0,0,0,0,0
0,0,0,0,0,0,0,0,0,0,0,0,0,0,0,0,0,0,0,0,0,0,0,0,0,0,0,0,0,0,-0.0450283,0.0341947,-0.0215242,0.289205,-0.0576883,4.66627,0.289205,-0.0576883,0,0,0,0,0,0,0,0,0,0,0,0,0,0,0,0.0766223,-0.0722507,0.00715547,0,0.000203355,0,0,0,0,0,0,0,0,0,0,0,0,0,0,0,0,0,0,0,0,0,0,0,0,0,0
0,0,0,0,0,0,0,0,0,0,0,0,0,0,0,0,0,0,0,0,0,0,0,0,0,0,0,0,0,0,-0.0460174,0.0347651,-0.0223038,0.377268,-0.0743435,3.10649,0.377268,-0.0743435,0,0,0,0,0,0,0,0,0,0,0,0,0,0,0,0.0843215,-0.0780142,0.0108746,0,0.000747083,0,0,0,0,0,0,0,0,0,0,0,0,0,0,0,0,0,0,0,0,0,0,0,0,0,0
0,0,0,0,0,0,0,0,0,0,0,0,0,0,0,0,0,0,0,0,0,0,0,0,0,0,0,0,0,0,-0.0488321,0.0362462,-0.0208663,0.466966,-0.0912038,1.5264,0.466966,-0.0912038,0,0,0,0,0,0,0,0,0,0,0,0,0,0,0,0.0924991,-0.084017,0.0143544,0,0.00146481,0,0,0,0,0,0,0,0,0,0,0,0,0,0,0,0,0,0,0,0,0,0,0,0,0,0
0,0,0,0,0,0,0,0,0,0,0,0,0,0,0,0,0,0,0,0,0,0,0,0,0,0,0,0,0,0,-0.0460291,0.0356342,-0.0212547,0.53393,-0.103107,0.360644,0.53393,-0.103107,0,0,0,0,0,0,0,0,0,0,0,0,0,0,0,0.0522415,-0.0390615,0.0244243,0,0.00268602,0,0,0,0,0,0,0,0,0,0,0,0,0,0,0,0,0,0,0,0,0,0,0,0,0,0
0,0,0,0,0,0,0,0,0,0,0,0,0,0,0,0,0,0,0,0,0,0,0,0,0,0,0,0,0,0,-0.0454389,0.0364514,-0.0212508,0.550019,-0.104452,0.0925372,0.550019,-0.104452,0,0,0,0,0,0,0,0,0,0,0,0,0,0,0,0.0464344,-0.0349509,0.0215752,0,0.00376478,0,0,0,0,0,0,0,0,0,0,0,0,0,0,0,0,0,0,0,0,0,0,0,0,0,0
0,0,0,0,0,0,0,0,0,0,0,0,0,0,0,0,0,0,0,0,0,0,0,0,0,0,0,0,0,0,-0.0462782,0.0360892,-0.0203336,0.540459,-0.101738,0.256334,0.540459,-0.101738,0,0,0,0,0,0,0,0,0,0,0,0,0,0,0,0.0465432,-0.0353206,0.0212707,0,0.00482831,0,0,0,0,0,0,0,0,0,0,0,0,0,0,0,0,0,0,0,0,0,0,0,0,0,0
0,0,0,0,0,0,0,0,0,0,0,0,0,0,0,0,0,0,0,0,0,0,0,0,0,0,0,0,0,0,-0.0460675,0.0365053,-0.0211135,0.53688,-0.101068,0.299791,0.53688,-0.101068,0,0,0,0,0,0,0,0,0,0,0,0,0,0,0,0.0467824,-0.0356686,0.0212054,0,0.00588858,0,0,0,0,0,0,0,0,0,0,0,0,0,0,0,0,0,0,0,0,0,0,0,0,0,0
0,0,0,0,0,0,0,0,0,0,0,0,0,0,0,0,0,0,0,0,0,0,0,0,0,0,0,0,0,0,-0.0440238,0.0361323,-0.0207188,0.537761,-0.102089,0.265024,0.537761,-0.102089,0,0,0,0,0,0,0,0,0,0,0,0,0,0,0,0.0465214,-0.0358643,0.0209444,0,0.0069358,0,0,0,0,0,0,0,0,0,0,0,0,0,0,0,0,0,0,0,0,0,0,0,0,0,0
0,0,0,0,0,0,0,0,0,0,0,0,0,0,0,0,0,0,0,0,0,0,0,0,0,0,0,0,0,0,-0.0468035,0.0365414,-0.0214992,0.537293,-0.10311,0.249413,0.537293,-0.10311,0,0,0,0,0,0,0,0,0,0,0,0,0,0,0,0.0462604,-0.0358861,0.0210532,0,0.00798846,0,0,0,0,0,0,0,0,0,0,0,0,0,0,0,0,0,0,0,0,0,0,0,0,0,0
0,0,0,0,0,0,0,0,0,0,0,0,0,0,0,0,0,0,0,0,0,0,0,0,0,0,0,0,0,0,-0.0481431,0.0347276,-0.0208444,0.536119,-0.102555,0.247194,0.536119,-0.102555,0,0,0,0,0,0,0,0,0,0,0,0,0,0,0,0.0466954,-0.0357121,0.0209879,0,0.00903786,0,0,0,0,0,0,0,0,0,0,0,0,0,0,0,0,0,0,0,0,0,0,0,0,0,0
0,0,0,0,0,0,0,0,0,0,0,0,0,0,0,0,0,0,0,0,0,0,0,0,0,0,0,0,0,0,-0.0463459,0.0349925,-0.0226699,0.535703,-0.102351,0.241864,0.535703,-0.102351,0,0,0,0,0,0,0,0,0,0,0,0,0,0,0,0.0469347,-0.0354511,0.0212272,0,0.0100992,0,0,0,0,0,0,0,0,0,0,0,0,0,0,0,0,0,0,0,0,0,0,0,0,0,0
0,0,0,0,0,0,0,0,0,0,0,0,0,0,0,0,0,0,0,0,0,0,0,0,0,0,0,0,0,0,-0.0448045,0.0348629,-0.0213636,0.536021,-0.103206,0.23333,0.536021,-0.103206,0,0,0,0,0,0,0,0,0,0,0,0,0,0,0,0.0467824,-0.0352336,0.0214012,0,0.0111693,0,0,0,0,0,0,0,0,0,0,0,0,0,0,0,0,0,0,0,0,0,0,0,0,0,0
0,0,0,0,0,0,0,0,0,0,0,0,0,0,0,0,0,0,0,0,0,0,0,0,0,0,0,0,0,0,-0.045085,0.0366909,-0.0218832,0.536998,-0.103153,0.224629,0.536998,-0.103153,0,0,0,0,0,0,0,0,0,0,0,0,0,0,0,0.0467172,-0.0352554,0.0215317,0,0.0122459,0,0,0,0,0,0,0,0,0,0,0,0,0,0,0,0,0,0,0,0,0,0,0,0,0,0
0,0,0,0,0,0,0,0,0,0,0,0,0,0,0,0,0,0,0,0,0,0,0,0,0,0,0,0,0,0,-0.0469266,0.0368125,-0.0203163,0.537441,-0.101048,0.21709,0.537441,-0.101048,0,0,0,0,0,0,0,0,0,0,0,0,0,0,0,0.0473044,-0.0353641,0.0214664,0,0.0133192,0,0,0,0,0,0,0,0,0,0,0,0,0,0,0,0,0,0,0,0,0,0,0,0,0,0
0,0,0,0,0,0,0,0,0,0,0,0,0,0,0,0,0,0,0,0,0,0,0,0,0,0,0,0,0,0,-0.043803,0.0358827,-0.0222723,0.537302,-0.0989528,0.209493,0.537302,-0.0989528,0,0,0,0,0,0,0,0,0,0,0,0,0,0,0,0.0469129,-0.0352554,0.0215969,0,0.014399,0,0,0,0,0,0,0,0,0,0,0,0,0,0,0,0,0,0,0,0,0,0,0,0,0,0
0,0,0,0,0,0,0,0,0,0,0,0,0,0,0,0,0,0,0,0,0,0,0,0,0,0,0,0,0,0,-0.044328,0.0349506,-0.0203138,0.537256,-0.0993724,0.201697,0.537256,-0.0993724,0,0,0,0,0,0,0,0,0,0,0,0,0,0,0,0.0463909,-0.0352989,0.0215099,0,0.0154745,0,0,0,0,0,0,0,0,0,0,0,0,0,0,0,0,0,0,0,0,0,0,0,0,0,0
0,0,0,0,0,0,0,0,0,0,0,0,0,0,0,0,0,0,0,0,0,0,0,0,0,0,0,0,0,0,-0.0470677,0.0361025,-0.0216172,0.536958,-0.100141,0.194641,0.536958,-0.100141,0,0,0,0,0,0,0,0,0,0,0,0,0,0,0,0.0466302,-0.0354946,0.0213359,0,0.0165413,0,0,0,0,0,0,0,0,0,0,0,0,0,0,0,0,0,0,0,0,0,0,0,0,0,0
0,0,0,0,0,0,0,0,0,0,0,0,0,0,0,0,0,0,0,0,0,0,0,0,0,0,0,0,0,0,-0.0461481,0.0362059,-0.0201806,0.536586,-0.0992508,0.18873,0.536586,-0.0992508,0,0,0,0,0,0,0,0,0,0,0,0,0,0,0,0.0469782,-0.0357339,0.0211402,0,0.0175983,0,0,0,0,0,0,0,0,0,0,0,0,0,0,0,0,0,0,0,0,0,0,0,0,0,0
0,0,0,0,0,0,0,0,0,0,0,0,0,0,0,0,0,0,0,0,0,0,0,0,0,0,0,0,0,0,-0.0439186,0.0370873,-0.0200495,0.536608,-0.0985343,0.184065,0.536608,-0.0985343,0,0,0,0,0,0,0,0,0,0,0,0,0,0,0,0.0469129,-0.0358208,0.0208357,0,0.0186401,0,0,0,0,0,0,0,0,0,0,0,0,0,0,0,0,0,0,0,0,0,0,0,0,0,0
0,0,0,0,0,0,0,0,0,0,0,0,0,0,0,0,0,0,0,0,0,0,0,0,0,0,0,0,0,0,-0.0469054,0.0362654,-0.020963,0.536759,-0.0993593,0.179526,0.536759,-0.0993593,0,0,0,0,0,0,0,0,0,0,0,0,0,0,0,0.0470434,-0.0357556,0.0209444,0,0.0196873,0,0,0,0,0,0,0,0,0,0,0,0,0,0,0,0,0,0,0,0,0,0,0,0,0,0
0,0,0,0,0,0,0,0,0,0,0,0,0,0,0,0,0,0,0,0,0,0,0,0,0,0,0,0,0,0,-0.0445358,0.0349177,-0.0199184,0.536346,-0.100505,0.174744,0.536346,-0.100505,0,0,0,0,0,0,0,0,0,0,0,0,0,0,0,0.0473044,-0.0356251,0.0205529,0,0.020715,0,0,0,0,0,0,0,0,0,0,0,0,0,0,0,0,0,0,0,0,0,0,0,0,0,0
0,0,0,0,0,0,0,0,0,0,0,0,0,0,0,0,0,0,0,0,0,0,0,0,0,0,0,0,0,0,-0.044639,0.0348723,-0.0220058,0.536291,-0.100598,0.169618,0.536291,-0.100598,0,0,0,0,0,0,0,0,0,0,0,0,0,0,0,0.0475001,-0.0356469,0.0208357,0,0.0217568,0,0,0,0,0,0,0,0,0,0,0,0,0,0,0,0,0,0,0,0,0,0,0,0,0,0
0,0,0,0,0,0,0,0,0,0,0,0,0,0,0,0,0,0,0,0,0,0,0,0,0,0,0,0,0,0,-0.0452612,0.0350831,-0.0208318,0.536479,-0.0998748,0.165353,0.536479,-0.0998748,0,0,0,0,0,0,0,0,0,0,0,0,0,0,0,0.0473479,-0.0355164,0.0207052,0,0.022792,0,0,0,0,0,0,0,0,0,0,0,0,0,0,0,0,0,0,0,0,0,0,0,0,0,0
0,0,0,0,0,0,0,0,0,0,0,0,0,0,0,0,0,0,0,0,0,0,0,0,0,0,0,0,0,0,-0.0450962,0.0367254,-0.0212234,0.536284,-0.0997128,0.161936,0.536284,-0.0997128,0,0,0,0,0,0,0,0,0,0,0,0,0,0,0,0.0473261,-0.0356469,0.0208792,0,0.023836,0,0,0,0,0,0,0,0,0,0,0,0,0,0,0,0,0,0,0,0,0,0,0,0,0,0
0,0,0,0,0,0,0,0,0,0,0,0,0,0,0,0,0,0,0,0,0,0,0,0,0,0,0,0,0,0,-0.0444037,0.036536,-0.0205717,0.535872,-0.100334,0.15688,0.535872,-0.100334,0,0,0,0,0,0,0,0,0,0,0,0,0,0,0,0.0475654,-0.0356034,0.0209662,0,0.0248843,0,0,0,0,0,0,0,0,0,0,0,0,0,0,0,0,0,0,0,0,0,0,0,0,0,0
0,0,0,0,0,0,0,0,0,0,0,0,0,0,0,0,0,0,0,0,0,0,0,0,0,0,0,0,0,0,-0.04188,0.0372542,-0.0196596,0.536197,-0.100712,0.151884,0.536197,-0.100712,0,0,0,0,0,0,0,0,0,0,0,0,0,0,0,0.0468912,-0.0358208,0.0207487,0,0.0259217,0,0,0,0,0,0,0,0,0,0,0,0,0,0,0,0,0,0,0,0,0,0,0,0,0,0
0,0,0,0,0,0,0,0,0,0,0,0,0,0,0,0,0,0,0,0,0,0,0,0,0,0,0,0,0,0,-0.0436594,0.0370536,-0.0200522,0.537583,-0.100576,0.14901,0.537583,-0.100576,0,0,0,0,0,0,0,0,0,0,0,0,0,0,0,0.0469129,-0.0362341,0.0207704,0,0.0269602,0,0,0,0,0,0,0,0,0,0,0,0,0,0,0,0,0,0,0,0,0,0,0,0,0,0
0,0,0,0,0,0,0,0,0,0,0,0,0,0,0,0,0,0,0,0,0,0,0,0,0,0,0,0,0,0,-0.0443911,0.0360659,-0.0199229,0.537527,-0.100161,0.14674,0.537527,-0.100161,0,0,0,0,0,0,0,0,0,0,0,0,0,0,0,0.0470434,-0.0364951,0.0204225,0,0.0279814,0,0,0,0,0,0,0,0,0,0,0,0,0,0,0,0,0,0,0,0,0,0,0,0,0,0
0,0,0,0,0,0,0,0,0,0,0,0,0,0,0,0,0,0,0,0,0,0,0,0,0,0,0,0,0,0,-0.0447254,0.0375524,-0.0205758,0.537143,-0.0995995,0.143375,0.537143,-0.0995995,0,0,0,0,0,0,0,0,0,0,0,0,0,0,0,0.0471304,-0.0369736,0.020379,0,0.0290003,0,0,0,0,0,0,0,0,0,0,0,0,0,0,0,0,0,0,0,0,0,0,0,0,0,0
0,0,0,0,0,0,0,0,0,0,0,0,0,0,0,0,0,0,0,0,0,0,0,0,0,0,0,0,0,0,-0.0437503,0.0347275,-0.0207069,0.537504,-0.0984432,0.139789,0.537504,-0.0984432,0,0,0,0,0,0,0,0,0,0,0,0,0,0,0,0.0470869,-0.0367126,0.020292,0,0.0300149,0,0,0,0,0,0,0,0,0,0,0,0,0,0,0,0,0,0,0,0,0,0,0,0,0,0
0,0,0,0,0,0,0,0,0,0,0,0,0,0,0,0,0,0,0,0,0,0,0,0,0,0,0,0,0,0,-0.0439461,0.0364663,-0.0204479,0.537453,-0.0976627,0.13721,0.537453,-0.0976627,0,0,0,0,0,0,0,0,0,0,0,0,0,0,0,0.0471957,-0.0367778,0.0202702,0,0.0310284,0,0,0,0,0,0,0,0,0,0,0,0,0,0,0,0,0,0,0,0,0,0,0,0,0,0
0,0,0,0,0,0,0,0,0,0,0,0,0,0,0,0,0,0,0,0,0,0,0,0,0,0,0,0,0,0,-0.0428326,0.0372864,-0.0212325,0.53666,-0.0978318,0.134668,0.53666,-0.0978318,0,0,0,0,0,0,0,0,0,0,0,0,0,0,0,0.0475436,-0.0368648,0.0205312,0,0.032055,0,0,0,0,0,0,0,0,0,0,0,0,0,0,0,0,0,0,0,0,0,0,0,0,0,0
0,0,0,0,0,0,0,0,0,0,0,0,0,0,0,0,0,0,0,0,0,0,0,0,0,0,0,0,0,0,-0.0434103,0.0357568,-0.021234,0.535237,-0.0974981,0.132159,0.535237,-0.0974981,0,0,0,0,0,0,0,0,0,0,0,0,0,0,0,0.0476959,-0.0367343,0.0207269,0,0.0330913,0,0,0,0,0,0,0,0,0,0,0,0,0,0,0,0,0,0,0,0,0,0,0,0,0,0
0,0,0,0,0,0,0,0,0,0,0,0,0,0,0,0,0,0,0,0,0,0,0,0,0,0,0,0,0,0,-0.0429392,0.0367009,-0.0213673,0.535373,-0.0967384,0.130227,0.535373,-0.0967384,0,0,0,0,0,0,0,0,0,0,0,0,0,0,0,0.0476524,-0.0369301,0.0209662,0,0.0341396,0,0,0,0,0,0,0,0,0,0,0,0,0,0,0,0,0,0,0,0,0,0,0,0,0,0
0,0,0,0,0,0,0,0,0,0,0,0,0,0,0,0,0,0,0,0,0,0,0,0,0,0,0,0,0,0,-0.0402481,0.0354198,-0.0211094,0.536114,-0.096591,0.128232,0.536114,-0.096591,0,0,0,0,0,0,0,0,0,0,0,0,0,0,0,0.0471087,-0.0366691,0.0210532,0,0.0351923,0,0,0,0,0,0,0,0,0,0,0,0,0,0,0,0,0,0,0,0,0,0,0,0,0,0
0,0,0,0,0,0,0,0,0,0,0,0,0,0,0,0,0,0,0,0,0,0,0,0,0,0,0,0,0,0,-0.0425131,0.0362243,-0.0196758,0.536149,-0.0968383,0.125904,0.536149,-0.0968383,0,0,0,0,0,0,0,0,0,0,0,0,0,0,0,0.0471087,-0.0370171,0.0208792,0,0.0362363,0,0,0,0,0,0,0,0,0,0,0,0,0,0,0,0,0,0,0,0,0,0,0,0,0,0
0,0,0,0,0,0,0,0,0,0,0,0,0,0,0,0,0,0,0,0,0,0,0,0,0,0,0,0,0,0,-0.0425554,0.0348048,-0.0200689,0.536314,-0.0964251,0.123557,0.536314,-0.0964251,0,0,0,0,0,0,0,0,0,0,0,0,0,0,0,0.0470869,-0.0368431,0.0208139,0,0.037277,0,0,0,0,0,0,0,0,0,0,0,0,0,0,0,0,0,0,0,0,0,0,0,0,0,0
0,0,0,0,0,0,0,0,0,0,0,0,0,0,0,0,0,0,0,0,0,0,0,0,0,0,0,0,0,0,-0.0415499,0.034555,-0.0216368,0.537214,-0.0960612,0.120946,0.537214,-0.0960612,0,0,0,0,0,0,0,0,0,0,0,0,0,0,0,0.0470869,-0.0364951,0.0208792,0,0.0383209,0,0,0,0,0,0,0,0,0,0,0,0,0,0,0,0,0,0,0,0,0,0,0,0,0,0
0,0,0,0,0,0,0,0,0,0,0,0,0,0,0,0,0,0,0,0,0,0,0,0,0,0,0,0,0,0,-0.0415855,0.0336515,-0.0211163,0.538238,-0.0970382,0.118543,0.538238,-0.0970382,0,0,0,0,0,0,0,0,0,0,0,0,0,0,0,0.0469999,-0.0362558,0.0208574,0,0.0393638,0,0,0,0,0,0,0,0,0,0,0,0,0,0,0,0,0,0,0,0,0,0,0,0,0,0
0,0,0,0,0,0,0,0,0,0,0,0,0,0,0,0,0,0,0,0,0,0,0,0,0,0,0,0,0,0,-0.0404417,0.0356183,-0.0209886,0.537791,-0.0981821,0.117062,0.537791,-0.0981821,0,0,0,0,0,0,0,0,0,0,0,0,0,0,0,0.0468042,-0.0361906,0.0207922,0,0.0404034,0,0,0,0,0,0,0,0,0,0,0,0,0,0,0,0,0,0,0,0,0,0,0,0,0,0
0,0,0,0,0,0,0,0,0,0,0,0,0,0,0,0,0,0,0,0,0,0,0,0,0,0,0,0,0,0,-0.0416426,0.0353597,-0.0198171,0.537206,-0.0985406,0.114989,0.537206,-0.0985406,0,0,0,0,0,0,0,0,0,0,0,0,0,0,0,0.0472609,-0.0362993,0.0205747,0,0.0414321,0,0,0,0,0,0,0,0,0,0,0,0,0,0,0,0,0,0,0,0,0,0,0,0,0,0
0,0,0,0,0,0,0,0,0,0,0,0,0,0,0,0,0,0,0,0,0,0,0,0,0,0,0,0,0,0,-0.041797,0.0354896,-0.0198196,0.537195,-0.0996011,0.112321,0.537195,-0.0996011,0,0,0,0,0,0,0,0,0,0,0,0,0,0,0,0.0473696,-0.0362993,0.0205964,0,0.042462,0,0,0,0,0,0,0,0,0,0,0,0,0,0,0,0,0,0,0,0,0,0,0,0,0,0
0,0,0,0,0,0,0,0,0,0,0,0,0,0,0,0,0,0,0,0,0,0,0,0,0,0,0,0,0,0,-0.0401211,0.0345732,-0.0216496,0.537004,-0.10141,0.111361,0.537004,-0.10141,0,0,0,0,0,0,0,0,0,0,0,0,0,0,0,0.0471957,-0.0363863,0.0208574,0,0.0435048,0,0,0,0,0,0,0,0,0,0,0,0,0,0,0,0,0,0,0,0,0,0,0,0,0,0
0,0,0,0,0,0,0,0,0,0,0,0,0,0,0,0,0,0,0,0,0,0,0,0,0,0,0,0,0,0,-0.040922,0.0354795,-0.0206078,0.536304,-0.101784,0.110854,0.536304,-0.101784,0,0,0,0,0,0,0,0,0,0,0,0,0,0,0,0.0473261,-0.0366691,0.0206834,0,0.044539,0,0,0,0,0,0,0,0,0,0,0,0,0,0,0,0,0,0,0,0,0,0,0,0,0,0
0,0,0,0,0,0,0,0,0,0,0,0,0,0,0,0,0,0,0,0,0,0,0,0,0,0,0,0,0,0,-0.0384565,0.0340354,-0.0204797,0.536074,-0.10083,0.107979,0.536074,-0.10083,0,0,0,0,0,0,0,0,0,0,0,0,0,0,0,0.0470434,-0.0368648,0.0205747,0,0.0455677,0,0,0,0,0,0,0,0,0,0,0,0,0,0,0,0,0,0,0,0,0,0,0,0,0,0
0,0,0,0,0,0,0,0,0,0,0,0,0,0,0,0,0,0,0,0,0,0,0,0,0,0,0,0,0,0,-0.041338,0.0346737,-0.0211357,0.536252,-0.100035,0.104208,0.536252,-0.100035,0,0,0,0,0,0,0,0,0,0,0,0,0,0,0,0.0474349,-0.0368431,0.0205964,0,0.0465976,0,0,0,0,0,0,0,0,0,0,0,0,0,0,0,0,0,0,0,0,0,0,0,0,0,0
0,0,0,0,0,0,0,0,0,0,0,0,0,0,0,0,0,0,0,0,0,0,0,0,0,0,0,0,0,0,-0.0400404,0.0342618,-0.0207477,0.53562,-0.0998775,0.102246,0.53562,-0.0998775,0,0,0,0,0,0,0,0,0,0,0,0,0,0,0,0.0474131,-0.0367996,0.0207487,0,0.047635,0,0,0,0,0,0,0,0,0,0,0,0,0,0,0,0,0,0,0,0,0,0,0,0,0,0
0,0,0,0,0,0,0,0,0,0,0,0,0,0,0,0,0,0,0,0,0,0,0,0,0,0,0,0,0,0,-0.0396525,0.0341102,-0.0214034,0.534624,-0.0998677,0.100759,0.534624,-0.0998677,0,0,0,0,0,0,0,0,0,0,0,0,0,0,0,0.0473044,-0.0367126,0.0210097,0,0.0486855,0,0,0,0,0,0,0,0,0,0,0,0,0,0,0,0,0,0,0,0,0,0,0,0,0,0
0,0,0,0,0,0,0,0,0,0,0,0,0,0,0,0,0,0,0,0,0,0,0,0,0,0,0,0,0,0,-0.0388694,0.0338251,-0.0207549,0.533798,-0.0995733,0.0985823,0.533798,-0.0995733,0,0,0,0,0,0,0,0,0,0,0,0,0,0,0,0.0473479,-0.0367343,0.0208574,0,0.0497283,0,0,0,0,0,0,0,0,0,0,0,0,0,0,0,0,0,0,0,0,0,0,0,0,0,0
0,0,0,0,0,0,0,0,0,0,0,0,0,0,0,0,0,0,0,0,0,0,0,0,0,0,0,0,0,0,-0.038737,0.03445,-0.020367,0.53429,-0.0996334,0.097756,0.53429,-0.0996334,0,0,0,0,0,0,0,0,0,0,0,0,0,0,0,0.0472392,-0.0367126,0.0208139,0,0.050769,0,0,0,0,0,0,0,0,0,0,0,0,0,0,0,0,0,0,0,0,0,0,0,0,0,0
0,0,0,0,0,0,0,0,0,0,0,0,0,0,0,0,0,0,0,0,0,0,0,0,0,0,0,0,0,0,-0.0391276,0.0337669,-0.0203696,0.535601,-0.0994501,0.0981879,0.535601,-0.0994501,0,0,0,0,0,0,0,0,0,0,0,0,0,0,0,0.0476089,-0.0368213,0.0207922,0,0.0518086,0,0,0,0,0,0,0,0,0,0,0,0,0,0,0,0,0,0,0,0,0,0,0,0,0,0
0,0,0,0,0,0,0,0,0,0,0,0,0,0,0,0,0,0,0,0,0,0,0,0,0,0,0,0,0,0,-0.036254,0.0346457,-0.0210258,0.536832,-0.099206,0.0980374,0.536832,-0.099206,0,0,0,0,0,0,0,0,0,0,0,0,0,0,0,0.0470217,-0.0369736,0.0207704,0,0.0528472,0,0,0,0,0,0,0,0,0,0,0,0,0,0,0,0,0,0,0,0,0,0,0,0,0,0
0,0,0,0,0,0,0,0,0,0,0,0,0,0,0,0,0,0,0,0,0,0,0,0,0,0,0,0,0,0,-0.0370294,0.0333005,-0.0199868,0.537893,-0.0997928,0.097408,0.537893,-0.0997928,0,0,0,0,0,0,0,0,0,0,0,0,0,0,0,0.0467824,-0.0369736,0.0206399,0,0.0538792,0,0,0,0,0,0,0,0,0,0,0,0,0,0,0,0,0,0,0,0,0,0,0,0,0,0
0,0,0,0,0,0,0,0,0,0,0,0,0,0,0,0,0,0,0,0,0,0,0,0,0,0,0,0,0,0,-0.0387141,0.0336514,-0.0215578,0.53888,-0.0999808,0.0969077,0.53888,-0.0999808,0,0,0,0,0,0,0,0,0,0,0,0,0,0,0,0.0468912,-0.0370605,0.0206617,0,0.0549123,0,0,0,0,0,0,0,0,0,0,0,0,0,0,0,0,0,0,0,0,0,0,0,0,0,0
0,0,0,0,0,0,0,0,0,0,0,0,0,0,0,0,0,0,0,0,0,0,0,0,0,0,0,0,0,0,-0.0390914,0.0324336,-0.021693,0.539575,-0.0993832,0.0965188,0.539575,-0.0993832,0,0,0,0,0,0,0,0,0,0,0,0,0,0,0,0.0471957,-0.0369953,0.0208139,0,0.0559529,0,0,0,0,0,0,0,0,0,0,0,0,0,0,0,0,0,0,0,0,0,0,0,0,0,0
0,0,0,0,0,0,0,0,0,0,0,0,0,0,0,0,0,0,0,0,0,0,0,0,0,0,0,0,0,0,-0.0371174,0.032648,-0.0202621,0.538733,-0.0989418,0.0958447,0.538733,-0.0989418,0,0,0,0,0,0,0,0,0,0,0,0,0,0,0,0.0471957,-0.0368648,0.0207922,0,0.0569926,0,0,0,0,0,0,0,0,0,0,0,0,0,0,0,0,0,0,0,0,0,0,0,0,0,0
0,0,0,0,0,0,0,0,0,0,0,0,0,0,0,0,0,0,0,0,0,0,0,0,0,0,0,0,0,0,-0.0376194,0.0326005,-0.0207892,0.536889,-0.0989858,0.0948007,0.536889,-0.0989858,0,0,0,0,0,0,0,0,0,0,0,0,0,0,0,0.0472174,-0.0368431,0.0208574,0,0.0580354,0,0,0,0,0,0,0,0,0,0,0,0,0,0,0,0,0,0,0,0,0,0,0,0,0,0
0,0,0,0,0,0,0,0,0,0,0,0,0,0,0,0,0,0,0,0,0,0,0,0,0,0,0,0,0,0,-0.0381207,0.0335912,-0.0200099,0.535514,-0.0990324,0.0936303,0.535514,-0.0990324,0,0,0,0,0,0,0,0,0,0,0,0,0,0,0,0.0478046,-0.0368431,0.0206834,0,0.0590696,0,0,0,0,0,0,0,0,0,0,0,0,0,0,0,0,0,0,0,0,0,0,0,0,0,0
0,0,0,0,0,0,0,0,0,0,0,0,0,0,0,0,0,0,0,0,0,0,0,0,0,0,0,0,0,0,-0.0386188,0.0300109,-0.0206676,0.535304,-0.0990248,0.0926695,0.535304,-0.0990248,0,0,0,0,0,0,0,0,0,0,0,0,0,0,0,0.0483484,-0.0364733,0.0207922,0,0.0601092,0,0,0,0,0,0,0,0,0,0,0,0,0,0,0,0,0,0,0,0,0,0,0,0,0,0
0,0,0,0,0,0,0,0,0,0,0,0,0,0,0,0,0,0,0,0,0,0,0,0,0,0,0,0,0,0,-0.0378102,0.0312595,-0.0209339,0.535423,-0.0998352,0.0923735,0.535423,-0.0998352,0,0,0,0,0,0,0,0,0,0,0,0,0,0,0,0.0484789,-0.0362558,0.0206834,0,0.0611434,0,0,0,0,0,0,0,0,0,0,0,0,0,0,0,0,0,0,0,0,0,0,0,0,0,0
0,0,0,0,0,0,0,0,0,0,0,0,0,0,0,0,0,0,0,0,0,0,0,0,0,0,0,0,0,0,-0.0371305,0.0306796,-0.0205472,0.535255,-0.10086,0.0917784,0.535255,-0.10086,0,0,0,0,0,0,0,0,0,0,0,0,0,0,0,0.0484354,-0.0361471,0.0204877,0,0.0621678,0,0,0,0,0,0,0,0,0,0,0,0,0,0,0,0,0,0,0,0,0,0,0,0,0,0
0,0,0,0,0,0,0,0,0,0,0,0,0,0,0,0,0,0,0,0,0,0,0,0,0,0,0,0,0,0,-0.0373609,0.0320544,-0.0215958,0.535,-0.100399,0.0904554,0.535,-0.100399,0,0,0,0,0,0,0,0,0,0,0,0,0,0,0,0.0487616,-0.0362341,0.0207052,0,0.063203,0,0,0,0,0,0,0,0,0,0,0,0,0,0,0,0,0,0,0,0,0,0,0,0,0,0
0,0,0,0,0,0,0,0,0,0,0,0,0,0,0,0,0,0,0,0,0,0,0,0,0,0,0,0,0,0,-0.0348482,0.0325097,-0.0213398,0.535585,-0.0999017,0.0897976,0.535585,-0.0999017,0,0,0,0,0,0,0,0,0,0,0,0,0,0,0,0.0485876,-0.0364081,0.0207922,0,0.0642426,0,0,0,0,0,0,0,0,0,0,0,0,0,0,0,0,0,0,0,0,0,0,0,0,0,0
0,0,0,0,0,0,0,0,0,0,0,0,0,0,0,0,0,0,0,0,0,0,0,0,0,0,0,0,0,0,-0.034423,0.0300924,-0.0210848,0.536856,-0.100828,0.0899076,0.536856,-0.100828,0,0,0,0,0,0,0,0,0,0,0,0,0,0,0,0.0482614,-0.0360166,0.0209662,0,0.0652909,0,0,0,0,0,0,0,0,0,0,0,0,0,0,0,0,0,0,0,0,0,0,0,0,0,0
0,0,0,0,0,0,0,0,0,0,0,0,0,0,0,0,0,0,0,0,0,0,0,0,0,0,0,0,0,0,-0.0358248,0.0298936,-0.0218731,0.537311,-0.101411,0.0896113,0.537311,-0.101411,0,0,0,0,0,0,0,0,0,0,0,0,0,0,0,0.0480874,-0.0361906,0.0211619,0,0.066349,0,0,0,0,0,0,0,0,0,0,0,0,0,0,0,0,0,0,0,0,0,0,0,0,0,0
0,0,0,0,0,0,0,0,0,0,0,0,0,0,0,0,0,0,0,0,0,0,0,0,0,0,0,0,0,0,-0.0337,0.0308678,-0.0200513,0.537473,-0.100667,0.0887448,0.537473,-0.100667,0,0,0,0,0,0,0,0,0,0,0,0,0,0,0,0.0476959,-0.0363211,0.0210097,0,0.0673995,0,0,0,0,0,0,0,0,0,0,0,0,0,0,0,0,0,0,0,0,0,0,0,0,0,0
0,0,0,0,0,0,0,0,0,0,0,0,0,0,0,0,0,0,0,0,0,0,0,0,0,0,0,0,0,0,-0.0335311,0.030011,-0.0200565,0.537541,-0.100158,0.0880942,0.537541,-0.100158,0,0,0,0,0,0,0,0,0,0,0,0,0,0,0,0.0473914,-0.0364081,0.0209227,0,0.0684457,0,0,0,0,0,0,0,0,0,0,0,0,0,0,0,0,0,0,0,0,0,0,0,0,0,0
0,0,0,0,0,0,0,0,0,0,0,0,0,0,0,0,0,0,0,0,0,0,0,0,0,0,0,0,0,0,-0.0344035,0.0320222,-0.0212361,0.53801,-0.100753,0.0874829,0.53801,-0.100753,0,0,0,0,0,0,0,0,0,0,0,0,0,0,0,0.0471957,-0.0366038,0.0208574,0,0.0694885,0,0,0,0,0,0,0,0,0,0,0,0,0,0,0,0,0,0,0,0,0,0,0,0,0,0
0,0,0,0,0,0,0,0,0,0,0,0,0,0,0,0,0,0,0,0,0,0,0,0,0,0,0,0,0,0,-0.0333165,0.0305083,-0.0212417,0.538641,-0.100928,0.0863377,0.538641,-0.100928,0,0,0,0,0,0,0,0,0,0,0,0,0,0,0,0.0472392,-0.0364733,0.0208357,0,0.0705303,0,0,0,0,0,0,0,0,0,0,0,0,0,0,0,0,0,0,0,0,0,0,0,0,0,0
0,0,0,0,0,0,0,0,0,0,0,0,0,0,0,0,0,0,0,0,0,0,0,0,0,0,0,0,0,0,-0.0327519,0.0312078,-0.0217702,0.538532,-0.100417,0.0850688,0.538532,-0.100417,0,0,0,0,0,0,0,0,0,0,0,0,0,0,0,0.0472609,-0.0368648,0.0209444,0,0.0715775,0,0,0,0,0,0,0,0,0,0,0,0,0,0,0,0,0,0,0,0,0,0,0,0,0,0
0,0,0,0,0,0,0,0,0,0,0,0,0,0,0,0,0,0,0,0,0,0,0,0,0,0,0,0,0,0,-0.0341425,0.0309943,-0.0192975,0.538219,-0.0998607,0.0840962,0.538219,-0.0998607,0,0,0,0,0,0,0,0,0,0,0,0,0,0,0,0.0472826,-0.0372563,0.0205094,0,0.072603,0,0,0,0,0,0,0,0,0,0,0,0,0,0,0,0,0,0,0,0,0,0,0,0,0,0
0,0,0,0,0,0,0,0,0,0,0,0,0,0,0,0,0,0,0,0,0,0,0,0,0,0,0,0,0,0,-0.0314852,0.0310396,-0.0200867,0.537741,-0.0995392,0.0829109,0.537741,-0.0995392,0,0,0,0,0,0,0,0,0,0,0,0,0,0,0,0.0472174,-0.0374955,0.0205094,0,0.0736285,0,0,0,0,0,0,0,0,0,0,0,0,0,0,0,0,0,0,0,0,0,0,0,0,0,0
0,0,0,0,0,0,0,0,0,0,0,0,0,0,0,0,0,0,0,0,0,0,0,0,0,0,0,0,0,0,-0.031045,0.0282106,-0.0208757,0.537765,-0.0993131,0.0810902,0.537765,-0.0993131,0,0,0,0,0,0,0,0,0,0,0,0,0,0,0,0.0471087,-0.0374085,0.0206399,0,0.0746605,0,0,0,0,0,0,0,0,0,0,0,0,0,0,0,0,0,0,0,0,0,0,0,0,0,0
0,0,0,0,0,0,0,0,0,0,0,0,0,0,0,0,0,0,0,0,0,0,0,0,0,0,0,0,0,0,-0.0330815,0.0270754,-0.0199697,0.537526,-0.0994852,0.079803,0.537526,-0.0994852,0,0,0,0,0,0,0,0,0,0,0,0,0,0,0,0.0471957,-0.0367996,0.0204225,0,0.0756816,0,0,0,0,0,0,0,0,0,0,0,0,0,0,0,0,0,0,0,0,0,0,0,0,0,0
0,0,0,0,0,0,0,0,0,0,0,0,0,0,0,0,0,0,0,0,0,0,0,0,0,0,0,0,0,0,-0.031724,0.0278977,-0.021151,0.536469,-0.100372,0.0798523,0.536469,-0.100372,0,0,0,0,0,0,0,0,0,0,0,0,0,0,0,0.0472392,-0.0365821,0.0204007,0,0.0767016,0,0,0,0,0,0,0,0,0,0,0,0,0,0,0,0,0,0,0,0,0,0,0,0,0,0
0,0,0,0,0,0,0,0,0,0,0,0,0,0,0,0,0,0,0,0,0,0,0,0,0,0,0,0,0,0,-0.0316712,0.0283265,-0.0203748,0.535867,-0.100781,0.0798978,0.535867,-0.100781,0,0,0,0,0,0,0,0,0,0,0,0,0,0,0,0.0473696,-0.0363211,0.0201615,0,0.0777097,0,0,0,0,0,0,0,0,0,0,0,0,0,0,0,0,0,0,0,0,0,0,0,0,0,0
0,0,0,0,0,0,0,0,0,0,0,0,0,0,0,0,0,0,0,0,0,0,0,0,0,0,0,0,0,0,-0.031878,0.0312349,-0.0201217,0.535698,-0.101271,0.0795678,0.535698,-0.101271,0,0,0,0,0,0,0,0,0,0,0,0,0,0,0,0.0473044,-0.0365821,0.020292,0,0.0787243,0,0,0,0,0,0,0,0,0,0,0,0,0,0,0,0,0,0,0,0,0,0,0,0,0,0
0,0,0,0,0,0,0,0,0,0,0,0,0,0,0,0,0,0,0,0,0,0,0,0,0,0,0,0,0,0,-0.030649,0.0280074,-0.0196063,0.53586,-0.101581,0.0793846,0.53586,-0.101581,0,0,0,0,0,0,0,0,0,0,0,0,0,0,0,0.0474784,-0.0362993,0.020205,0,0.0797346,0,0,0,0,0,0,0,0,0,0,0,0,0,0,0,0,0,0,0,0,0,0,0,0,0,0
0,0,0,0,0,0,0,0,0,0,0,0,0,0,0,0,0,0,0,0,0,0,0,0,0,0,0,0,0,0,-0.0298102,0.0277789,-0.0196133,0.536561,-0.100971,0.0781844,0.536561,-0.100971,0,0,0,0,0,0,0,0,0,0,0,0,0,0,0,0.0475871,-0.0364516,0.0199875,0,0.0807339,0,0,0,0,0,0,0,0,0,0,0,0,0,0,0,0,0,0,0,0,0,0,0,0,0,0
0,0,0,0,0,0,0,0,0,0,0,0,0,0,0,0,0,0,0,0,0,0,0,0,0,0,0,0,0,0,-0.0294926,0.0275469,-0.0196208,0.537761,-0.100246,0.0759945,0.537761,-0.100246,0,0,0,0,0,0,0,0,0,0,0,0,0,0,0,0.0473044,-0.0367561,0.0199222,0,0.08173,0,0,0,0,0,0,0,0,0,0,0,0,0,0,0,0,0,0,0,0,0,0,0,0,0,0
0,0,0,0,0,0,0,0,0,0,0,0,0,0,0,0,0,0,0,0,0,0,0,0,0,0,0,0,0,0,-0.0302182,0.0277052,-0.0194979,0.538488,-0.0998241,0.0742421,0.538488,-0.0998241,0,0,0,0,0,0,0,0,0,0,0,0,0,0,0,0.0473696,-0.0369518,0.0196395,0,0.082712,0,0,0,0,0,0,0,0,0,0,0,0,0,0,0,0,0,0,0,0,0,0,0,0,0,0
0,0,0,0,0,0,0,0,0,0,0,0,0,0,0,0,0,0,0,0,0,0,0,0,0,0,0,0,0,0,-0.0298987,0.0274717,-0.0195052,0.538165,-0.0998609,0.073361,0.538165,-0.0998609,0,0,0,0,0,0,0,0,0,0,0,0,0,0,0,0.0473914,-0.0370388,0.0194872,0,0.0836864,0,0,0,0,0,0,0,0,0,0,0,0,0,0,0,0,0,0,0,0,0,0,0,0,0,0
0,0,0,0,0,0,0,0,0,0,0,0,0,0,0,0,0,0,0,0,0,0,0,0,0,0,0,0,0,0,-0.029447,0.027368,-0.0195124,0.538362,-0.0990856,0.0719372,0.538362,-0.0990856,0,0,0,0,0,0,0,0,0,0,0,0,0,0,0,0.0473044,-0.0366256,0.0193785,0,0.0846553,0,0,0,0,0,0,0,0,0,0,0,0,0,0,0,0,0,0,0,0,0,0,0,0,0,0
0,0,0,0,0,0,0,0,0,0,0,0,0,0,0,0,0,0,0,0,0,0,0,0,0,0,0,0,0,0,-0.0291257,0.0271308,-0.01952,0.539791,-0.097384,0.0693408,0.539791,-0.097384,0,0,0,0,0,0,0,0,0,0,0,0,0,0,0,0.0473696,-0.0367126,0.0193567,0,0.0856231,0,0,0,0,0,0,0,0,0,0,0,0,0,0,0,0,0,0,0,0,0,0,0,0,0,0
0,0,0,0,0,0,0,0,0,0,0,0,0,0,0,0,0,0,0,0,0,0,0,0,0,0,0,0,0,0,-0.0288056,0.0268884,-0.0195286,0.541248,-0.0964356,0.0682406,0.541248,-0.0964356,0,0,0,0,0,0,0,0,0,0,0,0,0,0,0,0.0475219,-0.0367996,0.019335,0,0.0865899,0,0,0,0,0,0,0,0,0,0,0,0,0,0,0,0,0,0,0,0,0,0,0,0,0,0
0,0,0,0,0,0,0,0,0,0,0,0,0,0,0,0,0,0,0,0,0,0,0,0,0,0,0,0,0,0,-0.0277022,0.0275588,-0.0209727,0.54223,-0.0966983,0.0687153,0.54223,-0.0966983,0,0,0,0,0,0,0,0,0,0,0,0,0,0,0,0.0475436,-0.0370388,0.0195525,0,0.0875675,0,0,0,0,0,0,0,0,0,0,0,0,0,0,0,0,0,0,0,0,0,0,0,0,0,0
0,0,0,0,0,0,0,0,0,0,0,0,0,0,0,0,0,0,0,0,0,0,0,0,0,0,0,0,0,0,-0.0273804,0.0273173,-0.0209807,0.543383,-0.0971241,0.068261,0.543383,-0.0971241,0,0,0,0,0,0,0,0,0,0,0,0,0,0,0,0.0473914,-0.0372128,0.0197917,0,0.0885571,0,0,0,0,0,0,0,0,0,0,0,0,0,0,0,0,0,0,0,0,0,0,0,0,0,0
0,0,0,0,0,0,0,0,0,0,0,0,0,0,0,0,0,0,0,0,0,0,0,0,0,0,0,0,0,0,-0.0251004,0.0266834,-0.0199446,0.545085,-0.0971374,0.0675073,0.545085,-0.0971374,0,0,0,0,0,0,0,0,0,0,0,0,0,0,0,0.0469129,-0.0373215,0.019857,0,0.0895499,0,0,0,0,0,0,0,0,0,0,0,0,0,0,0,0,0,0,0,0,0,0,0,0,0,0
0,0,0,0,0,0,0,0,0,0,0,0,0,0,0,0,0,0,0,0,0,0,0,0,0,0,0,0,0,0,-0.0247778,0.0264394,-0.0199528,0.546408,-0.097912,0.0685791,0.546408,-0.097912,0,0,0,0,0,0,0,0,0,0,0,0,0,0,0,0.0464562,-0.0374085,0.0199222,0,0.0905461,0,0,0,0,0,0,0,0,0,0,0,0,0,0,0,0,0,0,0,0,0,0,0,0,0,0
0,0,0,0,0,0,0,0,0,0,0,0,0,0,0,0,0,0,0,0,0,0,0,0,0,0,0,0,0,0,-0.0244553,0.026195,-0.0199609,0.54632,-0.100219,0.0713974,0.54632,-0.100219,0,0,0,0,0,0,0,0,0,0,0,0,0,0,0,0.0459994,-0.0374955,0.0199875,0,0.0915454,0,0,0,0,0,0,0,0,0,0,0,0,0,0,0,0,0,0,0,0,0,0,0,0,0,0
0,0,0,0,0,0,0,0,0,0,0,0,0,0,0,0,0,0,0,0,0,0,0,0,0,0,0,0,0,0,-0.0246542,0.0263414,-0.0202299,0.545479,-0.102658,0.0739025,0.545479,-0.102658,0,0,0,0,0,0,0,0,0,0,0,0,0,0,0,0.0456297,-0.0376478,0.0200962,0,0.0925502,0,0,0,0,0,0,0,0,0,0,0,0,0,0,0,0,0,0,0,0,0,0,0,0,0,0
0,0,0,0,0,0,0,0,0,0,0,0,0,0,0,0,0,0,0,0,0,0,0,0,0,0,0,0,0,0,-0.024329,0.0260956,-0.0202387,0.544851,-0.103928,0.0752019,0.544851,-0.103928,0,0,0,0,0,0,0,0,0,0,0,0,0,0,0,0.0453905,-0.0376478,0.0199657,0,0.0935485,0,0,0,0,0,0,0,0,0,0,0,0,0,0,0,0,0,0,0,0,0,0,0,0,0,0
0,0,0,0,0,0,0,0,0,0,0,0,0,0,0,0,0,0,0,0,0,0,0,0,0,0,0,0,0,0,-0.0273963,0.0241522,-0.0192036,0.543885,-0.104591,0.0761459,0.543885,-0.104591,0,0,0,0,0,0,0,0,0,0,0,0,0,0,0,0.0457167,-0.037365,0.0196612,0,0.0945316,0,0,0,0,0,0,0,0,0,0,0,0,0,0,0,0,0,0,0,0,0,0,0,0,0,0
0,0,0,0,0,0,0,0,0,0,0,0,0,0,0,0,0,0,0,0,0,0,0,0,0,0,0,0,0,0,-0.0270694,0.0239041,-0.0192123,0.54183,-0.105075,0.0767413,0.54183,-0.105075,0,0,0,0,0,0,0,0,0,0,0,0,0,0,0,0.0463692,-0.0371475,0.0195307,0,0.0955081,0,0,0,0,0,0,0,0,0,0,0,0,0,0,0,0,0,0,0,0,0,0,0,0,0,0
0,0,0,0,0,0,0,0,0,0,0,0,0,0,0,0,0,0,0,0,0,0,0,0,0,0,0,0,0,0,-0.02674,0.0245683,-0.020004,0.53954,-0.105166,0.076404,0.53954,-0.105166,0,0,0,0,0,0,0,0,0,0,0,0,0,0,0,0.0470217,-0.0370823,0.0195307,0,0.0964847,0,0,0,0,0,0,0,0,0,0,0,0,0,0,0,0,0,0,0,0,0,0,0,0,0,0
0,0,0,0,0,0,0,0,0,0,0,0,0,0,0,0,0,0,0,0,0,0,0,0,0,0,0,0,0,0,-0.025236,0.0243181,-0.0200127,0.538052,-0.104995,0.0758342,0.538052,-0.104995,0,0,0,0,0,0,0,0,0,0,0,0,0,0,0,0.0474784,-0.0370171,0.0195307,0,0.0974612,0,0,0,0,0,0,0,0,0,0,0,0,0,0,0,0,0,0,0,0,0,0,0,0,0,0
0,0,0,0,0,0,0,0,0,0,0,0,0,0,0,0,0,0,0,0,0,0,0,0,0,0,0,0,0,0,-0.0249077,0.0240672,-0.0200217,0.537129,-0.104716,0.0757459,0.537129,-0.104716,0,0,0,0,0,0,0,0,0,0,0,0,0,0,0,0.0478481,-0.0368866,0.0194872,0,0.0984356,0,0,0,0,0,0,0,0,0,0,0,0,0,0,0,0,0,0,0,0,0,0,0,0,0,0
0,0,0,0,0,0,0,0,0,0,0,0,0,0,0,0,0,0,0,0,0,0,0,0,0,0,0,0,0,0,-0.0222305,0.0243375,-0.0209442,0.535865,-0.104512,0.0755806,0.535865,-0.104512,0,0,0,0,0,0,0,0,0,0,0,0,0,0,0,0.0478264,-0.0368431,0.019596,0,0.0994154,0,0,0,0,0,0,0,0,0,0,0,0,0,0,0,0,0,0,0,0,0,0,0,0,0,0
0,0,0,0,0,0,0,0,0,0,0,0,0,0,0,0,0,0,0,0,0,0,0,0,0,0,0,0,0,0,-0.0219013,0.0240858,-0.0209528,0.534328,-0.104647,0.0748358,0.534328,-0.104647,0,0,0,0,0,0,0,0,0,0,0,0,0,0,0,0.0472392,-0.0370823,0.0198787,0,0.100409,0,0,0,0,0,0,0,0,0,0,0,0,0,0,0,0,0,0,0,0,0,0,0,0,0,0
0,0,0,0,0,0,0,0,0,0,0,0,0,0,0,0,0,0,0,0,0,0,0,0,0,0,0,0,0,0,-0.0226146,0.0234421,-0.0220051,0.533843,-0.10477,0.0732858,0.533843,-0.10477,0,0,0,0,0,0,0,0,0,0,0,0,0,0,0,0.0468259,-0.0372563,0.0203355,0,0.101426,0,0,0,0,0,0,0,0,0,0,0,0,0,0,0,0,0,0,0,0,0,0,0,0,0,0
0,0,0,0,0,0,0,0,0,0,0,0,0,0,0,0,0,0,0,0,0,0,0,0,0,0,0,0,0,0,-0.0222841,0.0231885,-0.0220136,0.534282,-0.104338,0.0706077,0.534282,-0.104338,0,0,0,0,0,0,0,0,0,0,0,0,0,0,0,0.0464127,-0.037278,0.0206617,0,0.102459,0,0,0,0,0,0,0,0,0,0,0,0,0,0,0,0,0,0,0,0,0,0,0,0,0,0
0,0,0,0,0,0,0,0,0,0,0,0,0,0,0,0,0,0,0,0,0,0,0,0,0,0,0,0,0,0,-0.0219548,0.0229329,-0.0220227,0.534365,-0.103615,0.0676293,0.534365,-0.103615,0,0,0,0,0,0,0,0,0,0,0,0,0,0,0,0.0461952,-0.0372998,0.0209879,0,0.103509,0,0,0,0,0,0,0,0,0,0,0,0,0,0,0,0,0,0,0,0,0,0,0,0,0,0
0,0,0,0,0,0,0,0,0,0,0,0,0,0,0,0,0,0,0,0,0,0,0,0,0,0,0,0,0,0,-0.0217563,0.022807,-0.0209879,0.534056,-0.102842,0.0652828,0.534056,-0.102842,0,0,0,0,0,0,0,0,0,0,0,0,0,0,0,0.0459994,-0.0373433,0.0211402,0,0.104566,0,0,0,0,0,0,0,0,0,0,0,0,0,0,0,0,0,0,0,0,0,0,0,0,0,0
0,0,0,0,0,0,0,0,0,0,0,0,0,0,0,0,0,0,0,0,0,0,0,0,0,0,0,0,0,0,-0.0214272,0.0225505,-0.0209971,0.534159,-0.101709,0.0634848,0.534159,-0.101709,0,0,0,0,0,0,0,0,0,0,0,0,0,0,0,0.0461952,-0.0372998,0.0211402,0,0.105623,0,0,0,0,0,0,0,0,0,0,0,0,0,0,0,0,0,0,0,0,0,0,0,0,0,0
0,0,0,0,0,0,0,0,0,0,0,0,0,0,0,0,0,0,0,0,0,0,0,0,0,0,0,0,0,0,-0.0210982,0.0216406,-0.0194404,0.534913,-0.0999124,0.062689,0.534913,-0.0999124,0,0,0,0,0,0,0,0,0,0,0,0,0,0,0,0.0463909,-0.0371475,0.0208792,0,0.106667,0,0,0,0,0,0,0,0,0,0,0,0,0,0,0,0,0,0,0,0,0,0,0,0,0,0
0,0,0,0,0,0,0,0,0,0,0,0,0,0,0,0,0,0,0,0,0,0,0,0,0,0,0,0,0,0,-0.0207702,0.0213805,-0.0194493,0.535422,-0.0977684,0.0638451,0.535422,-0.0977684,0,0,0,0,0,0,0,0,0,0,0,0,0,0,0,0.0464127,-0.0370605,0.0204442,0,0.107689,0,0,0,0,0,0,0,0,0,0,0,0,0,0,0,0,0,0,0,0,0,0,0,0,0,0
0,0,0,0,0,0,0,0,0,0,0,0,0,0,0,0,0,0,0,0,0,0,0,0,0,0,0,0,0,0,-0.0204424,0.0211195,-0.0194584,0.535322,-0.0965568,0.0674306,0.535322,-0.0965568,0,0,0,0,0,0,0,0,0,0,0,0,0,0,0,0.0464344,-0.0369736,0.0200092,0,0.108689,0,0,0,0,0,0,0,0,0,0,0,0,0,0,0,0,0,0,0,0,0,0,0,0,0,0
0,0,0,0,0,0,0,0,0,0,0,0,0,0,0,0,0,0,0,0,0,0,0,0,0,0,0,0,0,0,-0.0194631,0.0203374,-0.0215554,0.535381,-0.0967492,0.0726395,0.535381,-0.0967492,0,0,0,0,0,0,0,0,0,0,0,0,0,0,0,0.0463474,-0.0367996,0.0199222,0,0.109685,0,0,0,0,0,0,0,0,0,0,0,0,0,0,0,0,0,0,0,0,0,0,0,0,0,0
0,0,0,0,0,0,0,0,0,0,0,0,0,0,0,0,0,0,0,0,0,0,0,0,0,0,0,0,0,0,-0.0191379,0.0200795,-0.0215641,0.535749,-0.097454,0.0777532,0.535749,-0.097454,0,0,0,0,0,0,0,0,0,0,0,0,0,0,0,0.0462387,-0.0366038,0.0200092,0,0.110686,0,0,0,0,0,0,0,0,0,0,0,0,0,0,0,0,0,0,0,0,0,0,0,0,0,0
0,0,0,0,0,0,0,0,0,0,0,0,0,0,0,0,0,0,0,0,0,0,0,0,0,0,0,0,0,0,-0.020379,0.0229536,-0.0220947,0.535709,-0.0980056,0.0814483,0.535709,-0.0980056,0,0,0,0,0,0,0,0,0,0,0,0,0,0,0,0.0463909,-0.0369301,0.0201832,0,0.111695,0,0,0,0,0,0,0,0,0,0,0,0,0,0,0,0,0,0,0,0,0,0,0,0,0,0
0,0,0,0,0,0,0,0,0,0,0,0,0,0,0,0,0,0,0,0,0,0,0,0,0,0,0,0,0,0,-0.0180946,0.0200872,-0.0205376,0.535325,-0.098703,0.0831723,0.535325,-0.098703,0,0,0,0,0,0,0,0,0,0,0,0,0,0,0,0.0462169,-0.0369301,0.0203572,0,0.112713,0,0,0,0,0,0,0,0,0,0,0,0,0,0,0,0,0,0,0,0,0,0,0,0,0,0
0,0,0,0,0,0,0,0,0,0,0,0,0,0,0,0,0,0,0,0,0,0,0,0,1.03389,1.15071,1.5559,20.6779,23.0143,31.1179,-0.0202463,0.0199601,-0.0205465,0.535536,-0.100421,0.0831521,0.108388,0.53398,413.557,460.285,622.359,0,0,0,0,0,0,0,0,0,0,0,0,0.0464562,-0.0369518,0.0205312,0,0.113739,0,0,0,0,0,0,0,0,0,0,0,0,0,0,0,0,0,0,0,0,0,0,0,0,0,0
0,0,0,0,0,0,0,0,0,0,0,0,0,0,0,0,0,0,0,0,0,0,0,0,1.03391,1.15108,1.55572,0.000251465,0.00732422,-0.0034976,-0.0179633,0.0186601,-0.0209461,0.536362,-0.102288,0.0815995,0.110362,0.534759,-413.552,-460.139,-622.429,0,0,0,0,0,0,0,0,0,0,0,0,0.0463692,-0.0367996,0.0207704,0,0.114778,0,0,0,0,0,0,0,0,0,0,0,0,0,0,0,0,0,0,0,0,0,0,0,0,0,0
0,0,0,0,0,0,0,0,0,0,0,0,0,0,0,0,0,0,0,0,0,0,0,0,1.0339,1.15109,1.55571,-0.000109863,0.000307617,-0.000324249,-0.0169867,0.0206207,-0.0210852,0.536969,-0.102988,0.0781248,0.111079,0.535353,-0.00722656,-0.140332,0.063467,0,0,0,0,0,0,0,0,0,0,0,0,0.0462822,-0.037104,0.0206834,0,0.115812,0,0,0,0,0,0,0,0,0,0,0,0,0,0,0,0,0,0,0,0,0,0,0,0,0,0
0,0,0,0,0,0,0,0,0,0,0,0,0,0,0,0,0,0,0,0,0,0,0,0,1.0339,1.15109,1.5557,-9.76563e-06,-0.000166016,-3.33786e-05,-0.0188815,0.0194484,-0.0191366,0.537061,-0.102989,0.0734515,0.111082,0.535445,0.00200195,-0.00947266,0.00581741,0,0,0,0,0,0,0,0,0,0,0,0,0.0465649,-0.0372563,0.0202702,0,0.116826,0,0,0,0,0,0,0,0,0,0,0,0,0,0,0,0,0,0,0,0,0,0,0,0,0,0
0,0,0,0,0,0,0,0,0,0,0,0,0,0,0,0,0,0,0,0,0,0,0,0,1.0339,1.15109,1.5557,-9.76563e-06,-0.000166016,-3.33786e-05,-0.0190791,0.0193215,-0.019928,0.537044,-0.102781,0.0707449,0.110874,0.535432,0.00200195,-0.00947266,0.00581741,0,0,0,0,0,0,0,0,0,0,0,0,0.0466737,-0.0369083,0.0199005,0,0.117821,0,0,0,0,0,0,0,0,0,0,0,0,0,0,0,0,0,0,0,0,0,0,0,0,0,0
0,0,0,0,0,0,0,0,0,0,0,0,0,0,0,0,0,0,0,0,0,0,0,0,1.0339,1.15108,1.55572,-4.88281e-06,-7.56836e-05,0.00023365,-0.0182326,0.0180188,-0.0209805,0.537087,-0.102313,0.0705237,0.110401,0.535483,9.76563e-05,0.00180664,0.00534058,0,0,0,0,0,0,0,0,0,0,0,0,0.0470217,-0.0368213,0.0199657,0,0.118819,0,0,0,0,0,0,0,0,0,0,0,0,0,0,0,0,0,0,0,0,0,0,0,0,0,0
0,0,0,0,0,0,0,0,0,0,0,0,0,0,0,0,0,0,0,0,0,0,0,0,1.0339,1.15109,1.55571,-2.44141e-05,0.000200195,-3.09944e-05,-0.0182996,0.0178882,-0.019815,0.537061,-0.101384,0.0705789,0.109472,0.53547,-0.000390625,0.00551758,-0.00529289,0,0,0,0,0,0,0,0,0,0,0,0,0.0470217,-0.0367343,0.0198352,0,0.119811,0,0,0,0,0,0,0,0,0,0,0,0,0,0,0,0,0,0,0,0,0,0,0,0,0,0
0,0,0,0,0,0,0,0,0,0,0,0,0,0,0,0,0,0,0,0,0,0,0,0,1.0339,1.15108,1.55573,0.000114746,-0.000197754,0.000236034,-0.0170627,0.0188028,-0.0191715,0.536264,-0.100471,0.0706753,0.10854,0.534689,0.0027832,-0.00795898,0.00534058,0,0,0,0,0,0,0,0,0,0,0,0,0.0471957,-0.0370171,0.0195307,0,0.120787,0,0,0,0,0,0,0,0,0,0,0,0,0,0,0,0,0,0,0,0,0,0,0,0,0,0
0,0,0,0,0,0,0,0,0,0,0,0,0,0,0,0,0,0,0,0,0,0,0,0,1.0339,1.15109,1.55573,-5.61523e-05,0.000153809,6.4373e-05,-0.0162168,0.0186747,-0.020877,0.534895,-0.100016,0.0713088,0.108064,0.533327,-0.00341797,0.00703125,-0.00343323,0,0,0,0,0,0,0,0,0,0,0,0,0.0473914,-0.0369518,0.0194872,0,0.121762,0,0,0,0,0,0,0,0,0,0,0,0,0,0,0,0,0,0,0,0,0,0,0,0,0,0
0,0,0,0,0,0,0,0,0,0,0,0,0,0,0,0,0,0,0,0,0,0,0,0,1.0339,1.15108,1.55574,8.05664e-05,-0.000239258,0.000128746,-0.0160236,0.0182868,-0.0220602,0.534535,-0.0999392,0.0719646,0.107978,0.532969,0.00273438,-0.00786133,0.00128746,0,0,0,0,0,0,0,0,0,0,0,0,0.0472392,-0.0370171,0.0199657,0,0.12276,0,0,0,0,0,0,0,0,0,0,0,0,0,0,0,0,0,0,0,0,0,0,0,0,0,0
0,0,0,0,0,0,0,0,0,0,0,0,0,0,0,0,0,0,0,0,0,0,0,0,1.0339,1.15108,1.55573,-1.70898e-05,9.0332e-05,-0.000216961,-0.0167457,0.0168544,-0.0223302,0.535237,-0.100368,0.071622,0.108423,0.533664,-0.00195312,0.0065918,-0.00691414,0,0,0,0,0,0,0,0,0,0,0,0,0.0471739,-0.0368648,0.0203572,0,0.123778,0,0,0,0,0,0,0,0,0,0,0,0,0,0,0,0,0,0,0,0,0,0,0,0,0,0
0,0,0,0,0,0,0,0,0,0,0,0,0,0,0,0,0,0,0,0,0,0,0,0,1.0339,1.15109,1.55572,-0.000114746,0.000231934,-0.000154972,-0.0151197,0.0173793,-0.0212957,0.536,-0.1012,0.0711003,0.10927,0.534414,-0.00195313,0.00283203,0.00123978,0,0,0,0,0,0,0,0,0,0,0,0,0.0469782,-0.0370171,0.0204007,0,0.124798,0,0,0,0,0,0,0,0,0,0,0,0,0,0,0,0,0,0,0,0,0,0,0,0,0,0
0,0,0,0,0,0,0,0,0,0,0,0,0,0,0,0,0,0,0,0,0,0,0,0,1.0339,1.15109,1.5557,-1.46484e-05,-0.000126953,-0.000426769,-0.0183229,0.0159459,-0.0214351,0.536669,-0.102061,0.0706914,0.110153,0.535067,0.00200195,-0.00717773,-0.00543594,0,0,0,0,0,0,0,0,0,0,0,0,0.0473044,-0.0369518,0.0206617,0,0.125831,0,0,0,0,0,0,0,0,0,0,0,0,0,0,0,0,0,0,0,0,0,0,0,0,0,0
0,0,0,0,0,0,0,0,0,0,0,0,0,0,0,0,0,0,0,0,0,0,0,0,1.0339,1.15109,1.5557,-1.46484e-05,-0.000126953,-0.000426769,-0.0168273,0.0169932,-0.020401,0.537649,-0.102357,0.0695826,0.110464,0.536042,0.00200195,-0.00717773,-0.00543594,0,0,0,0,0,0,0,0,0,0,0,0,0.0475871,-0.0369083,0.0208574,0,0.126874,0,0,0,0,0,0,0,0,0,0,0,0,0,0,0,0,0,0,0,0,0,0,0,0,0,0
0,0,0,0,0,0,0,0,0,0,0,0,0,0,0,0,0,0,0,0,0,0,0,0,1.0339,1.15108,1.5557,2.19727e-05,-8.78906e-05,0.000178814,-0.0149426,0.0158222,-0.0202793,0.538703,-0.102297,0.0689512,0.110415,0.537098,0.000732422,0.00078125,0.0121117,0,0,0,0,0,0,0,0,0,0,0,0,0.0476959,-0.0366908,0.0207487,0,0.127911,0,0,0,0,0,0,0,0,0,0,0,0,0,0,0,0,0,0,0,0,0,0,0,0,0,0
0,0,0,0,0,0,0,0,0,0,0,0,0,0,0,0,0,0,0,0,0,0,0,0,1.03391,1.15108,1.55572,0.000214844,-8.05664e-05,0.000333786,-0.0160577,0.016608,-0.0202893,0.539295,-0.102334,0.0693461,0.110452,0.537691,0.00385742,0.000146484,0.00309944,0,0,0,0,0,0,0,0,0,0,0,0,0.0480221,-0.0366691,0.0204442,0,0.128933,0,0,0,0,0,0,0,0,0,0,0,0,0,0,0,0,0,0,0,0,0,0,0,0,0,0
0,0,0,0,0,0,0,0,0,0,0,0,0,0,0,0,0,0,0,0,0,0,0,0,1.0339,1.15109,1.55571,-0.000185547,0.000253906,-0.000305176,-0.0148255,0.0145254,-0.0222563,0.539757,-0.102461,0.0690452,0.110594,0.53815,-0.00800781,0.00668945,-0.0127792,0,0,0,0,0,0,0,0,0,0,0,0,0.0480221,-0.0365386,0.0204225,0,0.129954,0,0,0,0,0,0,0,0,0,0,0,0,0,0,0,0,0,0,0,0,0,0,0,0,0,0
0,0,0,0,0,0,0,0,0,0,0,0,0,0,0,0,0,0,0,0,0,0,0,0,1.0339,1.15109,1.55571,-7.56836e-05,3.17383e-05,-4.76837e-06,-0.013725,0.0147906,-0.021483,0.540533,-0.102835,0.067633,0.110979,0.538919,0.00219727,-0.00444336,0.00600815,0,0,0,0,0,0,0,0,0,0,0,0,0.0481091,-0.0363646,0.0204442,0,0.130977,0,0,0,0,0,0,0,0,0,0,0,0,0,0,0,0,0,0,0,0,0,0,0,0,0,0
0,0,0,0,0,0,0,0,0,0,0,0,0,0,0,0,0,0,0,0,0,0,0,0,1.0339,1.15109,1.55571,-7.56836e-05,3.17383e-05,-4.76837e-06,-0.0145824,0.0151863,-0.0205791,0.541213,-0.102959,0.0672169,0.111114,0.539598,0.00219727,-0.00444336,0.00600815,0,0,0,0,0,0,0,0,0,0,0,0,0.0478046,-0.0364951,0.020292,0,0.131991,0,0,0,0,0,0,0,0,0,0,0,0,0,0,0,0,0,0,0,0,0,0,0,0,0,0
0,0,0,0,0,0,0,0,0,0,0,0,0,0,0,0,0,0,0,0,0,0,0,0,1.0339,1.15108,1.55573,3.90625e-05,-0.000192871,0.000395775,-0.0140061,0.0136259,-0.0212409,0.541372,-0.102515,0.0676346,0.110662,0.539766,0.00229492,-0.00449219,0.00801086,0,0,0,0,0,0,0,0,0,0,0,0,0.0476524,-0.0361906,0.0204225,0,0.133012,0,0,0,0,0,0,0,0,0,0,0,0,0,0,0,0,0,0,0,0,0,0,0,0,0,0
0,0,0,0,0,0,0,0,0,0,0,0,0,0,0,0,0,0,0,0,0,0,0,0,1.0339,1.15108,1.55571,5.12695e-05,-3.66211e-05,-0.000324249,-0.0123849,0.0136299,-0.022034,0.540934,-0.101617,0.0666245,0.109766,0.53934,0.000244141,0.003125,-0.0144005,0,0,0,0,0,0,0,0,0,0,0,0,0.0475436,-0.0360818,0.0207052,0,0.134048,0,0,0,0,0,0,0,0,0,0,0,0,0,0,0,0,0,0,0,0,0,0,0,0,0,0
0,0,0,0,0,0,0,0,0,0,0,0,0,0,0,0,0,0,0,0,0,0,0,0,1.03389,1.15109,1.55572,-0.000117187,7.8125e-05,0.000135899,-0.0129825,0.0150698,-0.0204771,0.540264,-0.100348,0.0649453,0.108484,0.538689,-0.00336914,0.00229492,0.00920296,0,0,0,0,0,0,0,0,0,0,0,0,0.0473479,-0.0360818,0.0207269,0,0.135084,0,0,0,0,0,0,0,0,0,0,0,0,0,0,0,0,0,0,0,0,0,0,0,0,0,0
0,0,0,0,0,0,0,0,0,0,0,0,0,0,0,0,0,0,0,0,0,0,0,0,1.03389,1.15109,1.55572,-0.000117187,7.8125e-05,0.000135899,-0.0131895,0.0155951,-0.0198341,0.540485,-0.0989826,0.0643294,0.107121,0.538931,-0.00336914,0.00229492,0.00920296,0,0,0,0,0,0,0,0,0,0,0,0,0.0473914,-0.0365168,0.0203137,0,0.1361,0,0,0,0,0,0,0,0,0,0,0,0,0,0,0,0,0,0,0,0,0,0,0,0,0,0
0,0,0,0,0,0,0,0,0,0,0,0,0,0,0,0,0,0,0,0,0,0,0,0,1.0339,1.15109,1.55572,4.63867e-05,0.00010498,5.00679e-05,-0.0131397,0.014035,-0.0212788,0.540805,-0.0977096,0.0641499,0.105852,0.53927,0.00327148,0.000537109,-0.00171661,0,0,0,0,0,0,0,0,0,0,0,0,0.0476089,-0.0366473,0.0202702,0,0.137113,0,0,0,0,0,0,0,0,0,0,0,0,0,0,0,0,0,0,0,0,0,0,0,0,0,0
0,0,0,0,0,0,0,0,0,0,0,0,0,0,0,0,0,0,0,0,0,0,0,0,1.03389,1.15109,1.55569,-0.00013916,6.34766e-05,-0.000522137,-0.0129586,0.0129975,-0.0195923,0.539627,-0.0973009,0.0638171,0.10544,0.538096,-0.00371094,-0.000830078,-0.0114441,0,0,0,0,0,0,0,0,0,0,0,0,0.0476524,-0.0365386,0.0200962,0,0.138118,0,0,0,0,0,0,0,0,0,0,0,0,0,0,0,0,0,0,0,0,0,0,0,0,0,0
0,0,0,0,0,0,0,0,0,0,0,0,0,0,0,0,0,0,0,0,0,0,0,0,1.0339,1.15109,1.55571,0.000195312,-4.39453e-05,0.00025034,-0.0127766,0.01405,-0.0206448,0.538315,-0.0980746,0.0641987,0.106187,0.536774,0.00668945,-0.00214844,0.0154495,0,0,0,0,0,0,0,0,0,0,0,0,0.0477611,-0.0368648,0.0199875,0,0.139117,0,0,0,0,0,0,0,0,0,0,0,0,0,0,0,0,0,0,0,0,0,0,0,0,0,0
0,0,0,0,0,0,0,0,0,0,0,0,0,0,0,0,0,0,0,0,0,0,0,0,1.03391,1.15107,1.55575,0.000166016,-0.000358887,0.000970364,-0.012726,0.011711,-0.0190872,0.538108,-0.0989924,0.0655126,0.107075,0.536558,-0.000585938,-0.00629883,0.0144005,0,0,0,0,0,0,0,0,0,0,0,0,0.0481309,-0.0367996,0.0194872,0,0.140092,0,0,0,0,0,0,0,0,0,0,0,0,0,0,0,0,0,0,0,0,0,0,0,0,0,0
0,0,0,0,0,0,0,0,0,0,0,0,0,0,0,0,0,0,0,0,0,0,0,0,1.03391,1.15108,1.55572,-3.17383e-05,0.000170898,-0.000638962,-0.012024,0.0119825,-0.0205316,0.538041,-0.099678,0.0668209,0.107777,0.536477,-0.00395508,0.0105957,-0.0321865,0,0,0,0,0,0,0,0,0,0,0,0,0.0482831,-0.0365386,0.0194872,0,0.141066,0,0,0,0,0,0,0,0,0,0,0,0,0,0,0,0,0,0,0,0,0,0,0,0,0,0
0,0,0,0,0,0,0,0,0,0,0,0,0,0,0,0,0,0,0,0,0,0,0,0,1.03391,1.15108,1.55572,-3.17383e-05,0.000170898,-0.000638962,-0.0097568,0.013819,-0.0209324,0.53679,-0.100807,0.0676769,0.108887,0.53521,-0.00395508,0.0105957,-0.0321865,0,0,0,0,0,0,0,0,0,0,0,0,0.0480221,-0.0364951,0.0196612,0,0.142049,0,0,0,0,0,0,0,0,0,0,0,0,0,0,0,0,0,0,0,0,0,0,0,0,0,0
0,0,0,0,0,0,0,0,0,0,0,0,0,0,0,0,0,0,0,0,0,0,0,0,1.03389,1.15109,1.55571,-0.000249023,8.30078e-05,-0.00033617,-0.0119278,0.0127857,-0.0223769,0.535194,-0.101946,0.0683585,0.110011,0.533595,-0.0043457,-0.00175781,0.00605583,0,0,0,0,0,0,0,0,0,0,0,0,0.0481309,-0.0365386,0.0198352,0,0.143041,0,0,0,0,0,0,0,0,0,0,0,0,0,0,0,0,0,0,0,0,0,0,0,0,0,0
0,0,0,0,0,0,0,0,0,0,0,0,0,0,0,0,0,0,0,0,0,0,0,0,1.0339,1.15109,1.55572,0.000112305,4.15039e-05,0.000352859,-0.00992413,0.0125351,-0.0216024,0.53497,-0.101928,0.0690593,0.10998,0.533373,0.00722656,-0.000830078,0.0137806,0,0,0,0,0,0,0,0,0,0,0,0,0.0479351,-0.0367126,0.0201615,0,0.144049,0,0,0,0,0,0,0,0,0,0,0,0,0,0,0,0,0,0,0,0,0,0,0,0,0,0
0,0,0,0,0,0,0,0,0,0,0,0,0,0,0,0,0,0,0,0,0,0,0,0,1.0339,1.15109,1.55571,-7.32422e-06,7.56836e-05,-0.000166893,-0.00844311,0.0131977,-0.0221335,0.535537,-0.10106,0.0690885,0.109125,0.533952,-0.00239258,0.000683594,-0.0103951,0,0,0,0,0,0,0,0,0,0,0,0,0.0475219,-0.0368213,0.0204007,0,0.145069,0,0,0,0,0,0,0,0,0,0,0,0,0,0,0,0,0,0,0,0,0,0,0,0,0,0
0,0,0,0,0,0,0,0,0,0,0,0,0,0,0,0,0,0,0,0,0,0,0,0,1.03391,1.15108,1.55574,0.000151367,-0.000290527,0.000426769,-0.00735587,0.0104688,-0.0220121,0.535926,-0.100391,0.0683836,0.10845,0.534353,0.00317383,-0.00732422,0.0118732,0,0,0,0,0,0,0,0,0,0,0,0,0.0469347,-0.0368648,0.0208792,0,0.146113,0,0,0,0,0,0,0,0,0,0,0,0,0,0,0,0,0,0,0,0,0,0,0,0,0,0
0,0,0,0,0,0,0,0,0,0,0,0,0,0,0,0,0,0,0,0,0,0,0,0,1.03391,1.15108,1.55574,0.000151367,-0.000290527,0.000426769,-0.0112297,0.0126988,-0.0212375,0.53615,-0.100101,0.0680279,0.108164,0.534582,0.00317383,-0.00732422,0.0118732,0,0,0,0,0,0,0,0,0,0,0,0,0.0471087,-0.0372345,0.0209879,0,0.147162,0,0,0,0,0,0,0,0,0,0,0,0,0,0,0,0,0,0,0,0,0,0,0,0,0,0
0,0,0,0,0,0,0,0,0,0,0,0,0,0,0,0,0,0,0,0,0,0,0,0,1.0339,1.15108,1.55573,-0.00012207,3.66211e-05,-5.96046e-05,-0.00766558,0.0104936,-0.0205935,0.536668,-0.099836,0.0687919,0.107908,0.535103,-0.00546875,0.00654297,-0.00972748,0,0,0,0,0,0,0,0,0,0,0,0,0.0470652,-0.0369301,0.0209227,0,0.148208,0,0,0,0,0,0,0,0,0,0,0,0,0,0,0,0,0,0,0,0,0,0,0,0,0,0
0,0,0,0,0,0,0,0,0,0,0,0,0,0,0,0,0,0,0,0,0,0,0,0,1.0339,1.15109,1.5557,2.44141e-06,0.000222168,-0.000715256,-0.00906201,0.0103791,-0.0213853,0.537535,-0.0995349,0.0695836,0.10764,0.535971,0.00249023,0.00371094,-0.013113,0,0,0,0,0,0,0,0,0,0,0,0,0.0468912,-0.0367778,0.0207487,0,0.149246,0,0,0,0,0,0,0,0,0,0,0,0,0,0,0,0,0,0,0,0,0,0,0,0,0,0
0,0,0,0,0,0,0,0,0,0,0,0,0,0,0,0,0,0,0,0,0,0,0,0,1.0339,1.15108,1.55571,4.15039e-05,-0.000168457,0.000355244,-0.00784937,0.00961223,-0.0206112,0.537914,-0.0993174,0.0687803,0.107418,0.536355,0.00078125,-0.0078125,0.02141,0,0,0,0,0,0,0,0,0,0,0,0,0.0468477,-0.0365386,0.0205747,0,0.150275,0,0,0,0,0,0,0,0,0,0,0,0,0,0,0,0,0,0,0,0,0,0,0,0,0,0
0,0,0,0,0,0,0,0,0,0,0,0,0,0,0,0,0,0,0,0,0,0,0,0,1.0339,1.15108,1.55572,-8.30078e-05,3.17383e-05,0.000174046,-0.00833268,0.0114545,-0.0217947,0.537385,-0.0991936,0.0680599,0.107282,0.535829,-0.00249023,0.00400391,-0.00362396,0,0,0,0,0,0,0,0,0,0,0,0,0.0471304,-0.0364951,0.0205094,0,0.1513,0,0,0,0,0,0,0,0,0,0,0,0,0,0,0,0,0,0,0,0,0,0,0,0,0,0
0,0,0,0,0,0,0,0,0,0,0,0,0,0,0,0,0,0,0,0,0,0,0,0,1.0339,1.15108,1.55572,-8.30078e-05,3.17383e-05,0.000174046,-0.00699121,0.0104256,-0.0223248,0.537028,-0.099494,0.0682561,0.107577,0.535468,-0.00249023,0.00400391,-0.00362396,0,0,0,0,0,0,0,0,0,0,0,0,0.0473696,-0.0367343,0.0205529,0,0.152328,0,0,0,0,0,0,0,0,0,0,0,0,0,0,0,0,0,0,0,0,0,0,0,0,0,0
0,0,0,0,0,0,0,0,0,0,0,0,0,0,0,0,0,0,0,0,0,0,0,0,1.03391,1.15108,1.55572,0.000141602,-2.44141e-06,-0.000162125,-0.0064344,0.00887898,-0.0208974,0.53709,-0.100275,0.0678244,0.108363,0.535516,0.00449219,-0.000683594,-0.0067234,0,0,0,0,0,0,0,0,0,0,0,0,0.0468694,-0.0363428,0.0204877,0,0.153352,0,0,0,0,0,0,0,0,0,0,0,0,0,0,0,0,0,0,0,0,0,0,0,0,0,0
0,0,0,0,0,0,0,0,0,0,0,0,0,0,0,0,0,0,0,0,0,0,0,0,1.0339,1.1511,1.55571,-0.000117187,0.000310059,-0.000188351,-0.00783575,0.0104638,-0.0220807,0.536713,-0.100984,0.0663001,0.109071,0.535128,-0.00517578,0.00625,-0.000524521,0,0,0,0,0,0,0,0,0,0,0,0,0.0471957,-0.0365821,0.0207269,0,0.154389,0,0,0,0,0,0,0,0,0,0,0,0,0,0,0,0,0,0,0,0,0,0,0,0,0,0
0,0,0,0,0,0,0,0,0,0,0,0,0,0,0,0,0,0,0,0,0,0,0,0,1.03391,1.15107,1.55575,0.000107422,-0.000537109,0.000934601,-0.00558532,0.00996177,-0.0230022,0.536001,-0.101434,0.0644451,0.109486,0.534414,0.00449219,-0.0169434,0.022459,0,0,0,0,0,0,0,0,0,0,0,0,0.0469129,-0.0367561,0.0209879,0,0.155438,0,0,0,0,0,0,0,0,0,0,0,0,0,0,0,0,0,0,0,0,0,0,0,0,0,0
0,0,0,0,0,0,0,0,0,0,0,0,0,0,0,0,0,0,0,0,0,0,0,0,1.0339,1.15109,1.55572,-0.00017334,0.000270996,-0.000693798,-0.00777244,0.00985157,-0.0226188,0.535247,-0.101839,0.0631867,0.109897,0.533651,-0.00561523,0.0161621,-0.032568,0,0,0,0,0,0,0,0,0,0,0,0,0.0471957,-0.0370388,0.0213142,0,0.156504,0,0,0,0,0,0,0,0,0,0,0,0,0,0,0,0,0,0,0,0,0,0,0,0,0,0
0,0,0,0,0,0,0,0,0,0,0,0,0,0,0,0,0,0,0,0,0,0,0,0,1.0339,1.15109,1.55572,-0.00017334,0.000270996,-0.000693798,-0.00643566,0.00882971,-0.022105,0.534931,-0.102141,0.0626574,0.110195,0.53333,-0.00561523,0.0161621,-0.032568,0,0,0,0,0,0,0,0,0,0,0,0,0.0471739,-0.0368431,0.0213577,0,0.157571,0,0,0,0,0,0,0,0,0,0,0,0,0,0,0,0,0,0,0,0,0,0,0,0,0,0
0,0,0,0,0,0,0,0,0,0,0,0,0,0,0,0,0,0,0,0,0,0,0,0,1.0339,1.15109,1.5557,3.66211e-05,0.000117187,-0.000340939,-0.00640635,0.00911192,-0.0193727,0.535235,-0.102072,0.0633701,0.11014,0.533634,0.00419922,-0.00307617,0.00705719,0,0,0,0,0,0,0,0,0,0,0,0,0.0473696,-0.0368648,0.0208574,0,0.158614,0,0,0,0,0,0,0,0,0,0,0,0,0,0,0,0,0,0,0,0,0,0,0,0,0,0
0,0,0,0,0,0,0,0,0,0,0,0,0,0,0,0,0,0,0,0,0,0,0,0,1.0339,1.15108,1.55571,3.66211e-05,-0.000151367,0.000181198,-0.00690314,0.00665714,-0.0204246,0.535494,-0.101348,0.064104,0.109415,0.533904,0.00419922,-0.00537109,0.0104427,0,0,0,0,0,0,0,0,0,0,0,0,0.0477394,-0.0367343,0.0207704,0,0.159653,0,0,0,0,0,0,0,0,0,0,0,0,0,0,0,0,0,0,0,0,0,0,0,0,0,0
0,0,0,0,0,0,0,0,0,0,0,0,0,0,0,0,0,0,0,0,0,0,0,0,1.0339,1.15108,1.55571,5.85937e-05,-8.54492e-05,-2.14577e-05,-0.00309427,0.00929187,-0.0230426,0.535471,-0.0998398,0.0633971,0.107907,0.533904,0.000439453,0.00131836,-0.00405312,0,0,0,0,0,0,0,0,0,0,0,0,0.0472392,-0.0367778,0.0209227,0,0.160699,0,0,0,0,0,0,0,0,0,0,0,0,0,0,0,0,0,0,0,0,0,0,0,0,0,0
0,0,0,0,0,0,0,0,0,0,0,0,0,0,0,0,0,0,0,0,0,0,0,0,1.0339,1.15108,1.55571,-2.19727e-05,-3.41797e-05,9.29832e-05,-0.004506,0.00540012,-0.0212236,0.535719,-0.0980057,0.0628912,0.106074,0.53418,-0.00161133,0.00102539,0.00228882,0,0,0,0,0,0,0,0,0,0,0,0,0.0473479,-0.0362558,0.0206182,0,0.16173,0,0,0,0,0,0,0,0,0,0,0,0,0,0,0,0,0,0,0,0,0,0,0,0,0,0
0,0,0,0,0,0,0,0,0,0,0,0,0,0,0,0,0,0,0,0,0,0,0,0,1.0339,1.15108,1.55571,-2.19727e-05,-3.41797e-05,9.29832e-05,-0.00670283,0.00659907,-0.0229278,0.536337,-0.0963062,0.0638017,0.104384,0.534823,-0.00161133,0.00102539,0.00228882,0,0,0,0,0,0,0,0,0,0,0,0,0.0474566,-0.0359513,0.0206617,0,0.162763,0,0,0,0,0,0,0,0,0,0,0,0,0,0,0,0,0,0,0,0,0,0,0,0,0,0
0,0,0,0,0,0,0,0,0,0,0,0,0,0,0,0,0,0,0,0,0,0,0,0,1.03391,1.15109,1.55573,0.000109863,0.00015625,0.000267029,-0.00341945,0.004929,-0.0209784,0.536703,-0.0953056,0.0647653,0.103382,0.535206,0.00263672,0.00380859,0.00348091,0,0,0,0,0,0,0,0,0,0,0,0,0.0472392,-0.0355381,0.0204659,0,0.163786,0,0,0,0,0,0,0,0,0,0,0,0,0,0,0,0,0,0,0,0,0,0,0,0,0,0
0,0,0,0,0,0,0,0,0,0,0,0,0,0,0,0,0,0,0,0,0,0,0,0,1.0339,1.15108,1.55572,-0.000148926,-9.52148e-05,-0.000214577,-0.00561804,0.0046961,-0.0212473,0.536334,-0.095188,0.064843,0.103265,0.534838,-0.00517578,-0.0050293,-0.00963211,0,0,0,0,0,0,0,0,0,0,0,0,0.0473914,-0.0350379,0.0207704,0,0.164825,0,0,0,0,0,0,0,0,0,0,0,0,0,0,0,0,0,0,0,0,0,0,0,0,0,0
0,0,0,0,0,0,0,0,0,0,0,0,0,0,0,0,0,0,0,0,0,0,0,0,1.03391,1.15109,1.55573,0.000175781,0.000134277,0.000340939,-0.00416446,0.00537946,-0.0212549,0.53595,-0.0954181,0.0650868,0.10348,0.534452,0.00649414,0.00458984,0.0111103,0,0,0,0,0,0,0,0,0,0,0,0,0.0472174,-0.0350596,0.0209009,0,0.16587,0,0,0,0,0,0,0,0,0,0,0,0,0,0,0,0,0,0,0,0,0,0,0,0,0,0
0,0,0,0,0,0,0,0,0,0,0,0,0,0,0,0,0,0,0,0,0,0,0,0,1.0339,1.15109,1.55572,-0.000200195,5.61523e-05,-0.000350475,-0.00271305,0.00606564,-0.0217843,0.535984,-0.0959352,0.0655119,0.104007,0.534476,-0.00751953,-0.0015625,-0.0138283,0,0,0,0,0,0,0,0,0,0,0,0,0.0474349,-0.0347551,0.0206834,0,0.166904,0,0,0,0,0,0,0,0,0,0,0,0,0,0,0,0,0,0,0,0,0,0,0,0,0,0
0,0,0,0,0,0,0,0,0,0,0,0,0,0,0,0,0,0,0,0,0,0,0,0,1.0339,1.15109,1.55572,-0.000200195,5.61523e-05,-0.000350475,-0.00465532,0.00531426,-0.022575,0.535992,-0.0970648,0.0657624,0.105137,0.534467,-0.00751953,-0.0015625,-0.0138283,0,0,0,0,0,0,0,0,0,0,0,0,0.0477394,-0.0349726,0.0209009,0,0.167949,0,0,0,0,0,0,0,0,0,0,0,0,0,0,0,0,0,0,0,0,0,0,0,0,0,0
0,0,0,0,0,0,0,0,0,0,0,0,0,0,0,0,0,0,0,0,0,0,0,0,1.0339,1.15108,1.55572,6.34766e-05,-0.000136719,0.000169277,-0.000988388,0.00665574,-0.0204941,0.536716,-0.099139,0.066011,0.107217,0.535161,0.00527344,-0.00385742,0.0103951,0,0,0,0,0,0,0,0,0,0,0,0,0.0470652,-0.0352119,0.0204877,0,0.168973,0,0,0,0,0,0,0,0,0,0,0,0,0,0,0,0,0,0,0,0,0,0,0,0,0,0
0,0,0,0,0,0,0,0,0,0,0,0,0,0,0,0,0,0,0,0,0,0,0,0,1.0339,1.15109,1.55571,-4.39453e-05,2.92969e-05,-0.000286102,-0.0046313,0.00538839,-0.0205018,0.537738,-0.100904,0.0657342,0.109004,0.536155,-0.00214844,0.00332031,-0.00910759,0,0,0,0,0,0,0,0,0,0,0,0,0.0475436,-0.0355164,0.0204007,0,0.169994,0,0,0,0,0,0,0,0,0,0,0,0,0,0,0,0,0,0,0,0,0,0,0,0,0,0
0,0,0,0,0,0,0,0,0,0,0,0,0,0,0,0,0,0,0,0,0,0,0,0,1.0339,1.15109,1.55569,-3.41797e-05,2.68555e-05,-0.000355244,-0.00240363,0.00412102,-0.0201176,0.537994,-0.101308,0.0649316,0.109422,0.536402,0.000195313,-4.88281e-05,-0.00138283,0,0,0,0,0,0,0,0,0,0,0,0,0.0472826,-0.0356469,0.020205,0,0.171004,0,0,0,0,0,0,0,0,0,0,0,0,0,0,0,0,0,0,0,0,0,0,0,0,0,0
0,0,0,0,0,0,0,0,0,0,0,0,0,0,0,0,0,0,0,0,0,0,0,0,1.03389,1.15109,1.55569,-0.000129395,0.000146484,7.15256e-06,-0.00174333,0.00611821,-0.0226035,0.537848,-0.101531,0.0648329,0.109643,0.536253,-0.0019043,0.00239258,0.00724792,0,0,0,0,0,0,0,0,0,0,0,0,0.0471522,-0.0359948,0.0204225,0,0.172025,0,0,0,0,0,0,0,0,0,0,0,0,0,0,0,0,0,0,0,0,0,0,0,0,0,0
0,0,0,0,0,0,0,0,0,0,0,0,0,0,0,0,0,0,0,0,0,0,0,0,1.03389,1.15109,1.55569,-0.000129395,0.000146484,7.15256e-06,-0.00199747,0.00459288,-0.0196092,0.537745,-0.101988,0.0659059,0.110098,0.536144,-0.0019043,0.00239258,0.00724792,0,0,0,0,0,0,0,0,0,0,0,0,0.0473044,-0.0359731,0.0200527,0,0.173028,0,0,0,0,0,0,0,0,0,0,0,0,0,0,0,0,0,0,0,0,0,0,0,0,0,0
0,0,0,0,0,0,0,0,0,0,0,0,0,0,0,0,0,0,0,0,0,0,0,0,1.0339,1.15109,1.55572,0.00015625,-0.00015625,0.000524521,-0.00173205,0.00385208,-0.0218342,0.5378,-0.102242,0.067092,0.110338,0.536197,0.00571289,-0.00605469,0.0103474,0,0,0,0,0,0,0,0,0,0,0,0,0.0470869,-0.0359513,0.0199222,0,0.174024,0,0,0,0,0,0,0,0,0,0,0,0,0,0,0,0,0,0,0,0,0,0,0,0,0,0
0,0,0,0,0,0,0,0,0,0,0,0,0,0,0,0,0,0,0,0,0,0,0,0,1.0339,1.15109,1.55572,1.70898e-05,5.61523e-05,1.19209e-05,-0.000554485,0.00363339,-0.0205363,0.537203,-0.102134,0.0677555,0.110222,0.535602,-0.0027832,0.00424805,-0.010252,0,0,0,0,0,0,0,0,0,0,0,0,0.0472826,-0.0356686,0.0199222,0,0.17502,0,0,0,0,0,0,0,0,0,0,0,0,0,0,0,0,0,0,0,0,0,0,0,0,0,0
4.16913,0,0,0,2.78969,1.10367,3.10153,55.7938,22.0735,62.0306,0,0,0,0,0,0,0,0,1115.88,441.47,1240.61,0,0,0,1.03391,1.15109,1.55573,0.000129395,-8.78906e-05,0.000143051,-0.00120532,0.00367796,-0.0225006,0.535908,-0.101769,0.0676982,0.109833,0.534314,0.00224609,-0.00288086,0.0026226,0,0,0,0,0,0,0,0,0,0,0,0,0.0469782,-0.0356034,0.0202485,0,0.176032,0,0,0,0,0,0,0,0,0,0,0,0,0,0,0,0,0,0,0,0,0,0,0,0,0,0
4.23165,0,0,0,2.78969,1.10367,3.1015,4.39453e-05,-8.78906e-05,-0.00064373,0,0,0,0,0,0,0,0,-1115.88,-441.472,-1240.62,0,0,0,1.03389,1.1511,1.55568,-0.000246582,0.000268555,-0.000844002,0.000623976,0.00437552,-0.0208114,0.534812,-0.101407,0.0673505,0.109478,0.533218,-0.00751953,0.00712891,-0.0197411,0,0,0,0,0,0,0,0,0,0,0,0,0.0467389,-0.0358643,0.0203572,0,0.17705,0,0,0,0,0,0,0,0,0,0,0,0,0,0,0,0,0,0,0,0,0,0,0,0,0,0
4.23165,0,0,0,2.78969,1.10367,3.1015,4.39453e-05,-8.78906e-05,-0.00064373,0,0,0,0,0,0,0,0,-1115.88,-441.472,-1240.62,0,0,0,1.03389,1.1511,1.55568,-0.000246582,0.000268555,-0.000844002,-0.00107274,0.00415944,-0.0213399,0.533923,-0.101119,0.0677695,0.109176,0.532334,-0.00751953,0.00712891,-0.0197411,0,0,0,0,0,0,0,0,0,0,0,0,0.0468912,-0.0357556,0.0201397,0,0.178057,0,0,0,0,0,0,0,0,0,0,0,0,0,0,0,0,0,0,0,0,0,0,0,0,0,0
4.29415,0,0,0,2.78969,1.10367,3.1014,-7.8125e-05,-1.70898e-05,-0.00191689,0,0,0,0,0,0,0,0,-0.00244141,0.00141602,-0.0254631,0,0,0,1.03389,1.15108,1.55574,-2.19727e-05,-0.000358887,0.00121117,-0.000421616,0.00238037,-0.0191289,0.533878,-0.101211,0.0686476,0.109235,0.532294,0.00449219,-0.0125488,0.0411034,0,0,0,0,0,0,0,0,0,0,0,0,0.0468912,-0.0356034,0.0200527,0,0.17906,0,0,0,0,0,0,0,0,0,0,0,0,0,0,0,0,0,0,0,0,0,0,0,0,0,0
4.35661,0,0,0,2.78969,1.10367,3.10151,2.92969e-05,5.37109e-05,0.00208855,0,0,0,0,0,0,0,0,0.00214844,0.00141602,0.0801086,0,0,0,1.0339,1.15108,1.55573,0.000227051,5.85937e-05,-0.000302792,-0.000949632,0.00112523,-0.0217455,0.534469,-0.101348,0.0684003,0.109389,0.532881,0.00498047,0.00834961,-0.0302792,0,0,0,0,0,0,0,0,0,0,0,0,0.0470217,-0.0353641,0.020031,0,0.180061,0,0,0,0,0,0,0,0,0,0,0,0,0,0,0,0,0,0,0,0,0,0,0,0,0,0
